product_name,price
Karpuz Kg,"₺69,50"
İthal Muz Kg,"₺115,90"
Portakal Kg,"₺39,50"
Limon Kg,"₺84,90"
Avokado Adet,"₺29,50"
Starking Elma Kg,"₺69,50"
Sıkma Portakal File Kg,"₺39,50"
Deveci Armut Kg,"₺79,50"
Yerli Muz Kg,"₺109,50"
Kivi Kg,"₺109,50"
Granny Smith Elma Kg,"₺109,50"
Santa Maria Armut Kg,"₺109,50"
Yaban Mersini Paket 125 G,"₺129,50"
Atıştırmalık Starking Elma 1 Kg,"₺54,90"
Atıştırmalık Golden Elma 1 Kg,"₺54,90"
Mango Adet,"₺55,90"
Hindistan Cevizi Adet,"₺64,90"
Patates Kg,"₺17,90"
Soğan Kg,"₺19,50"
Domates Kg,"₺119,50"
Çarliston Biber Paket 300 G,"₺52,90"
Salatalık Kg,"₺32,90"
Kokteyl Domates Paket 500 G,"₺119,50"
Mantar Tabak 300 G,"₺54,90"
Kırmızı Biber Paket 300 G,"₺84,90"
Sivri Biber Paket 300 G,"₺59,50"
Kızartmalık File Patates Kg,"₺29,50"
Şeker Domates Paket 250 G,"₺74,90"
Sarımsak File 200 G,"₺49,50"
Çengelköy Salatalık Paket 500 G,"₺39,50"
Patlıcan Kg,"₺54,90"
Dolma Biber Paket 300 G,"₺69,50"
Kabak Kg,"₺49,50"
Pembe Domates Paket 500 G,"₺129,50"
Köy Biber Paket 300 G,"₺69,50"
Şili Biber Paket 150 G,"₺54,90"
Pırasa Paket 500 G,"₺39,50"
Kereviz Kg,"₺59,50"
Pancar Paket 380 G,"₺79,50"
Havuç Paket 350 G,"₺29,50"
Maydanoz Adet,"₺27,90"
Kıvırcık Adet,"₺79,50"
Marul Göbek Adet,"₺84,90"
Kırmızı Lahana Kg,"₺79,50"
Marul Adet,"₺84,90"
Taze Soğan Adet,"₺59,50"
Dereotu Adet,"₺29,50"
Roka Adet,"₺29,50"
Nane Adet,"₺29,50"
Kombinet Dana Kıyma 400 G,"₺330,00"
Kombinet Dana Kuşbaşı 400 G,"₺309,00"
Beşler Dana Izgara Köfte 400 G,"₺269,00"
Baştacı Dana Döner 250 G,"₺205,00"
Gedik Piliç Kasap Köfte Dondurulmuş 1 Kg,"₺169,00"
Baştacı Dana Döner 250 G,"₺205,00"
Maret Dondurulmuş Soslu Dana Parmak Köfte 250 G,"₺69,50"
Kombinet Dana Kasap Köfte Dondurulmuş 450 G,"₺320,00"
Kombinet Dana Kuzu İnegöl Köfte Dondurulmuş 450 G,"₺320,00"
Kombinet Dana Kuzu Kaşarlı Köfte Dondurulmuş 450 G,"₺320,00"
Kombinet Dana İnegöl Köfte Dondurulmuş 450 G,"₺320,00"
Kombinet Dana Kasap Köfte Dondurulmuş 450 G,"₺320,00"
Kombinet Dana Kaşarlı Köfte Dondurulmuş 450 G,"₺320,00"
Kombinet Dana Kasap Köfte Dondurulmuş 450 G,"₺320,00"
Kombinet Dana Kaşarlı Köfte Dondurulmuş 450 G,"₺320,00"
Kombinet Dana İnegöl Köfte Dondurulmuş 450 G,"₺320,00"
Kombinet Dana Hamburger Köfte Dondurulmuş 225 G,"₺175,00"
Cemil Usta Dondurulmuş Dana Akçaabat Köfte 500 G,"₺299,00"
Akçasaray Dana Akçaabat Köfte Dondurulmuş 500 G,"₺399,00"
Bonfilet Dana Sulu Köfte Dondurulmuş 400 G,"₺79,50"
Ramiz Dana Köfte Dondurulmuş 500 G,"₺399,00"
Ettat Dana Döner 250 G,"₺165,00"
Beşler Dondurulmuş Dana İnegöl Köfte 500 G,"₺134,00"
Keskinoğlu Piliç Kasap Köfte Dondurulmuş 1 Kg,"₺169,00"
Pınar İllaki Dana Misket Köfte Dondurulmuş 390 G,"₺229,00"
Torku Dondurulmuş Dana & Kuzu Cızbız Köfte 390 G,"₺229,00"
Bonfilet Dondurulmuş Dana Steak Burger 400 G,"₺119,00"
Beşler Dana Döner Dondurulmuş 250 G,"₺235,00"
Maret Dana Döner Dondurulmuş 250 G,"₺235,00"
Maret Soslu Dana Döner Dondurulmuş 300 G,"₺169,00"
Namet Dana Soslu Parmak Köfte 250 G,"₺109,50"
Akşeker Dilimli Kuzu Kokoreç Dondurulmuş 200 G,"₺209,00"
Şampiyon Dilimli Kuzu Kokoreç Dondurulmuş 200 G,"₺209,00"
Ettat Kıyma Dana Dondurulmuş 1 Kg,"₺650,00"
Üstad Dana Roast Beef 80 G,"₺169,00"
Üstad Dana Füme Kuru Et 80 G,"₺179,00"
Torku Dana Kavurma 1 KG,"₺599,00"
Keskinoğlu Bütün Tavuk 1640 G,"₺205,00"
Besler Poşetli Bütün Tavuk 1650 G,"₺206,25"
Erpiliç Poşetli Bütün Piliç Dondurulmuş 2300 G,"₺274,85"
Besler Tavuk Bonfile 500 G,"₺144,50"
Besler Tavuk Kanat 550 G,"₺164,45"
Besler Tavuk Pirzola 500 G,"₺99,50"
Pınar Bütün Poşetli Hindi Dondurulmuş 6 Kg,"₺597,00"
İmren Poşetli Bütün Tavuk 1750 G,"₺218,75"
Erpiliç Dondurulmuş Piliç Sarma 1 Kg,"₺69,50"
"Banvit Piliç Baget Dondurulmuş 1,5 Kg","₺104,25"
Lezita Dondurulmuş Piliç Bonfile 700 G,"₺132,30"
Lezita Piliç But Izgara Dondurulmuş 1250 G,"₺223,75"
Gedik Tavuk Kalçalı But 750 G,"₺93,75"
Gedik Tavuk Taşlık 500 G,"₺55,00"
Gedik Tavuk Bonfile 750 G,"₺216,75"
Gedik Tavuk Baget 1200 G,"₺174,00"
Gedik Tavuk Kanat 750 G,"₺224,25"
Gedik Tavuk Pirzola 750 G,"₺149,25"
Gedik Tavuk Izgara Tavalık But 750 G,"₺231,75"
Lezita Dondurulmuş Tavuk Pirzola 1350 G,"₺80,33"
Gedik Bütün Tavuk Poşet 1800 G,"₺225,00"
Hastavuk Poşetli Bütün Tavuk 1600 G,"₺200,00"
Hastavuk Dondurulmuş Poşetli Bütün Piliç 2 Kg,"₺239,00"
Doyfarm Kalçalı Tavuk But 1 Kg,"₺125,00"
Banvit Bütün Tavuk 1425 G,"₺198,08"
Lezita Poşetli Bütün Tavuk 1600 G,"₺200,00"
Keskinoğlu Dondurulmuş Poşetli Bütün Piliç 2 Kg,"₺239,00"
Pınar Hindi Derili But Dondurulmuş 1 Kg,"₺129,00"
Lezita Poşetli Bütün Piliç Dondurulmuş 2750 G,"₺251,63"
Keskinoğlu Piliç Bütün Poşet Dondurulmuş 2 Kg,"₺239,00"
Aspiliç Poşetli Bütün Piliç Dondurulmuş 1800 G,"₺215,10"
Lezita Fırınlık Tavuk Dondurulmuş 3300 G,"₺305,25"
"Bupiliç Bütün Tavuk 1,3 Kg","₺180,70"
Doyfarm Poşetli Bütün Tavuk 1700 G,"₺212,50"
Bakpiliç Tavuk Bonfile 600 G,"₺173,40"
Bakpiliç Tavuk Baget 850 G,"₺123,25"
Bakpiliç Izgara Tavalık Tavuk But 600 G,"₺185,40"
Bakpiliç Tavuk Kanat 550 G,"₺164,45"
Bakpiliç Tavuk But İncik 600 G,"₺119,40"
Bakpiliç Tavuk Ciğer 550 G,"₺49,50"
Bakpiliç Tavuk Pirzola 600 G,"₺119,40"
Bakpiliç Tavuk Katı Taşlık 450 G,"₺49,50"
Bakpiliç Kalçalı Tavuk But 825 G,"₺103,13"
Bakpiliç Poşetli Bütün Tavuk 1800 G,"₺225,00"
Hastavuk Bütün Tavuk 1600 G,"₺222,40"
Gedik Dondurulmuş Bütün Piliç 2 Kg,"₺239,00"
"Bupiliç Poşetli Bütün Tavuk 1,7 Kg","₺212,50"
"Lezita Bütün Tavuk 1,5 Kg","₺208,50"
Keskinoğlu Bütün Tavuk 1350 G,"₺187,65"
Banvit Bütün Poşet Piliç Dondurulmuş 1900 G,"₺170,05"
Besler Tavuk Baget 1 Kg,"₺145,00"
Bupiliç Tavuk Baget 1 Kg,"₺145,00"
"Aspiliç Dondurulmuş Piliç Izgara But 1,2 KG","₺214,80"
İmren Izgara Tavalık Tavuk But 600 G,"₺185,40"
Doyfarm Tavuk Kanat 500 G,"₺149,50"
Bupiliç Tavuk Kanat 500 G,"₺149,50"
Hastavuk Dondurulmuş Tavuk Baget 1200 G,"₺107,40"
Hastavuk Izgara Tavalık Tavuk But 650 G,"₺200,85"
Doyfarm Tavuk But İncik 600 G,"₺119,40"
Keskinoğlu Tavuk Katı Taşlık 600 G,"₺66,00"
Besler Izgara Tavalık Tavuk But 500 G,"₺154,50"
Banvit Tavuk Ciğer 650 G,"₺58,50"
Hastavuk Tavuk Ciğer 700 G,"₺63,00"
Lezita Tavuk Ciğer 650 G,"₺58,50"
Bupiliç Tavuk Ciğer 700 G,"₺63,00"
Doyfarm Tavuk Ciğer 500 G,"₺45,00"
İmren Tavuk Ciğer 600 G,"₺54,00"
Bupiliç Tavuk Katı Taşlık 700 G,"₺77,00"
Hastavuk Kalçalı Tavuk But 700 G,"₺87,50"
Keskinoğlu Tavuk Ciğer 550 G,"₺49,50"
Bupiliç Kalçalı Tavuk But 1 Kg,"₺125,00"
Besler Tavuk Kalçalı But 750 G,"₺93,75"
Keskinoğlu Kalçalı Tavuk But 650 G,"₺81,25"
Lezita Tavuk Kalçalı But 1100 G,"₺137,50"
Lezita Tavuk But İncik 650 G,"₺129,35"
Besler Tavuk But İncik 750 G,"₺149,25"
Bupiliç Tavuk But İncik 700 G,"₺139,30"
Keskinoğlu Tavuk İncik But 600 G,"₺119,40"
İmren Tavuk Kanat 500 G,"₺149,50"
Erpiliç Piliç Izgara But Dondurulmuş 1 Kg,"₺179,00"
Gedik Tavuk Ciğer 500 G,"₺45,00"
Doyfarm Izgara Tavalık Tavuk But 750 G,"₺231,75"
Keskinoğlu Izgara Tavalık Tavuk But 600 G,"₺185,40"
Doyfarm Tavuk Baget 1250 G,"₺181,25"
Lezita Tavuk Baget 1150 G,"₺166,75"
Lezita Dondurulmuş Piliç Izgara Kanat 1 Kg,"₺179,00"
Lezita Tavuk Kanat 600 G,"₺179,40"
Lezita Piliç Baget Dondurulmuş 1 Kg,"₺109,50"
Doyfarm Tavuk Bonfile 750 G,"₺216,75"
Bupiliç Tavuk Pirzola 700 G,"₺139,30"
Keskinoğlu Tavuk Kanat 650 G,"₺194,35"
Lezita Tavuk Pirzola 700 G,"₺139,30"
Banvit Tavuk Katı Taşlık 650 G,"₺71,50"
İmren Tavuk Bonfile 850 G,"₺245,65"
Bupiliç Izgara Tavalık Tavuk But 600 G,"₺185,40"
Keskinoğlu Tavuk Pirzola 650 G,"₺129,35"
Keskinoğlu Tavuk Bonfile 675 G,"₺195,08"
Hastavuk Tavuk Kanat 550 G,"₺164,45"
Hastavuk Tavuk Bonfile 700 G,"₺202,30"
İmren Tavuk Baget 1 Kg,"₺145,00"
Lezita Bütün Poşet Piliç Dondurulmuş 1800 G,"₺164,70"
Lezita Izgara Tavalık Tavuk But 620 G,"₺191,58"
Pamukkale Kanat Piliç Dondurulmuş 1250 G,"₺49,38"
Hastavuk Tavuk Pirzola 600 G,"₺119,40"
Hastavuk Dondurulmuş Piliç Bonfile 1 Kg,"₺179,00"
Doyfarm Tavuk Pirzola 750 G,"₺149,25"
İmren Tavuk Kalçalı But 1 Kg,"₺125,00"
İmren Tavuk Pirzola 1 Kg,"₺199,00"
Bupiliç Tavuk Bonfile 600 G,"₺173,40"
Lezita Tavuk Bonfile 650 G,"₺187,85"
Hastavuk Tavuk Baget 1150 G,"₺166,75"
Keskinoğlu Tavuk Baget 850 G,"₺123,25"
İmren Tavuk But İncik 650 G,"₺129,35"
Hastavuk Tavuk Katı Taşlık 700 G,"₺77,00"
Aspiliç Dondurulmuş Piliç Bonfile 1 Kg,"₺189,00"
Doyfarm Tavuk Katı Taşlık 500 G,"₺55,00"
İmren Tavuk Katı Taşlık 650 G,"₺71,50"
Lezita Tavuk Katı Taşlık 900 G,"₺99,00"
Bonfes Piliç Döner 500 G,"₺145,00"
Gedik Piliç Döner Dondurulmuş 500 G,"₺205,00"
Keskinoğlu Piliç Döner 200 G,"₺89,00"
Dönerşah Dondurulmuş Piliç Döner 750 G,"₺119,00"
Lezita Piliç Nugget 300 G,"₺60,00"
Keskinoğlu Piliç Nugget 300 G,"₺60,00"
Gedik Piliç Nugget 300 G,"₺60,00"
Banvit Piliç Nugget 300 G,"₺60,00"
Keskinoğlu Piliç Çıtır Kova Dondurulmuş 850 G,"₺219,00"
Gedik Çıtır Piliç Burger Dondurulmuş 1020 G,"₺180,00"
Gedik Piliç Kroket Dondurulmuş 700 G,"₺99,00"
Lezita Izgara Dilimli Piliç Fileto 120 G,"₺54,50"
Banvit Piliç Şinitzel 700 G,"₺119,00"
Keskinoğlu Piliç Şinitzel 700 G,"₺119,00"
Lezita Piliç Çıtır Burger Dondurulmuş 990 G,"₺180,00"
Hastavuk Piliç Döner 200 G,"₺72,50"
Erpiliç Piliç Parmak Köfte 260 G,"₺69,00"
Erpiliç Piliç Döner Dondurulmuş 500 G,"₺169,00"
Banvit Piliç Çıtır Burger Dondurulmuş 1 Kg,"₺180,00"
Gedik Burger Piliç 1 Kg,"₺180,00"
Hastavuk Piliç Döner Dondurulmuş 500 G,"₺205,00"
Lezita Piliç Kebap 400 G,"₺82,50"
Banvit Piliç Kebap 400 G,"₺82,50"
Beşler Piliç Döner 500 G,"₺145,00"
Lezita Döner Soslu Piliç 500 G,"₺145,00"
Dönerşah Piliç Döner Dondurulmuş 500 G,"₺205,00"
Aspiliç Dondurulmuş Piliç Acılı Lokma 500 G,"₺89,50"
Lezita Piliç Kasap Köfte Dondurulmuş 1 Kg,"₺169,00"
Lezita Dondurulmuş Piliç Nugget 1 Kg,"₺139,50"
Keskinoğlu Piliç Kebap 400 G,"₺82,50"
Aspiliç Dondurulmuş Piliç Şinitzel 1 Kg,"₺89,50"
Erpiliç Dondurulmuş Piliç Soslu Kanat 1 Kg,"₺159,50"
Erpiliç Piliç Kasap Köfte Dondurulmuş 1 Kg,"₺169,00"
Lezita Piliç Şinitzel 700 G,"₺119,00"
Lezita Piliç Döner 200 G,"₺89,00"
Keskinoğlu Piliç Kroket Dondurulmuş 700 G,"₺55,00"
Aspiliç Piliç Şinitzel 700 G,"₺109,00"
Gedik Piliç Döner 200 G,"₺89,00"
Erpiliç Dondurulmuş Piliç Göynük Köfte 1 Kg,"₺109,00"
Gedik Piliç Acılı Kebap 400 G,"₺82,50"
Keskinoğlu Piliç Şinitzel Dondurulmuş 1000 G,"₺129,50"
Aspiliç Çıtır Piliç Burger Dondurulmuş 1000 G,"₺165,00"
Aspiliç Piliç Kasap Köfte Dondurulmuş 1 Kg,"₺155,00"
Aspiliç Dondurulmuş Piliç Nugget 1 Kg,"₺99,50"
Keskinoğlu Dondurulmuş Piliç Çıtır Filetom 700 G,"₺69,50"
Aspiliç Dondurulmuş Piliç Çıtır Fileto 500 G,"₺89,50"
Erpiliç Dondurulmuş Piliç Çıtır Fileto 700 G,"₺189,00"
Keskinoğlu Çıtır Piliç Burger Dondurulmuş 1000 G,"₺180,00"
Lezita Piliç Kroket Dondurulmuş 700 G,"₺59,50"
Doyfarm Piliç Döner 200 G,"₺89,00"
Hastavuk Piliç Bütün Göğüs Dondurulmuş 900 G,"₺98,55"
Şenpiliç Piliç Kök Kanat Dondurulmuş 920 G,"₺100,74"
Yıldız Çiftliği Piliç Pirzola Dondurulmuş 900 G,"₺98,55"
İmren Parmak Bonfile Tavuk 900 G,"₺233,10"
Bakpiliç Parmak Tavuk Bonfile Tabak 600 G,"₺155,40"
Gedik Parmak Bonfile Tavuk 550 G,"₺142,45"
Aspiliç Parmak Bonfile Tavuk 605 G,"₺156,70"
Gedik Poşetli Bütün Piliç Dondurulmuş 1650 G,"₺197,18"
Gedik Parmak Tavuk Bonfile Tabak 725 G,"₺187,78"
Keskinoğlu Parmak Tavuk Bonfile Tabak 980 G,"₺253,82"
Keskinoğlu Tavuk Kanat Tabak 810 G,"₺242,19"
Keskinoğlu Tavuk Bonfile Tabak 870 G,"₺251,43"
Keskinoğlu Tavuk But Izgara Tava 810 G,"₺250,29"
Keskinoğlu Baget Tavuk Tabak 830 G,"₺120,35"
Keskinoğlu Tavuk Kalçalı But Tabak 840 G,"₺105,00"
Keskinoğlu Tavuk Pirzola Tabak 800 G,"₺159,20"
Lezita Piliç Jumbo Fileto Dondurulmuş 700 G,"₺155,00"
Gedik Soslu Piliç Döner 500 G,"₺145,00"
Gedik Izgara Tava Tavuk But 725 G,"₺224,03"
Gedik Tavuk Bonfile 725 G,"₺209,53"
Gedik Kalçalı Tavuk But 725 G,"₺90,63"
Gedik Tavuk Pirzola 725 G,"₺144,28"
Gedik Tavuk Kanat 725 G,"₺216,78"
Gedik Tavuk Baget 725 G,"₺105,13"
Şenpiliç Dondurulmuş Piliç Ciğer 450 G,"₺26,78"
Bahar Poşetli Bütün Hindi Dondurulmuş 5500 G,"₺1.039,50"
Keskinoğlu Piliç Çıtır Bonfile Dondurulmuş 700 G,"₺149,50"
Bupiliç Parmak Bonfile Tavuk 650 G,"₺168,35"
Besler Parmak Bonfile Tavuk 550 G,"₺142,45"
Aspiliç Piliç Ciğer Dondurulmuş 650 G,"₺38,68"
Bakpiliç Dondurulmuş Piliç Ciğer 500 G,"₺24,75"
Lezita Parmak Bonfile Tavuk 670 G,"₺173,53"
Aspiliç Piliç Nugget 300 G,"₺55,00"
Aspiliç Piliç Kebap 400 G,"₺75,00"
Lezita Dondurulmuş Piliç Döner 1000 G,"₺249,00"
Bonfes Dondurulmuş Piliç Döner 1 Kg,"₺209,00"
Lezita Dondurulmuş Piliç Şinitzel 1080 G,"₺139,50"
Keskinoğlu Parmak Bonfile Tavuk 670 G,"₺173,53"
Banvit Piliç Bonfile Dondurulmuş 900 G,"₺170,10"
Balık Dünyası Somon Dilim Dondurulmuş 440 G,"₺149,50"
Balık Dünyası Dondurulmuş Temizlenmiş Hamsi 500 G,"₺109,50"
Dardanel Somon Füme 80 G,"₺69,50"
Erba Dilimli Somon Dondurulmuş 500 G,"₺95,00"
Balık Dünyası Dondurulmuş Temizlenmiş Levrek 800 G,"₺245,00"
Erba Dondurulmuş Ringa Fileto 500 G,"₺69,50"
Moresea %50 Glaze Et Karides Dondurulmuş 400 G,"₺139,50"
Lazsom Somon Füme 55 G,"₺65,00"
Üstad Dana Füme Sosis 300 G,"₺289,00"
Üstad Dana Kangal Sucuk 400 G,"₺429,00"
Torku Dana Kangal Sucuk 450 G,"₺259,00"
Şahin Dana Parmak Sucuk 140 G,"₺125,00"
Maret Dana Kangal Sucuk 500 G,"₺339,00"
Beşler Dana Kangal Sucuk 450 G,"₺295,00"
Beşler Dana Kangal Sucuk 350 G,"₺349,00"
Beşler Dana Kasap Sucuk 400 G,"₺289,00"
Baştacı Dana Dilimli Sucuk 250 G,"₺209,00"
Baştacı Dana Kangal Sucuk 250 G,"₺189,00"
Baştacı Dana Baton Sucuk 350 G,"₺263,00"
Başyazıcı Dana Evlik Sucuk 400 G,"₺379,00"
Özlem Dana Parmak Sucuk 400 G,"₺239,00"
Aspiliç Dilimli Piliç Sucuk 400 G,"₺85,00"
Vanet Piliç Kangal Sucuk 400 G,"₺73,50"
Gedik Dilimli Piliç Sucuk 400 G,"₺95,00"
Gedik Piliç Kangal Sucuk 250 G,"₺59,00"
Vanet Isıl İşlemli Piliç Kangal Sucuk 250 G,"₺59,00"
Sultan Piliç Dilimli Sucuk 400 G,"₺95,00"
Banvit Piliç Kangal Sucuk 250 G,"₺59,00"
Banvit Piliç Dilimli Sucuk 400 G,"₺95,00"
Aspiliç Piliç Kangal Sucuk 250 G,"₺52,50"
Lezita Piliç Kangal Sucuk 250 G,"₺59,00"
Lezita Dilimli Piliç Sucuk 400 G,"₺95,00"
Aspiliç Piliç Büfe Sucuk 450 G,"₺93,50"
Doyfarm Piliç Büfe Sucuk 450 G,"₺103,50"
Gedik Piliç Büfe Sucuk 450 G,"₺103,50"
Lezita Piliç Büfe Sucuk 450 G,"₺103,50"
Lezita Bi’Lezzetli Piliç Salam 1 Kg,"₺79,50"
Vanet Piliç Büfe Sucuk 450 G,"₺103,50"
Pınar Aç Bitir Dana Dilimli Macar Salam 50 G,"₺36,50"
Pınar Lezzet Keyfi Hindi Salam 75 G,"₺21,50"
Namet 7/24 Fıstıklı Hindi Salam 2x50 G,"₺27,50"
Baştacı Mini Dana Dilimli Salam 60 G,"₺42,50"
Polonez Hindi Fıstıklı Salam 2x90 G,"₺69,50"
Baştacı Mini Hindi Dilimli Salam 75 G,"₺19,00"
Polonez Piliç Jambon 2x60 G,"₺29,50"
Lezita Dilimli Piliç Salam 60 G,"₺20,00"
Lezita Piliç Füme Salam 60 G,"₺27,50"
Polonez Piliç Füme 60 G,"₺27,50"
Polonez Piliç Dilimli Salam 60 G,"₺20,00"
Banvit Piliç Dilimli Salam 60 G,"₺20,00"
Banvit Piliç Salam 850 G,"₺105,00"
Lezita Piliç Salam 250 G,"₺35,00"
Gedik Piliç Salam 850 G,"₺105,00"
Aspiliç Piliç Salam 850 G,"₺95,00"
Keskinoğlu Piliç Salam 250 G,"₺35,00"
Keskinoğlu Piliç Salam 850 G,"₺105,00"
Banvit Piliç Büfe Sucuk 450 G,"₺103,50"
Doyfarm Piliç Salam 850 G,"₺105,00"
Aspiliç Piliç Salam 1 Kg,"₺69,50"
Vanet Piliç Salam 850 G,"₺89,25"
Beşler Dana Macar Salam 240 G,"₺109,00"
Pınar Jumbo Hindi Füme Sosis 265 G,"₺39,00"
Aspiliç Piliç Kokteyl Sosis 500 G,"₺77,50"
Namet 7/24 Hindi Kokteyl Sosis 140 G,"₺17,50"
Aspiliç Piliç Kokteyl Sosis 1 Kg,"₺89,00"
Gedik Piliç Kokteyl Sosis 500 G,"₺85,00"
Beşler Piliç Kokteyl Sosis 280 G,"₺76,50"
Lezita Piliç Kokteyl Sosis 1 Kg,"₺95,00"
Doyfarm Piliç Kokteyl Sosis 500 G,"₺85,00"
Pınar Aç Bitir Hindi Kokteyl Sosis 170 G,"₺68,50"
Maret Dana Uzun Sosis 210 G,"₺149,00"
Banvit Piliç Kokteyl Sosis 500 G,"₺85,00"
Keskinoğlu Piliç Kokteyl Sosis 500 G,"₺85,00"
Namet 7/24 Piliç Füme Salam 60 G,"₺27,50"
Torku Dana Kavurma 100 G,"₺79,00"
Bonfilet Dana Kavurma 150 G,"₺189,00"
Baştacı Dana Kavurma 150 G,"₺249,00"
Maret Dana Kavurma 100 G,"₺149,50"
Melek Dana Çemensiz Pastırma 80 G,"₺119,00"
Polonez Çemeni Sıyrılmış Dana Pastırma 150 G,"₺119,00"
Şahin Kurutulmuş Dana Füme Et 100 G,"₺159,00"
Cumhuriyet Dana Kangal Sucuk 350 G,"₺530,00"
Torku Dana Kangal Sucuk 350 G,"₺435,00"
Torku Dana Kasap Sucuk 400 G,"₺289,00"
Namet Dana Mangal Sucuk 350 G,"₺335,00"
Namet Dana Parmak Sucuk 280 G,"₺235,00"
Namet Dana Kangal Sucuk 280 G,"₺235,00"
Keskinoğlu Dilimli Piliç Sucuk 400 G,"₺95,00"
Erpiliç Dilimli Piliç Sucuk 500 G,"₺89,50"
Beşler Piliç Kangal Sucuk 400 G,"₺99,00"
Keskinoğlu Piliç Kangal Sucuk 250 G,"₺59,00"
Şahin Dana Parmak Sucuk 320 G,"₺525,00"
Keskinoğlu Piliç Büfe Sucuk 450 G,"₺103,50"
Pınar Aç Bitir Hindi Dilimli Salam 70 G,"₺39,50"
Namet 7/24 Dilimli Dana Macar Salam 50 G,"₺39,50"
Namet Hindi Füme 110 G,"₺54,00"
Torku Dana Dilimli Macar Salam 60 G,"₺47,50"
Polonez Hindi Füme 2x50 G,"₺32,50"
Banvit Piliç Salam 250 G,"₺35,00"
Pınar Lezzet Keyfi Hindi Salam 500 G,"₺97,50"
Erpiliç Piliç Salam 250 G,"₺35,00"
Banvit Piliç Jumbo Sosis 330 G,"₺93,50"
Namet 7/24 Dana Jambon 50 G,"₺47,50"
Polonez Dana Jambon 50 G,"₺47,50"
Beşler Dana Jambon 50 G,"₺47,50"
Baştacı Dana Kavurma 150 G,"₺249,00"
Baştacı Çemensiz Dana Pastırma 120 G,"₺289,00"
Şahin Çemeni Sıyrılmış Dana Pastırma 80 G,"₺319,00"
Bonfilet Dana Kavurma 1 Kg,"₺879,00"
Keskinoğlu Piliç Jumbo Sosis 330 G,"₺85,00"
Cumhuriyet Dana Çemensiz Pastırma 90 G,"₺169,00"
Torku Dana Dilimli Macar Salam 3x50 G,"₺89,50"
Doyfarm Piliç Salam 1 Kg,"₺69,50"
Özlem Dana Kangal Sucuk 500 G,"₺179,50"
Özlem Dana Jambon 50 G,"₺37,50"
Pınar Dana Kangal Sucuk 450 G,"₺349,00"
Pınar Lezzet Keyfi Hindi Salam 900 G,"₺139,50"
Pınar Açbitir Dana Kangal Sucuk 75G,"₺27,50"
Banvit Piliç Kokteyl Sosis 1 Kg,"₺99,50"
Pınar Lezzet Keyfi Hindi Uzun Sosis 430 G,"₺97,50"
Lezita Piliç Salam 850 G,"₺105,00"
Lezita Piliç Kokteyl Sosis 500 G,"₺85,00"
Doyfarm Piliç Kokteyl Sosis 1 Kg,"₺99,00"
Maret Hindi Büfe Salam 500 G,"₺97,50"
İkbal Dana Kangal Sucuk 300 G,"₺209,00"
Melek Dana Parmak Sucuk 500 G,"₺289,00"
Akşeker Dana Kangal Sucuk 450 G,"₺289,00"
Polonez Zeytinyağlı & Otlu Piliç Füme 150 G,"₺35,00"
Pınar Gurme But Etli Hindi Füme 110 G,"₺69,50"
Pınar Aç Bitir Hindi Füme 60 G,"₺27,50"
Polonez Hindi Jambon 2x50 G,"₺42,50"
Namet Fıstıklı Hindi Salam 50 G,"₺24,50"
Polonez Dilimli Piliç Salam 150 G,"₺29,50"
Namet Dilimli Dana Salam 150 G,"₺89,50"
"Torku %0,5 Yağlı Süt 4x1 L","₺249,00"
Birşah Tam Yağlı Süt 1 L,"₺59,75"
Birşah Yağsız Süt 1 L,"₺33,50"
Birşah Süt %1 Yağlı 1 L,"₺27,50"
Birşah Laktozsuz Süt 1 L,"₺59,00"
Birşah Pastörize Yağlı Süt 1 L,"₺49,50"
"Torku %3,3 Yağlı Süt 1 L","₺49,50"
Pınar Çocuk Sütü 200 Ml,"₺31,90"
Pınar Çocuk Sütü 500 Ml,"₺57,50"
Sütaş %1 Yağlı Süt 1 L,"₺44,50"
Pınar Yağlı Süt 1 L,"₺75,00"
Sütaş Tam Yağlı Süt 1 L,"₺65,00"
Pınar Yarım Yağlı Süt 1 L,"₺64,50"
Danone Laktozsuz Süt 1 L,"₺69,50"
Pınar Laktozsuz Süt 4x1 L,"₺145,00"
Pınar Organik Süt 1 L,"₺49,50"
Sütaş Laktozsuz Süt 200 ml,"₺19,50"
Pınar Yarım Yağlı Süt 500 ml,"₺24,95"
Torku Yarım Yağlı Süt 200 ml,"₺11,50"
Pınar Süt 200 ml,"₺26,00"
"Sütaş %2,5 Yağlı Süt 6x180 ml","₺65,00"
Pınar Yarım Yağlı Süt 200 ml,"₺24,50"
Pınar Çocuk Devam Sütü 1 L,"₺49,50"
Milkten Milkino Çocuk Sütü 200 ml,"₺17,50"
Sek Çikolatalı Pastörize Süt 1 L,"₺49,50"
Sütaş Latte Kahveli Sütlü İçecek 1 L,"₺59,50"
Sütaş Çilekli Süt 200 ml,"₺17,95"
Sütaş Çikolatalı Süt 200 ml,"₺17,95"
Pınar Kido Karamelli Süt 180 ml,"₺8,50"
Torku Miniki Kakaolu Süt 180 ml,"₺11,50"
Torku Miniki Muzlu Süt 180 ml,"₺11,50"
Torku Miniki Çilekli Süt 180 ml,"₺11,50"
Birşah Milkino Kakaolu Süt 200 ml,"₺15,50"
Birşah Milkino Muzlu Süt 200 ml,"₺15,50"
Birşah Milkino Çilekli Süt 200 ml,"₺15,50"
Pınar Kido Kakaolu Süt 180 ml,"₺21,50"
Pınar Kido Muzlu Süt 180 ml,"₺21,50"
Pınar Kido Çilekli Süt 180 ml,"₺21,50"
Danone Kakaolu Süt 6x180 ml,"₺65,00"
Danone Çilekli Süt 6x180 ml,"₺65,00"
Sütaş Çikolatalı Süt 6x180 ml,"₺65,00"
Sütaş Çilekli Süt 6x180 ml,"₺65,00"
Danone Kakaolu Süt 180 ml,"₺19,50"
Danone Çilekli Süt 180 ml,"₺19,50"
Sek Yarım Yağlı Süt 180 ml,"₺13,50"
Sek Muzlu Süt 180 ml,"₺11,50"
Sek Çilek Aromalı Süt 180 ml,"₺13,50"
Torku Coco Tropico Beyaz Çikolatalı Hindistan Cevizi Aromalı Sütlü İçecek 230 ml,"₺44,50"
Sek Kakaolu Süt 180 ml,"₺13,50"
Torku Banada Çikolatalı Süt 230 ml,"₺44,50"
İçim Çikolatalı Pastörize Süt 1 L,"₺79,50"
Sek Çikolatalı Pastörize Süt 200 ml,"₺16,95"
Tazelen Whey Protein İçeceği Kahveli 300 ml,"₺59,50"
Pınar Protein Vanilya Aromalı Süt 500 ml,"₺52,50"
Sek Çilekli Milkshake 330 ml,"₺37,50"
Sek Salep 1 L,"₺39,00"
Pınar Protein Kakaolu Laktozsuz Süt 500 ml,"₺58,00"
Sütaş Salep 1 L,"₺69,50"
Sek Latte Kahveli Sütlü İçecek 330 ml,"₺39,50"
Sek Protein Kakaolu Laktozsuz Süt 330 ml,"₺59,50"
Sek Kahveli Sütlü İçecek Karamel Macchiato 330 ml,"₺59,50"
Nestle Toz Salep 210 G,"₺65,00"
Birşah Yarım Yağlı Süt 1 L,"₺41,00"
"Birşah %3,1 Yağlı Süt 1 L","₺49,75"
Torku Yarım Yağlı Süt 1 L,"₺59,50"
"Sütaş %2,5 Yağlı Süt 1 L","₺57,50"
İçim Laktozsuz Süt 1 L,"₺59,50"
Torku Laktozsuz Süt 1 L,"₺59,50"
Sütaş Laktozsuz Süt 1 L,"₺59,50"
Birşah Süt 200 ml,"₺14,50"
İçim Yarım Yağlı Süt 200 ml,"₺22,50"
"Yörsan %0,5 Yağlı Süt 4x1 L","₺119,50"
Moova Süt 1 L,"₺39,50"
Moova Yarım Yağlı Süt 1 L,"₺32,50"
Tikveşli Salepli Süt 970 ml,"₺29,50"
Pınar Nature Blend Bitkisel Bazlı Badem İçeceği 1 L,"₺69,50"
Torku Kavunlu Laktozsuz Süt 230 ml,"₺29,50"
İçim Yüksek Proteinli Süt 1 L,"₺49,00"
Birşah Milkino Kakaolu Süt 6x200 ml,"₺57,50"
Birşah Milkino Çilekli Süt 6x200 ml,"₺57,50"
Sütaş Yarım Yağlı Süt 4x1 L,"₺129,00"
Danone Kakaolu Süt 9x180 ml,"₺85,00"
Sütaş Yarım Yağlı Süt 1 L,"₺45,00"
Sek Laktozsuz Süt 1 L,"₺39,50"
Abalı Çiftliği Yumurta M Boy 30'lu 53-62 G,"₺139,00"
Gezen Tavuk Yumurtası M Boy 10'lu,"₺95,00"
Abalı Çiftliği Yumurta XL Boy 20'li,"₺149,00"
Yumurta 20'li XL 73 G,"₺149,00"
Organik Yumurta 10'lu M 53-62 G,"₺108,00"
Abalı Çiftliği Yumurta L Boy 15'li,"₺79,00"
Kumartaşlı Yumurta XL Boy 20'li,"₺149,00"
Türem Yumurta XL Boy 20'li,"₺149,00"
Bilken Yumurta XL Boy 20'li,"₺149,00"
Riva Yumurta 20'li XL 73 G,"₺179,00"
Bıldır Bıldır Bıldırcın Yumurtası 12'li,"₺55,00"
Yeniköy Çiftliği Yumurta XL Boy 20'li,"₺149,00"
Şişman Yumurta XL Boy 20'li 73 G,"₺149,00"
Kabbuk Yumurta XL 20'li 73 G,"₺149,00"
MNS XL Yumurta 20'li 73 G,"₺149,00"
Evrenkaya Yumurta 20'li 73 G,"₺179,00"
Omega-3 Yumurta M 6'lı,"₺32,50"
Yumurta L Boy 15'li,"₺79,00"
Yumurta M Boy 30'lu,"₺87,50"
Ercanlar Yumurta XL Boy 20'li,"₺149,00"
Keskinoğlu Yumurta XL Boy 20'li,"₺149,00"
Güres Bıldırcın Yumurtası 12'li,"₺55,00"
Coşkun Yumurta XL Boy 20'li,"₺149,00"
Güres XL Yumurta 20'li 73 G,"₺149,00"
Üstad Tam Yağlı Olgunlaştırılmış Beyaz Peynir 500 G,"₺279,00"
Üstad Tam Yağlı Olgunlaştırılmış Ezine Peyniri 350 G,"₺179,00"
Peynes Süzme Yarım Yağlı Taze Beyaz Peynir 1 Kg,"₺139,00"
Muratbey Sürmeli Tam Yağlı Taze Peynir 700 G,"₺249,00"
Ahir Tam Yağlı Olgunlaştırılmış Klasik İnek Peyniri 600 G,"₺239,00"
Bahçıvan Yarım Yağlı Süzme Beyaz Peynir 750 G,"₺125,00"
Pınar Kahvaltı Keyfi Tam Yağlı Beyaz Peynir 800 G,"₺199,00"
Ahir Beyaz Peynir 250 G,"₺45,00"
Bozbeyi 3 Tat Klasik Peynir 525 G,"₺299,00"
Torku Yarım Yağlı Süzme Beyaz Peynir 750 G,"₺179,00"
Torku Yarım Yağlı Süzme Peynir 850 G,"₺149,00"
Taciroğlu İnek Klasik Beyaz Peynir 500 G,"₺159,00"
Peynes Tam Yağlı Taze Beyaz Peynir 750 G,"₺169,50"
Sek Dilimli Klasik İnek Beyaz Peyniri 450 G,"₺175,00"
Kaanlar Az Yağlı Taze Peynir 1 Kg,"₺219,00"
Bahçıvan Tam Yağlı Süzme Peynir 500 G,"₺99,50"
Kuzucu Az Yağlı Beyaz Peynir 1 Kg,"₺125,00"
Teksüt Tam Yağlı Yumuşak Kıvamlı Beyaz Peynir 750 G,"₺149,00"
Bozbeyi İnek Gurme Klasik Peynir 600 G,"₺299,00"
Bozbeyi Lokum Klasik Beyaz Peyniri 350 G,"₺154,50"
Bozbeyi 3 Tat Klasik Peynir 525 G,"₺299,00"
Bozbeyi Tam Yağlı Olgunlaştırılmış İnek Peyniri 600 G,"₺219,00"
Bozbeyi Olgunlaştırılmış Klasik İnek Peyniri 300 G,"₺139,00"
Bozbeyi Klasik Koyun Beyaz Peynir 350 G,"₺185,00"
Bozbeyi Klasik Koyun Beyaz Peynir 350 G,"₺185,00"
Bozbeyi Klasik Keçi Beyaz Peynir 350 G,"₺185,00"
Bozbeyi Klasik Keçi Beyaz Peynir 350 G,"₺185,00"
Pınar Tam Yağlı Süzme Beyaz Peynir 250 G,"₺92,50"
Ahir Yarım Yağlı Beyaz Peynir 1500 G,"₺179,00"
Ahir Yarım Yağlı Beyaz Peynir 1 Kg,"₺159,00"
Peynes Süzme Tam Yağlı Taze Beyaz Peynir 1 Kg,"₺225,00"
Yörükoğlu Süzme Beyaz Peynir 400 G,"₺120,00"
İçim Tam Yağlı Süzme Peynir 750 G,"₺229,00"
Altınkılıç Tam Yağlı Olgunlaştırılmış İnek Peyniri 500 G,"₺179,50"
Ekici Tam Yağlı Süzme Peynir 1 KG,"₺259,00"
Sütaş Tam Yağlı Süzme Peynir 1 Kg,"₺229,00"
Ahir Yarım Yağlı Taze Beyaz Peynir 900 G,"₺299,00"
Tahsildaroğlu Olgunlaştırılmış Kırık Beyaz Peynir 400 G,"₺125,00"
Ahir Tam Yağlı Taze Beyaz Peynir 750 G,"₺159,00"
Bozbeyi Gurme Klasik İnek Peyniri 600 G,"₺299,00"
Bozbeyi 3 Tat Klasik Peynir 525 G,"₺299,00"
İçim Tam Yağlı Taze Beyaz Peynir 900 G,"₺249,00"
Pınar Tam Yağlı Süzme Beyaz Peynir 1 Kg,"₺219,00"
Muratbey Misto Peynir 200 G,"₺149,00"
Kaanlar Olgunlaştırılmış Klasik İnek Beyaz Peynir 600 G,"₺189,00"
Bozbeyi Klasik Koyun Beyaz Peyniri 350 G,"₺185,00"
Bozbeyi Klasik Keçi Beyaz Peynir 350 G,"₺185,00"
Bozbeyi Klasik Koyun Beyaz Peynir 350 G,"₺185,00"
Bozbeyi Klasik 3 Tat Peynir 525 G,"₺299,00"
Bozbeyi Klasik Keçi Beyaz Peynir 350 G,"₺185,00"
Bozbeyi Gurme Klasik İnek Peyniri 600 G,"₺299,00"
Sütaş Tam Yağlı Beyaz Peynir 700 G,"₺229,00"
Ahir Tam Yağlı Taze Beyaz Peynir 1 Kg,"₺245,00"
Peynes Süzme Tam Yağlı Taze Beyaz Peynir 500 G,"₺109,00"
Pınar Yarım Yağlı Süzme Peynir 1 Kg,"₺265,00"
Ünal Olgunlaştırılmış Klasik İnek Peyniri 600 G,"₺299,00"
Ahir Yarım Yağlı Beyaz Peynir 650 G,"₺149,00"
Torku Tam Yağlı Süzme Beyaz Peynir 450 G,"₺89,00"
Torku Tam Yağlı Beyaz Peynir 1 Kg,"₺299,00"
Ezine Çiftliği Olgunlaştırılmış Klasik İnek Peyniri 600 G,"₺279,00"
Pınar Tam Yağlı Süzme Peynir 500 G,"₺179,50"
Kaanlar Trakya Tam Yağlı Beyaz Peynir 1 Kg,"₺299,00"
Ahir Az Yağlı Taze Peynir 1 Kg,"₺179,00"
Sütaş Yarım Yağlı Süzme Beyaz Peynir 1 Kg,"₺169,00"
Kaanlar Beyaz Peynir 1 Kg,"₺219,00"
Sek Tam Yağlı Beyaz Peynir 800 G,"₺249,00"
Bozbeyi Olgunlaştırılmış Klasik İnek Peyniri 450 G,"₺169,00"
Torku Tam Yağlı Süzme Peynir 750 G,"₺229,00"
Sek Tam Yağlı Olgunlaştırılmış Beyaz Peynir 500 G,"₺179,00"
Kaanlar Tam Yağlı Taze Beyaz Peynir 400 G,"₺109,50"
Bahçıvan Laktozsuz Süzme Peynir 500 G,"₺119,00"
Yörsan Tam Yağlı Beyaz Peynir 750 G,"₺169,00"
Ekici Tam Yağlı Beyaz Peynir 800 G,"₺255,00"
Tahsildaroğlu Tam Yağlı Beyaz Peynir 750 G,"₺199,50"
Peynir Atölyesi Olgunlaştırılmış Klasik İnek Peyniri 500 G,"₺179,00"
Bahçıvan Tam Yağlı Taze Beyaz Peynir 900 G,"₺190,00"
Ünal Klasik Dilimli Beyaz Peynir 450 G,"₺179,00"
Altınkılıç Tam Yağlı Olgunlaştırılmış Otlu Beyaz Peynir 250 G,"₺129,50"
Yörsan Tam Yağlı Süzme Beyaz Peynir 1 Kg,"₺199,00"
Muratbey Plus Sürülebilir Kaymaklı Tam Yağlı Taze Peynir 200 G,"₺89,50"
Teksüt Tam Yağlı Beyaz Peynir 900 G,"₺199,00"
Taciroğlu Tam Yağlı Taze Tava Beyaz Peyniri 600 G,"₺149,00"
Tahsildaroğlu Olgunlaştırılmış Klasik İnek Peyniri 450 G,"₺219,00"
Üstad Göbek Kaşar Peyniri 400 G,"₺235,00"
Üstad Eski Kaşar Peyniri 250 G,"₺129,00"
Torku Tam Yağlı Tost Peyniri 1 Kg,"₺539,00"
Tarabya Tam Yağlı Dilimli Tost Peyniri 700 G,"₺225,00"
Tarabya Tam Yağlı Taze Kaşar Peyniri 1 Kg,"₺425,00"
Tarabya Yarım Yağlı Dilimli Tost Peyniri 1200 G,"₺349,00"
"Bahçıvan Yarım Yağlı Tost Peyniri 1,5 Kg","₺379,00"
Yörükoğlu Yarım Yağlı Dilimli Tost Peyniri 1 Kg,"₺249,00"
Bahçıvan Yarım Yağlı Dilimli Tost Peyniri 1 Kg,"₺329,00"
Bahçıvan Tam Yağlı Tost Peyniri 1 Kg,"₺179,00"
Otat Vadim Yarım Yağlı Tost Peynir 2 Kg,"₺329,00"
Bahçıvan Dilimli Tost Peyniri 225 G,"₺89,00"
Pınar Dilimli Tost Peyniri 200 G,"₺82,00"
Yörükoğlu Kaşar Peyniri 500 G,"₺265,00"
Muratbey Tam Yağlı Taze Kaşar Peyniri 1 Kg,"₺499,00"
Eker Dilimli Tost Peyniri 350 G,"₺109,00"
Tarabya Tam Yağlı Taze Kaşar Peyniri 225 G,"₺79,50"
Ünal Eski Kaşar Peyniri 250 G,"₺199,00"
İçim Tam Yağlı Tost Peyniri 700 G,"₺349,00"
Pınar Dilimli Cheddar Peyniri 200 G,"₺99,00"
Torku Tam Yağlı Tost Peyniri 400 G,"₺119,00"
Tarabya Dilimli Tost Peyniri 75 G,"₺35,00"
Ahir Tam Yağlı Tost Peyniri 1 Kg,"₺399,00"
"Ahir Yarım Yağlı Tost Peyniri 1,5 Kg","₺399,00"
Tarabya Tam Yağlı Dilimli Tost Peyniri 350 G,"₺149,00"
Tarabya Tam Yağlı Taze Kaşar Peyniri 700 G,"₺289,00"
Tarabya Tam Yağlı Taze Kaşar Peyniri 500 G,"₺210,00"
Ahir Tam Yağlı Tost Peyniri 400 G,"₺160,00"
İçim Kaşar Peyniri 500 G,"₺279,00"
Altınkılıç Eski Kaşar Peyniri 250 G,"₺180,00"
Sütaş Kaşar Peyniri 500 G,"₺289,00"
Torku Tam Yağlı Tost Peyniri 600 G,"₺325,00"
Torku Dilimli Burger Peyniri 200 G,"₺159,00"
Altınkılıç Kaşar Peynir 600 G,"₺189,00"
Altınkılıç Ezine Çiftliği Yarım Yağlı Tost Peyniri 1 Kg,"₺289,00"
Tarabya Tam Yağlı Dilimli Tost Peyniri 500 G,"₺209,00"
Altınkılıç Tam Yağlı Taze Kaşar Peyniri 1 Kg,"₺389,00"
Sütaş Tam Yağlı Taze Kaşar Peyniri 1 Kg,"₺389,00"
Teksüt Yarım Yağlı Dilimli Kaşar Peyniri 350 G,"₺159,00"
Milkten Sürülebilir Taze Peynir 200 G,"₺62,50"
Milkten Üçgen Peynir 8x15 G,"₺49,50"
Pınar Labne 180 G,"₺89,50"
Sütaş Sürülebilir Labne Peynir 400 G,"₺79,50"
Pınar Cheddar Krem Peynir 270 G,"₺59,50"
"Karper Üçgen Peynir 24x12,5 G","₺99,50"
"La Vache Qui Rit Üçgen Peynir 24x12,5 G","₺115,00"
Milkten Sürülebilir Labne Peynir 700 G,"₺119,00"
Sek Beyaz Sürülebilir Peynir 150 G,"₺45,00"
Akbel Labne Sürülebilir Peynir 3x180 G,"₺79,50"
Torku Labne Peynir 3x180 G,"₺249,00"
Torku Krem Peynir 400 G,"₺79,00"
La Vache Quirit Sürülebilir Lor Peynir 150 G,"₺59,00"
Milkten Labne 3x180 G,"₺109,50"
Peysan Beyaz Sürülebilir Peynir 2x150 G,"₺49,00"
Ekici Krem Peynir 400 G,"₺129,00"
Ülker Çikolatalı Sürülebilir Peynir 400 G,"₺35,00"
Ahir Kaymaklı Sürülebilir Peynir 700 G,"₺109,00"
Pınar Sürülebilir Beyaz Peynir 2x180 G,"₺99,00"
"Ekici Üçgen Peynir 8x12,5 G","₺50,00"
Milkten Çikolatalı Labne 200 G,"₺45,00"
Pınar Labne 750 G,"₺179,00"
Pınar Labne 400 G,"₺140,00"
Bahçıvan Labne 3x180 G,"₺249,00"
Pınar Beyaz Sürülebilir Taze Peynir 350 G,"₺85,00"
"La Vache Qui Rit Üçgen Peynir 8x12,5 G","₺50,00"
Sek Zeytinli Kekikli Sürülebilir Taze Peynir 150 G,"₺59,00"
Kiri Sürülebilir Taze Peynir 150 G,"₺59,50"
Sek Quark Yaban Mersinli 140 G,"₺54,95"
Milkten Labne 300 G,"₺85,00"
Milkten Krem Peynir 500 G,"₺105,00"
Pınar Beyaz Sürülebilir Taze Peynir 180 G,"₺97,50"
Torku Krempare Sürülebilir Taze Peynir 450 G,"₺119,50"
Bahçıvan Krem Peynir 500 G,"₺175,00"
Pınar Krem Peynir 400 G,"₺155,00"
Ülker SürMix Peynirli Zeytin Ezmeli Sürme 180 G,"₺37,90"
Sek Közlenmiş ve Acı Biberli Taze Peynir 150 G,"₺59,50"
Sek Sade Quark 140 G,"₺54,95"
Sek Sade Protein Quark 165 G,"₺59,50"
Peysan Biberli Tam Yağlı Taze Peynir 200 G,"₺39,50"
Ülker SürMix Peynirli Hurmalı Sürme 180 G,"₺29,50"
Teksüt Krem Peynir 400 G,"₺99,50"
Ülker SürMix Peynirli Fındık Ezmeli Sürme 180 G,"₺29,50"
Sütaş Labne 700 G,"₺199,00"
Kiri Kekikli Tam Yağlı Taze Peynir 150 G,"₺69,50"
Ülker Sür Mix Peynirli Çilekli Sürme 180 G,"₺37,50"
Sek Quark Kayısı & Kinoa 140 G,"₺45,00"
Bahçıvan Labne Sürülebilir Peynir 200 G,"₺45,00"
Torku Labne 400 G,"₺140,00"
Üstad Tulum Peyniri 150 G,"₺110,00"
Üstad Suda Top Mozzarella 125 G,"₺69,00"
Üstad Grana Padano Peyniri 150 G,"₺249,00"
Peynir Atölyesi Peynir Tabağı 250 G,"₺179,00"
Kaanlar Dilimli Cheddar Peynir 250 G,"₺149,50"
Tarabya İzmir Tulum Peyniri 250 G,"₺149,00"
Ahir Şerit Peynir 250 G,"₺119,00"
Ahir Misket Peynir 250 G,"₺125,00"
Ahir Çubuk Peynir 250 G,"₺69,00"
Ekici İzmir Tulum Peyniri 300 G,"₺119,00"
Tarabya Tam Yağlı Eritme Peyniri 500 G,"₺175,00"
Teksüt Çeçil Peyniri 200 G,"₺99,50"
Tarabya Eritme Telli Peynir 75 G,"₺35,00"
Kuzucu Yarım Yağlı Eritme Tel Peynir 1 Kg,"₺299,00"
Muratbey Tel Peynir 500 G,"₺299,00"
Ezine Çiftliği Lor Peyniri 500 G,"₺59,00"
Muratbey Anadolu Lezzetleri Peynir 200 G,"₺159,00"
Kuzucu Lor Peynir 1 Kg,"₺59,50"
Ekici Tel Peynir 200 G,"₺99,50"
Tarabya 3'lü Lezzet Peynir 250 G,"₺139,00"
Tarabya Çeçil Peynir 250 G,"₺139,00"
Bahçıvan Rende Mozzarella Peyniri 150 G,"₺109,00"
Muratbey Topi Peynir 200 G,"₺129,50"
Ekici Top Peynirim 250 G,"₺129,50"
Muratbey Burgu Peynir 200 G,"₺129,50"
Ekici Peynir Çubukları 250 G,"₺129,50"
Muratbey Tel Peyniri 200 G,"₺135,00"
Ahir Tulum Peyniri 450 G,"₺209,50"
Kebir Yarım Yağlı Kolot Peyniri 500 G,"₺220,00"
Tarabya Hellim Peyniri 250 G,"₺110,00"
Bahçıvan Çeçil Peyniri 200 G,"₺120,00"
Muratbey Lor Peyniri 500 G,"₺117,50"
Kaanlar Kolot Peyniri 500 G,"₺220,00"
Peynes Lor Peyniri 500 G,"₺59,50"
Akpınar Tel Peynir 250 G,"₺87,50"
Ünal Çeçil Peyniri 200 G,"₺89,50"
Tarabya Mihaliç Peyniri 350 G,"₺160,00"
Peynes Lor Peyniri 1 Kg,"₺75,00"
Kaanlar Rende Mozzarella Peyniri 150 G,"₺59,50"
Bahçıvan Cheddarlı Rende Peynir 150 G,"₺59,00"
Muratbey Çerkez Peyniri 400 G,"₺139,00"
Muratbey Dil Peyniri 200 G,"₺79,00"
Tarabya Rende Mozzarella Peyniri 1 Kg,"₺349,00"
Altınkılıç Tam Yağlı Olgunlaştırılmış Tulum Peyniri 250 G,"₺169,00"
Peynes Lor Peyniri 1 Kg,"₺59,00"
Bahçıvan Dil Peyniri 200 G,"₺115,00"
Bahçıvan Hellim Peyniri 225 G,"₺119,50"
Sancak Tam Yağlı Ricotta Peyniri 200 G,"₺59,50"
Taciroğlu Tulum Peyniri 250 G,"₺199,00"
Üstad Kaymaklı Tam Yağlı Çömlek Yoğurt 750 G,"₺159,00"
Üstad Gurme Yoğurt 750 G,"₺85,00"
Birşah Tam Kıvamında Homojenize Yoğurt 3 Kg,"₺169,00"
Birşah Tam Kıvamında Homojenize Yoğurt 3 Kg,"₺169,00"
Birşah Tam Kıvamında Homojenize Yoğurt 3 Kg,"₺169,00"
"Birşah Tam Kıvamında Yoğurt 1,5 KG","₺97,00"
Pınar Laktozsuz Yoğurt 750 G,"₺57,50"
Birşah Tam Yağlı Homojenize Yoğurt 3 Kg,"₺167,50"
Birşah Tam Yağlı Homojenize Yoğurt 3 Kg,"₺167,50"
Birşah Yarım Yağlı Homojenize Yoğurt 2 Kg,"₺95,00"
Sek Az Yağlı Yoğurt 3 Kg,"₺129,50"
"Birşah Kaymaklı Tava Yoğurt 1,5 Kg","₺125,00"
"Birşah Kaymaklı Tava Yoğurt 1,5 Kg","₺125,00"
"Birşah Kaymaklı Tava Yoğurt 1,5 Kg","₺125,00"
Sek Yarım Yağlı Yoğurt 750 G,"₺69,50"
Yörsan Tam Yağlı Yoğurt 1 Kg,"₺49,50"
Birşah Tam Kıvamında Homojenize Yoğurt 500 G,"₺29,50"
Birşah Tam Kıvamında Yoğurt 1500 G,"₺66,00"
Yörükoğlu Az Yağlı Yoğurt 9 Kg,"₺379,00"
Eker Yarım Yağlı Bidon Yoğurt 2 Kg,"₺134,50"
Kebir Bidon Yoğurt 1500 G,"₺135,00"
Sek Az Yağlı Yoğurt 9 KG,"₺295,00"
Torku Yoğurt 5 Kg,"₺219,00"
Yörükoğlu Yarım Yağlı Yoğurt 2 Kg,"₺138,00"
Torku Yarım Yağlı Yoğurt 2 Kg,"₺129,00"
Eker Probiyotik Yoğurt 900 G,"₺90,00"
Birşah Süzme Yoğurt 900 G,"₺125,00"
Pınar Yarım Yağlı Yoğurt 750 G,"₺69,50"
Torku Yarım Yağlı Yoğurt 750 Ml,"₺69,50"
Eker Yoğurt 200 G,"₺15,00"
Eker Efsane Yoğurt 4x250 G,"₺85,00"
Torku Yoğurt 200 G,"₺15,00"
Activia Probiyotikli Hurmalı & Yulaflı & Bademli Bowl 150 G,"₺29,50"
Disney Hüpper Çilek Aromalı Yoğurt 67 G,"₺17,00"
Eker Hurmalı Chialı Probiyotik Yoğurt 125 G,"₺19,50"
Hüptrik Meyveli Yoğurt 3x30 G,"₺11,25"
Danone Danissimo Kırmızı Meyve Parçalı Yoğurt 125 G,"₺26,50"
Danone Çıtırdat Çilek Aromalı Yoğurt 90 G,"₺27,50"
Danone Kıtırlı Meyveli Yoğurt 90 G,"₺26,00"
Birşah Tam Yağlı Homojenize Yoğurt 3 Kg,"₺167,50"
Birşah Yarım Yağlı Homojenize Yoğurt 2 Kg,"₺95,00"
Birşah Yarım Yağlı Homojenize Yoğurt 2 Kg,"₺95,00"
"Birşah Tam Yağlı Homojenize Yoğurt 1,5 Kg","₺96,50"
Birşah Tam Yağlı Homojenize Yoğurt 500 G,"₺36,50"
Torku Yarım Yağlı Yoğurt 1 Kg,"₺79,50"
İçim Yarım Yağlı Yoğurt 5 Kg,"₺219,00"
Eker Yarım Yağlı Yoğurt 5 Kg,"₺219,00"
"Sütaş Kaymaksız Yoğurt 1,5 Kg","₺115,00"
Eker Probiyotik Yoğurt 500 G,"₺39,50"
İçim Yoğurt 1200 G,"₺72,50"
Danone Activiashot+ Probiyotik İçeçek Kara Mürver & Yaban Mersini 80ml,"₺22,50"
Sek Laktozsuz Yoğurt 750 G,"₺65,00"
Activia Probiyotikli Yoğurt Tam Buğday Gevreği Çilek 3x183 G,"₺95,00"
Sütaş Hüptrik Çilek Aromalı Yoğurt 3x35 G,"₺17,50"
Sek Quark İncir & Ceviz 140 G,"₺29,00"
Sütaş Kaymaklı Tava Yoğurt 1 Kg,"₺109,50"
Yörsan Bidon Yoğurt 2 Kg,"₺115,00"
Eker Çırpılmış Yoğurt 500 G,"₺45,00"
Sütaş Hüptrik Meyveli Yoğurt 10x35 G,"₺55,00"
Yörsan Yarım Yağlı Yoğurt 5 Kg,"₺219,00"
İçim Rahat Laktozsuz Yoğurt 750 G,"₺75,00"
İçim Kara Mürver & Yaban Mersini Probiyotik İçecek 250 ml,"₺45,00"
Yörükoğlu Az Yağlı Yoğurt 3 Kg,"₺149,50"
Yörsan Yarım Yağlı Homojenize Bidon Yoğurt 2 Kg,"₺129,50"
Sütaş Kaymaklımm Tam Yağlı Kaymaklı Yoğurt 500 G,"₺59,50"
Eker Kayısılı Probiyotik Yoğurt 4x100 G,"₺79,50"
Torku Az Yağlı Yoğurt 9 Kg,"₺399,00"
Tukaş Siyah Zeytin S-XS 900 G,"₺250,00"
Tukaş Kırma Yeşil Zeytin XL-L 900 G,"₺250,00"
Tukaş Kırma Yeşil Zeytin 9XL-8XL 900 G,"₺220,00"
Tukaş Çizik Yeşil Zeytin S-XS 900 G,"₺250,00"
Tukaş Siyah Zeytin XS-2XS 800 G,"₺99,00"
Tukaş Kalamata Usulü Kırma Yeşil Zeytin 4 XL 1000 G,"₺199,00"
Tukaş Ayvalık Taş Kırma Yeşil Zeytin S-XS 1000 G,"₺199,00"
Tukaş Yeşil Kırma Zeytin S-XS 900 G,"₺199,00"
Tukaş Kırma Yeşil Zeytin XL-L 1000 G,"₺199,00"
Öncü Salamura Siyah Zeytin 2XS 1000 G,"₺260,00"
Tukaş Yağlı Sele Siyah Zeytin S-M 800 G,"₺199,00"
Bağcı Salamura Siyah Zeytin S-XS 250 G,"₺45,00"
Bağcı Çizikli Yeşil Zeytin S-XS 400 G,"₺69,00"
Marmarabirlik Salamura Siyah Zeytin 2XS 500 G,"₺75,00"
Zeo Siyah Zeytin S-XS 1000 G,"₺155,00"
Marmarabirlik Vakumlu Siyah Zeytin 3XS 500 G,"₺69,00"
Zeo Siyah Zeytin XL-L 900 G,"₺279,00"
Zeo Siyah Zeytin XS-2XS 250 G,"₺58,50"
Zeo Siyah Zeytin XS-2XS 500 G,"₺77,00"
Zeo Siyah Zeytin 2XS-3XS 2 Kg,"₺249,00"
Marmarabirlik Yeşil Çizik Zeytin Xs-S 400 G,"₺75,00"
Öncü Salamura Siyah Zeytin M-S 1000 G,"₺199,00"
Kaanlar Yağlı Siyah Zeytin 1 Kg,"₺239,00"
Tukaş Yeşil Çizik Zeytin M-S 900 G,"₺199,00"
Marbir Siyah Salamura Zeytin XL-L Boy 900 G,"₺175,00"
Zeo Çizik Yeşil Zeytin S 400 G,"₺89,50"
Kaanlar Gemlik Siyah Zeytin XL 450 G,"₺215,00"
Öncü Salamura Siyah Zeytin XS 1 Kg,"₺245,00"
Zeo Siyah Zeytin L-M 500 G,"₺115,00"
Zeo Kırma Yeşil Zeytin 4XL 400 G,"₺89,50"
Zeo Baharatlı Yeşil Zeytin XS-2XS 400 G,"₺100,00"
Marmarabirlik Az Tuzlu Doğal Salamura Siyah Zeytin 800 G,"₺270,00"
Marmarabirlik Kuru Sele Siyah Zeytin 3XS 800 G,"₺265,00"
Zeo Biber Dolgulu Yeşil Zeytin 3XL-2XL 400 G,"₺89,50"
Cem Biber Dolgulu Yeşil Zeytin 4XL 400 G,"₺119,50"
Cem Siyah Zeytin 800 G XS-2XS,"₺209,00"
Cem Biber Dolgulu Yeşil Zeytin 900 G 4XL,"₺319,00"
Marmarabirlik Kokteyl Yeşil Zeytin M-S 800 G,"₺275,00"
Öncü Doğal Salamura Zeytin 3XS 1 Kg,"₺215,00"
Marmarabirlik Siyah Zeytin 3XS-4XS 900 G,"₺250,00"
Kaanlar Akhisar Uslu Siyah Zeytin XS-2XS 900 G,"₺119,00"
Marmarabirlik Çizik Yeşil Zeytin S-XS 800 G,"₺245,00"
Tukaş Kalamata Kırma Yeşil Zeytin 5XL-6XL 1 Kg,"₺125,00"
Marmarabirlik Doğal Yağlı Salamura Siyah Zeytin 3XS-4XS 800 G,"₺219,00"
Marmarabirlik Doğal Yağlı Salamura Siyah Zeytin 700 G 3XS-4XS,"₺120,00"
Marmarabirlik Kuru Sele Siyah Zeytin 4XS 750 G,"₺229,00"
Fora Izgara Yeşil Zeytin 230 G,"₺55,50"
Marmarabirlik Doğal Yağlı Salamura Siyah Zeytin 1KG 4XS,"₺135,00"
Marmarabirlik Doğal Yağlı Salamura Siyah Zeytin  950 G 3XS,"₺129,00"
Fora Siyah Zeytin Ezmesi 175 G,"₺29,50"
Milkten Tereyağı 250 G,"₺155,00"
Kebir Tuzlu Tereyağı 750 G,"₺225,00"
Milkten Tereyağı 500 G,"₺150,00"
Kaanlar Tereyağı 500 G,"₺339,00"
Yörsan Tereyağı 700 G,"₺329,00"
Milkten Rulo Tereyağı 500 G,"₺159,00"
Torku Tereyağı 1 Kg,"₺345,00"
Milkten Tuzlu Tereyağı 750 G,"₺250,00"
Ekici Tereyağı 350 G,"₺315,00"
Sana Klasik Margarin Paket 250 G,"₺38,50"
Vera Margarin Paket 250 G,"₺26,00"
Yayla Margarin Paket 500 G,"₺39,50"
Becel Klasik Kase Margarin 250 G,"₺73,50"
Becel Tereyağ Keyfi Kase Margarin 250 G,"₺73,50"
Bizim Margarin Paket 250 G,"₺51,50"
Ülker Teremyağ Margarin Kase 400 G,"₺114,00"
Vera Kase Margarin 250 G,"₺29,00"
Yörükoğlu Tereyağı 1 Kg,"₺465,00"
Sana Klasik Paket Margarin Saklama Kabı Hediyeli 4x250 G,"₺139,50"
Ülker Teremyağ Margarin 250 G,"₺62,00"
Orkide Tereyağı Keyfi Kova Margarin 950 G,"₺99,50"
Sana Lezzetli Sofram Paket Margarin 5x200 G,"₺94,50"
Ülker Teremyağ Gurme Kase Margarin 250 G,"₺81,75"
Sana Klasik Kase Margarin 500 G,"₺39,00"
Sana Tereyağ Lezzeti Kase Margarin 500 G,"₺39,00"
Milkten Tereyağı 1 Kg,"₺469,00"
Kebir Tereyağı 500 G,"₺389,00"
Torku Tereyağı 250 G,"₺229,00"
Sütaş Tereyağı 350 G,"₺279,00"
Sana Tereyağı Lezzeti Margarin 250 G,"₺59,75"
Sana Ekmeküstü Margarin 250 G,"₺32,50"
Sana Margarin 6x250 G,"₺139,50"
Sabah Paket Margarin 250 G,"₺26,00"
Bizim Kase Margarin 250 G,"₺29,50"
"Rama Profesyonel Tereyağı Aromalı Bitkisel Margarin 2,5 Kg","₺139,00"
Sana Paket Margarin 4x250 G,"₺135,00"
Bizim Paket Margarin 6x250 G,"₺159,00"
Karlıdağ Köy Evi Tuzlu Tereyağı 750 G,"₺475,00"
Sana Bitkisel Yağlı Krema 200 ml,"₺25,00"
Üstad Sütlü Fındık Kreması 350 G,"₺175,00"
Üstad Ballı Yer Fıstığı Ezmesi 350 G,"₺79,50"
Üstad %100 Yer Fıstığı Ezmesi 350 G,"₺79,50"
Üstad Kakaolu Fındık Kreması 350 G,"₺149,00"
Fiskorella Kakaolu Fındık Kreması 650 G,"₺89,90"
Torku Banada Miniki Kakaolu Fındık Kreması 875 G,"₺335,00"
Torku Banada Kakaolu Fındık Kreması 400 G,"₺154,00"
Şokoley Kakaolu Fındık Kreması 500 G,"₺80,00"
Şokoley Kakaolu Fındık Kreması 1 Kg,"₺138,50"
Findux Kakaolu Fındık Kreması 750 G,"₺109,00"
Milka Kakaolu Fındık Kreması 350 G,"₺119,00"
"Torku Frema Sütlü Fındıklı Krema 1,5 Kg","₺159,00"
Goldella Kakaolu Fındık Kreması 1000 G,"₺89,00"
"Torku Frema Kakaolu Fındıklı Krema 1,5 Kg","₺245,00"
Tadıbu Kakaolu Fındık Ezmesi 330 G,"₺235,00"
Master Nut Parçacıklı Yer Fıstığı Ezmesi 300 G,"₺85,00"
Torku Fındık Ezmesi 370 G,"₺215,00"
Ülker Çokokrem Kakaolu Fındık Kreması 1100 G,"₺179,50"
Emsal Parçacıklı Fıstık Ezmesi 330 G,"₺75,00"
Emsal Parçacıklı Yer Fıstığı Kreması 330 G,"₺59,00"
Fiskorella Kakaolu Fındık Kreması 1500 G,"₺159,00"
Fiskokrem Sütlü Fındık Kreması 1500 G,"₺159,00"
Gürsoy Terre Kakaolu Fındık Kreması 350 G,"₺99,00"
Gürsoy Dore Sütlü Fındık Kreması 350 G,"₺99,00"
Funny %100 Fıstık Ezmesi 350 G,"₺69,50"
Nut Master Kakaolu Fındık Kreması 350 G,"₺39,50"
Nut Master Yer Fıstığı Ezmesi 350 G,"₺49,50"
Beyoğlu Dubacco Dubai Kreması 300 G,"₺129,00"
Torku Banada Fındık Efsanesi Kakaolu Fındık Kreması 370 G,"₺159,00"
Funny Nuts Ballı Fıstık Ezmesi 350 G,"₺69,50"
Nut Master %100 Yerfıstığı Ezmesi 1 Kg,"₺139,50"
Gold Polmak Yer Fıstığı Ezmesi 340 G,"₺99,50"
Nut Master Kakaolu Fındık Kreması 720 G,"₺109,00"
Şölen Ozmo Tüp Kakaolu Fındık Kreması 35 G,"₺22,50"
Nut Master Sütlü Fındık Kreması 350 G,"₺39,50"
Sarelle Duo Kakaolu-Sütlü Fındık Kreması 350 G,"₺89,50"
Sarelle Kakaolu Fındık Kreması 350 G,"₺89,50"
Çokça Acısız Kahvaltılık Sos 300 G,"₺44,00"
Tat Kahvaltılık Sos 300 G,"₺42,50"
Torku Banada Kakaolu Fındık Kreması 900 G,"₺275,00"
Findux Kakaolu Fındık Kreması 400 G,"₺89,00"
Ülker Çokokrem Kakaolu Fındık Kreması 500 G,"₺140,00"
Torku Frema Kakaolu Fındıklı Krema 400 G,"₺99,50"
Findux Fındık Ezmesi 320 G,"₺189,00"
Fiskobirlik Fındık Ezmesi 300 G,"₺195,00"
Çokça Acılı Kahvaltılık Sos 300 G,"₺44,00"
Nut Master Kakaolu Yer Fıstığı Ezmesi 350 G,"₺69,50"
Sarelle Süper 2'li Kakaolu Fındık Ezmesi 350 G & Duo Sütlü Kakaolu Fındık Kreması 350 G,"₺289,00"
Emsal Parçacıklı Yer Fıstığı Kreması 1 Kg,"₺199,00"
Antebella Antep Fıstığı Kreması 200 G,"₺279,00"
Züber %100 Fıstık Ezmesi 315 G,"₺155,00"
Sarelle Kakaolu Fındık Kreması 50 G,"₺29,50"
Fellas Parçacıklı %100 Fıstık Ezmesi 300 G,"₺175,00"
Atatürk Orman Çiftliği Kakaolu Fındık Kreması 700 G,"₺129,00"
Torku Banada Bitter Kakaolu Fındık Kreması 370 G,"₺129,00"
Nut Master Kakaolu Fındık Kreması 3 Kg,"₺249,00"
Nestle Crunch Patlamış Pirinçli Kakaolu Fındık Kreması 900 G,"₺275,00"
Züber Peanutzilla Kakaolu Fıstık Kreması 315 G,"₺225,00"
Çokokrem Fındık Ezmesi 350 G,"₺119,00"
Antebella Supermix Antep Fıstığı & Fındık Kreması 320 G,"₺395,00"
Nut Master Kakaolu Yer Fıstığı Ezmesi 60 G,"₺19,50"
De Lucca Patlayan Şekerli Kakaolu Fındık Kreması 350 G,"₺129,50"
Trabzon Tarım Parçacıklı Fındık Ezmesi 300 G,"₺199,00"
Burcu Zeytinyağlı Kurutulmuş Domatesli Kahvaltılık Sos 200 G,"₺45,00"
Seyidoğlu Üzüm Pekmezi 700 G,"₺209,00"
Seyidoğlu Tahin 550 G,"₺209,00"
Torku Sade Helva 1 Kg,"₺165,00"
Torku Kakaolu Helva 1 Kg,"₺165,00"
Koska Sade Tahin Helvası 20 G,"₺4,50"
Tatlan Bayramiç Sade Helva 400 G,"₺55,00"
Koska Sade Helva 40 G,"₺7,50"
Torku Kakaolu Kürek Helva 400 G,"₺119,50"
Torku Sade Kürek Helva 400 G,"₺119,50"
Koska Kakaolu Helva 175 G,"₺44,50"
Seyidoğlu Bademli Yaz Helvası 350 G,"₺65,00"
Koska Sade Helva 175 G,"₺44,50"
Hun Sade Kürek Helva 400 G,"₺42,50"
Hun Helva Fıstıklı 500 G,"₺105,00"
Hun Kakaolu Kürek Helva 400 G,"₺42,50"
Hun Helva Cevizli 500 G,"₺69,50"
Hun Helva Cevizli 500 G,"₺65,00"
Hun Cevizli Helva 500 G,"₺79,00"
Metin Çifte Kavrulmuş Tahin 550 G,"₺69,00"
Metin Tahin 1000 G,"₺145,00"
Koska Üzüm Pekmezi 700 G,"₺79,50"
Torku Tahin 1400 G,"₺259,00"
Koska Üzüm Pekmez 1000 G,"₺120,00"
Seyidoğlu Dut Pekmezi 700 G,"₺209,00"
Torku Üzüm Pekmezi 750 G,"₺169,00"
Hun Harnup Pekmezi 600 G,"₺77,00"
Koska Keçiboynuzu Özü 310 G,"₺59,50"
Koska Üzüm Pekmezi 1300 G,"₺159,00"
Hun Üzüm Pekmezi 800 G,"₺189,00"
Torku Sade Helva 500 G,"₺139,50"
Torku Kakaolu Helva 500 G,"₺139,50"
Seyidoğlu Kuru İncirli & Cevizli Yaz Helvası 350 G,"₺69,50"
Seyidoğlu Cevizli Yaz Helvası 350 G,"₺65,00"
Hun Kakaolu Helva 500 G,"₺65,00"
Hun Sade Helva 500 G,"₺65,00"
Hun Fıstıklı Helva 500 G,"₺105,00"
Hun Fıstıklı Helva 500 G,"₺105,00"
Torku Tahin 1000 G,"₺279,00"
Hun Tahin 600 G,"₺100,00"
Seyidoğlu Tahin 1 Kg,"₺199,00"
Seyidoğlu Üzüm Pekmezi 1300 G,"₺199,00"
Seyidoğlu Kış Pekmezi 640 G,"₺145,00"
Ogaş Saray Helvası 300 G,"₺59,50"
Torku Kakaolu Helva 700 G,"₺145,00"
Torku Sade Helva 700 G,"₺145,00"
Seyidoğlu Tahin Pekmez Tüp 40 G,"₺19,50"
Seğmen Tahin 600 G,"₺119,50"
Seğmen Üzüm Pekmezi 800 G,"₺129,50"
Seğmen Tahin 550 G & Üzüm Pekmezi 700 G,"₺229,00"
Zühre Ana Pektamin Pekmez 250 ml,"₺199,00"
Tatlan Kuru Üzümlü ve Fındıklı Ramazan Helvası 350 G,"₺69,50"
Koska Kakaolu Helva 500 G,"₺99,50"
Koska Sade Helva 500 G,"₺99,50"
Koska Tahin 1000 G,"₺169,00"
Hun Fıstıklı Helva 500 G,"₺105,00"
Oskar Üzüm Pekmezi 800 G,"₺99,50"
Üstad Sade Süt Reçeli 270 G,"₺64,50"
Üstad Ham Çiçek Balı 450 G,"₺135,00"
Binboğa Kooperatif Çiçek Balı 850 G,"₺259,00"
Birtat Çiçek Balı 850 G,"₺129,90"
Anavarza Çiçek Balı 450 G,"₺289,50"
Ganik Süt Reçeli 270 G,"₺89,50"
Bolmix Ayva Reçel 380 G,"₺50,00"
Lokman Çilek Reçeli 380 G,"₺45,00"
Bolmix Vişne Reçeli 1000 G,"₺99,50"
Bolmix Çilek Reçeli 1000 G,"₺79,50"
Lokman Çilek Reçeli 1 Kg,"₺89,00"
Öncüller Kuşburnu Marmelatı 430 G,"₺69,50"
Balparmak Balkovan Çıt Kapak Çam Balı 350 G,"₺179,00"
Balparmak Yayla ve Ova Çiçek Balı 350 G,"₺315,00"
Balparmak Balkovan Çıt Kapak Çiçek Balı 600 G,"₺359,00"
Bolmix Vişne Reçel 380 G,"₺69,50"
Bolmix Çilek Reçeli 1800 G,"₺220,00"
Bolmix Vişne Reçeli 1800 G,"₺300,00"
Bolmix Çilek Reçel 380 G,"₺69,50"
Seyidoğlu Çilek Reçeli 700 G,"₺95,00"
Kozan Kooperatif Süzme Çiçek Balı 850 G,"₺199,00"
Burmella Çiçek Balı 850 G,"₺259,00"
Hünnap Keçiboynuzu Özü 640 G,"₺119,00"
Bal Gurmesi Çam Balı 460 G,"₺113,00"
Seğmen Pratik Kapak Bingöl Süzme Çiçek Balı 640 G,"₺219,00"
Bee'o Propolis On The Go Ham Bal 7x7 G,"₺99,50"
Bee'O Yüksek Yayla Ham Çiçek Balı 400 G,"₺155,00"
Seyidoğlu Çilek Reçeli 1 Kg,"₺79,50"
Binboğa Çiçek Balı 1 Kg,"₺499,00"
Balparmak Çıtkapak Yayla Çiçek Balı 250 G,"₺259,00"
Bee'o Ham Yayla Çiçek Balı 350 G,"₺169,00"
Lokman Mandalina Reçeli 700 G,"₺75,00"
Bee'O On The Go Propolis Fit 7x7 G,"₺99,50"
Eti Lifalif İnce Öğütülmüş Yulaf Ezmesi 665 G,"₺69,50"
Ülker Kellogg's Çikolata Parçacıklı ve Fındıklı Granola 60 G,"₺17,50"
Burch Gevrek Çilekli 235 G,"₺25,00"
Ülker Kellogg's Karışık Meyveli Granola 60 G,"₺17,50"
Eti Lifalif Kuru Vişneli Kakaolu Parçacıklı Fındıklı Granola 200 G,"₺79,00"
Nestle Çokokare Kakaolu Tahıl Gevreği 310 G,"₺130,00"
Kellogg's Coco Pops Kakaolu Mısır ve Buğday Gevreği 1200 G,"₺155,00"
Nesquik Minis Kakaolu Mısır Gevreği 400 G,"₺59,00"
Nestle Nesquik Kakaolu Tahıl Gevreği 2x700 G,"₺129,00"
Kellogg's Special K Bitter Çikolatalı Tam Buğday ve Pirinç Gevreği 400 G,"₺69,50"
Eti Lifalif Yulaf Ezmesi 500 G,"₺69,50"
Eti Lifalif İnce Öğütülmüş Yulaf Ezmesi 350 G,"₺69,50"
Kellogg's Coco Pops Jumbos Kakaolu Mısır Gevreği 2x700 G,"₺149,00"
Kellogg's Cocopops Kakaolu Mısır ve Buğday Gevreği 580 G,"₺159,50"
Eti Lifalif Yulaf Ezmesi 950 G,"₺119,00"
Nestle Crunch Tam Tahıl ve Pirinç Gevreği 375 G,"₺85,00"
Hello Bio Meyveli Ring Tam Tahıllı Gevrek 550 G,"₺39,00"
Nestle Nesquik Kakaolu Tahıl Gevreği 1 Kg,"₺150,00"
Nesquik Çilektop Çilek Aromalı Tahıl Gevreği 310 G,"₺89,00"
Kellogg's Granola Karışık Meyveli 250 G,"₺99,50"
Kellogg's Coco Pops Çokofills Kakaolu Krema Dolgulu Mısır Gevreği 310 G,"₺59,50"
Fellas Glutensiz İnce Öğütülmüş Jumbo Yulaf Ezmesi 300 G,"₺69,50"
Burch Antep Fıstıklı & Beyaz Çikolatalı Granola 300 G,"₺99,50"
Burch Turna Yemişi & Bademli Granola 300 G,"₺92,50"
Burch Kuru Meyveli Çıtır Müsli 275 G,"₺67,50"
Burch Kuru Meyveli & Yer Fıstıklı Müsli 275 G,"₺67,50"
Burch Sütlü Çikolatalı Fındıklı Müsli 275 G,"₺76,50"
Burch Yulaf Ezmesi 500 G,"₺42,50"
Burch İnce Öğütülmüş Yulaf Ezmesi 350 G,"₺42,50"
Birşah Krema 200 ml,"₺39,50"
Birşah Krema 200 ml,"₺69,50"
Tikveşli Krema 200 ml,"₺49,50"
Danone Bitkisel Yağlı Krema 200 ml,"₺25,00"
Sütaş Krema 200 ml,"₺49,50"
Yörükoğlu Krema 200 ml,"₺47,50"
Milkten Kaymak 200 G,"₺99,50"
Milkten Rulo Kaymak 150 G,"₺89,50"
Tikveşli Az Yağlı Krema 200 ml,"₺49,50"
Pınar Az Yağlı Krema 200 ml,"₺49,50"
Sana Bitkisel Yağlı Krema 200 ml,"₺24,75"
Pakmaya %34 Yağlı ŞefKrema 200 ml,"₺35,00"
Danone Bitkisel Yağlı Krema 500 ml,"₺65,00"
Moova Bitkisel Yağlı Krema 330 ml,"₺49,50"
Sütaş Krema 1 L,"₺99,00"
Bizim Bitkisel Yağlı Krema 200 ml,"₺19,50"
Ekmek 200 G,"₺5,00"
Taş Fırın Ekmeği Adet,"₺6,00"
Nimet Lavaş 12'li 840 G,"₺57,50"
Nimet Tandır Lavaş Ekmeği 4'lü 276 G,"₺67,50"
Nimet Yufka 1000 G,"₺25,95"
Uno Şeker İlavesiz Tost Ekmek 350 G,"₺65,00"
Nimet Tost Ekmeği 670 G,"₺55,00"
Nimet Kepekli Tost Ekmeği 500 G,"₺60,50"
Nimet Kepekli Ekmek 400 G,"₺39,00"
Nimet Kepekli Ekmek 400 G,"₺39,00"
Nimet Kepekli Tost Ekmeği 500 G,"₺60,50"
Nimet Tam Buğday Ekmeği 350 G,"₺40,00"
Nimet Tam Buğday Ekmeği 350 G,"₺40,00"
Nimet Köy Ekmeği 550 G,"₺54,50"
Nimet Köy Ekmeği 600 G,"₺59,00"
Nimet Çavdarlı Ekmek 400 G,"₺31,00"
Nimet Çavdarlı Ekmek 400 G,"₺31,00"
Nimet Ekşi Maya Tam Buğday Ekmeği 330 G,"₺38,50"
Nimet Çok Tahıllı Ekmek 330 G,"₺38,50"
Nimet Tuzsuz Ekşi Mayalı Tam Buğday Ekmeği 330 G,"₺38,50"
Nimet Siyez Buğdaylı Ekşi Mayalı Köy Ekmeği 330 G,"₺38,50"
Nimet Kara Buğday Çavdarlı Ekmek 330 G,"₺38,50"
Uno Çok Tahıllı Ekmek 460 G,"₺85,00"
Uno Tam Buğday Unlu Tava Ekmeği 450 G,"₺85,00"
Nimet Susamlı Hamburger Ekmeği 6x70 G,"₺68,00"
Nimet Hamburger Ekmeği 8x54 G,"₺67,00"
Nimet Susamlı Hamburger Ekmeği 6x70 G,"₺68,00"
Nimet Hamburger Ekmeği 8x54 G,"₺67,00"
Nimet Sandviç Ekmeği 7x65 G,"₺52,50"
Nimet Sandviç Ekmek 7x65 G,"₺52,50"
Nimet Yufka 500 G,"₺15,50"
Nimet Üçgen Yufka 360 G,"₺53,00"
Nimet Baklavalık Yufka 800 G,"₺97,50"
Nimet Tost Ekmek 550 G,"₺47,00"
Söke Ulu Fırın Soft Tortilla Lavaş 6'lı 648 G,"₺49,50"
Söke Ulu Fırın Tam Buğdaylı Lavaş 8'li 360 G,"₺29,50"
Wasa Sade Gevrek Ekmek 275 G,"₺89,00"
Uno Geleneksel Lavaş 6'lı 390 G,"₺69,50"
Untad Zeytinli Çeşnili Tortilla Lavaş 390 G,"₺64,50"
Untad Premium Tortilla Lavaş 8'li 560 G,"₺90,00"
Söke Ulu Fırın Soft Tortilla Lavaş 8x45 G,"₺25,00"
Untad Premium Tam Buğday Unlu Lavaş 8'li 560 G,"₺90,00"
7Days Kakaolu Kruvasan 6x40 G,"₺79,50"
Nimet Yağlı Gevrek 500 G,"₺79,00"
Nimet Sütlü Mahlepli Kurabiye 500 G,"₺90,00"
Nimet Süt Kaymaklı Kurabiye 400 G,"₺90,00"
Nimet Kavala Kurabiyesi 290 G,"₺79,00"
Nimet Hindistan Cevizli Çikolata Parçalı Kurabiye 500 G,"₺90,00"
Nimet Tahinli Susamlı Kurabiye 500 G,"₺90,00"
Nimet Portakal Aromalı Kurabiye 500 G,"₺90,00"
Original Gourmet Çikolatalı Kruvasan 6x45 G,"₺75,00"
Pesotti Waffle 165 G,"₺57,50"
Eti Etimek 143 G,"₺56,00"
Nimet Elmalı Kurabiye 400 G,"₺90,00"
Nimet Kepekli Grissini 125 G,"₺34,90"
Ülker Altınbaşak Çavdarlı Karabuğdaylı Grissini 125 G,"₺49,00"
Nimet Kepekli Galeta 200 G,"₺37,00"
Nimet Tereyağlı Çörek Otlu Kurabiye 500 G,"₺90,00"
Nimet Sade Galeta 200 G,"₺37,00"
Nimet Kakaolu Mini Kurabiye 250 G,"₺69,50"
Nimet Susamlı Galeta 200 G,"₺37,00"
Nimet Mahlepli Susamlı Mini Kurabiye 250 G,"₺69,50"
Nimet Sade Grissini 125 G,"₺34,90"
Nimet Çörekotlu Galeta 200 G,"₺37,00"
Nimet Ay Çekirdekli Mini Kurabiye 250 G,"₺69,50"
7Days Çikolata Dolgulu Kruvasan 60 G,"₺34,00"
Nimet Çikolatalı Kruvasan 300 G,"₺89,50"
Original Gourmet Çikolatalı Kruvasan 60 G,"₺27,50"
Koska Tahinli Kurabiye 225 G,"₺89,50"
Bompi Vanilya Aromalı Beze 90 G,"₺54,00"
Original Gourmet Blueberry Cookies 180 G,"₺49,50"
Tadal Tahinli Kurabiye 200 G,"₺62,50"
Kenton Profiterol Seti 243 G,"₺62,50"
Kenton Kakao 100 G,"₺65,00"
Kenton Şekerli Vanilin 10x5 G,"₺12,50"
Kenton Hamur Kabartma Tozu 10x10 G,"₺14,50"
CC 5 Dk Hazır Mozaik Kalp Pasta 4x75 G,"₺52,50"
Kent Şekerli Vanilin 10x5 G,"₺11,50"
Kent Kabartma Tozu 10x10 G,"₺12,50"
Kent Kakaolu Puding 115 G,"₺15,00"
Kent Çikolatalı Sos 120 G,"₺23,50"
Kent Krem Şanti 2x75 G,"₺45,00"
CC 5 Dakika Hazır Mozaik Kalp Pasta Tabanı 4x75 G,"₺39,50"
Rich Corn Ay Çekirdekli Galeta 200 G,"₺49,00"
Dr.Oetker Vanilyalı Pastacı Kreması 55 G,"₺15,00"
Eti Form Kızarmış Kepekli Ekmek 138 G,"₺35,00"
Pesotti Profiterol Topları 100 G,"₺30,00"
Dr.Oetker Bitter Çikolatalı Sos 122 G,"₺28,00"
Kenton Krem Şanti 150 G,"₺40,00"
Patiswiss Krema Dolgulu Çikolata 146 G,"₺125,00"
Dr. Oetker Vanilinli Krem Şanti 144 G,"₺77,50"
Dr. Oetker Krem Şanti 3'lü 72 G/Hediye Pudra Şekeri 150 G,"₺102,50"
Dr. Oetker Sade/Orman Meyveli Krem Şanti 2x72 G,"₺57,50"
Dr. Oetker Hamur Kabartma Tozu 20x10 G,"₺37,50"
Dr. Oetker Şekerli Vanilin 20x5 G,"₺27,50"
Dr. Oetker Kilitlenebilir Kakao 100 G+50 G Hediye,"₺57,00"
Dr. Oetker Şekerli Vanilin 15+5 Hediye 100 G,"₺21,00"
Dr. Oetker Hamur Kabartma Tozu 15+5 Hediye 200 G,"₺31,00"
Dr. Oetker 2'li Kakaolu 147 G + Hediye Antep Fıstıklı Puding 100 G,"₺64,50"
Dr. Oetker Buğday Nişastası 400 G,"₺47,50"
Dr. Oetker Mısır Nişastası 400 G,"₺29,50"
5 Dk Hazır Mozaik Pasta Altı 4x75 G,"₺51,50"
Dr. Oetker Puding 3'lü 387 G,"₺75,00"
Togo Bitter Damla Çikolata 100 G,"₺37,50"
Pakmaya Instant Maya 9x10 G,"₺74,50"
Togo Sütlü Damla Çikolata 100 G,"₺37,50"
İnci Buğday Nişastası 200 G,"₺17,50"
İnci Mısır Nişastası 200 G,"₺14,00"
Banetti Vakumlu İrmik 500 G,"₺20,00"
Bendo İrmik 500 G,"₺17,50"
Nimet Kakaolu Pasta Altı 280 G,"₺65,00"
Nimet Sade Pasta Altı 280 G,"₺65,00"
Dorbi Sade Krem Şanti 150 G,"₺26,00"
Dorbi Sade Krem Şanti 150 G,"₺26,00"
Dr. Oetker Çikolatalı Pasta Kreması 147 G,"₺52,00"
Dr. Oetker Sade Pasta Kreması 129 G,"₺52,00"
Dorbi Hamur Kabartma Tozu 10x10 G,"₺12,00"
Dr. Oetker Hamur Kabartma Tozu 10x10 G,"₺29,00"
Kent Boringer Hamur Kabartma Tozu 20x10 G,"₺29,50"
Dorbi Şekerli Vanilin 10x5 G,"₺11,50"
Dr. Oetker Şekerli Vanilin 10x5 G,"₺21,50"
Dr. Oetker Dark Kakao 100 G,"₺124,50"
Kent Boringer Şekerli Vanilin 20x5 G,"₺25,00"
Dr. Oetker Kuru Maya 5x10 G,"₺45,75"
Dorbi Kuru Instant Maya 5x11 G,"₺20,00"
Nestle Kakao 100 G,"₺72,50"
Dorbi Yaş Maya 4x42 G,"₺12,50"
Yuva Kuru Maya 3x11 G,"₺27,50"
Dr. Oetker Wolke Limonlu Kek 430 G,"₺75,00"
Pakmaya Aktif Kuru Maya 100 G,"₺49,50"
Oba İrmik 500 G,"₺20,00"
Dorbi Kakaolu Pasta Kreması 160 G,"₺33,50"
Dr. Oetker Çikolatalı Sos 98 G,"₺46,00"
Dr. Oetker Jelatin 2x6 G,"₺14,50"
Petek Pudra Şekeri 250 G,"₺23,50"
Dorbi Çikolatalı Sos 128 G,"₺22,25"
Dorbi Sade Pasta Kreması 140 G,"₺33,50"
Kenton Dekor Pasta Süsü 3'lü 60 G,"₺44,50"
Kenton Dekor Kahverengi Pasta Süsü 60 G,"₺44,50"
Kenton Çikolatalı Pasta Süsü 3'lü 60 G,"₺44,50"
Dorbi Sade Pasta Kreması 140 G,"₺33,50"
Dorbi Kakaolu Pasta Kreması 160 G,"₺33,50"
Dr. Oetker Pastacı Kreması 156 G,"₺32,00"
Dr. Oetker Süsleme Glazürü 76 G,"₺84,50"
Narbaharat Mısır Nişastası 200 G,"₺14,00"
Dr. Oetker Kakao 50 G,"₺42,50"
Narbaharat Buğday Nişastası 200 G,"₺17,50"
Nimet Kakaolu Pasta Altı 280 G,"₺65,00"
Nimet Sade Pasta Altı 280 G,"₺65,00"
Nimet Kakaolu Pasta Altı 280 G,"₺65,00"
Nimet Sade Pasta Altı 280 G,"₺65,00"
Ülker Kuvertür Bitter Çikolata 200 G,"₺135,00"
Dorbi Kakao 50 G,"₺27,50"
Savoiardi Bellucci Kedidili Bisküvi 200 G,"₺57,50"
Dorbi Damla Çikolata 100 G,"₺48,00"
Dorbi Vanilyalı Puding 125 G,"₺14,50"
Dr. Oetker Tavukgöğsü Toz Tatlı 2'li 242 G,"₺27,50"
Dr. Oetker Çikolata Parçalı Puding 115 G,"₺46,00"
Dr. Oetker Sakızlı Muhallebi Toz Tatlı 2'li 270 G,"₺27,50"
Dr. Oetker Kakaolu Puding 196 G,"₺54,50"
Dr. Oetker Tiramisu Yap Toz Karışım 127 G,"₺29,50"
Dr. Oetker Bitter Çikolatalı Puding 111 G,"₺46,00"
Dorbi Muzlu Puding 125 G,"₺14,50"
Dorbi Muzlu Puding 125 G,"₺14,50"
Dorbi Kakaolu Puding 150 G,"₺25,00"
Dorbi Vanilyalı Puding 125 G,"₺14,50"
Dorbi Vanilyalı Puding 125 G,"₺14,50"
Dorbi Muzlu Puding 125 G,"₺14,50"
Dr. Oetker Aşure 222 G,"₺37,50"
Pesotti Profiterol Seti 280 G,"₺127,50"
Dr.Oetker Sakızlı Muhallebi 135 G 2'li + Muzlu Puding 120 G Hediye,"₺42,50"
Kent Boringer Lokma Tatlısı 316 G,"₺32,50"
Dr. Oetker Tavukgöğsü 121 G 2'li + Vanilyalı Puding 120 G Hediye,"₺42,50"
Dr. Oetker Tavada Bazlama Sade 440 G,"₺47,50"
Pakmaya Magnolia Puding 125 G,"₺35,00"
Pesotti Tiramisu Seti 300 G,"₺102,50"
Estello Sprey Krem Şanti 250 G,"₺99,00"
Dr.Oetker Meyveli Sos 77 G,"₺27,50"
Dr.Oetker Pastacı Kreması Kakaolu 144 G,"₺29,50"
Ulu Fırın Pizza Tabanı 5'li 450 G,"₺31,50"
Pesotti Roma Kedi Dili Bisküvi 200 G,"₺57,50"
Dorbi Muzlu Puding 125 G,"₺14,50"
Dorbi Vanilyalı Puding 125 G,"₺14,50"
Dorbi Mısır Nişastası 200 G,"₺14,00"
Dorbi Buğday Nişastası 200 G,"₺17,50"
Original Gourmet Çikolatalı Fındıklı Kruvasan 60 G,"₺14,50"
Dr. Oetker Çikolata Parçalı/Vanilya Puding 2'li 120 G/115 G,"₺39,50"
Dr. Oetker Çikolatalı Muffin 345 G,"₺119,00"
Dr. Oetker Supangle 135 G,"₺19,50"
Dr.Oetker Pudra Şekeri 150 G,"₺22,50"
Nuh'un Ankara Vakumlu İrmik 500 G,"₺29,50"
Vera Ayçiçek Yağı 5 L,"₺439,00"
"Yudum Ayçiçek Yağı 4,5 L","₺489,00"
Komili Ayçiçek Yağı 5 L,"₺449,00"
Yudum Ayçiçek Yağı 3 L,"₺284,50"
Yudum Ayçiçek Yağı 2 L,"₺300,00"
Vera Ayçiçek Yağı 2 L,"₺199,00"
Yudum Ayçiçek Yağı 1 L,"₺109,00"
Sırma Ayçiçek Yağı 2 L,"₺185,00"
Komili Ayçiçek Yağı 2 L,"₺289,95"
Yudum Ayçiçek Yağı Teneke 10 L,"₺945,00"
Vera Ayçiçek Yağı 1 L,"₺102,50"
"Yudum Ayçiçek Yağı 1,25 L","₺205,00"
Orkide Ayçiçek Yağı 5 L,"₺499,50"
Sırma Ayçiçek Yağı 5 L,"₺429,00"
Orkide Ayçiçek Yağı 1 L,"₺114,50"
Biryağ Ayçiçek Yağı 2 L,"₺185,00"
"Orkide Ayçiçek Yağı 1,25 L","₺109,00"
Verde Riviera Zeytinyağı 5 L,"₺735,00"
Orkide Natürel Sızma Zeytinyağı 3 L,"₺599,00"
"Emek Ayçiçek Yağı 4,5 L","₺420,00"
Yudum Ayçiçek Yağı 18 L,"₺1.749,00"
Yudum Egemden Sızma Zeytinyağı 3 L,"₺579,00"
Zeo Riviera Zeytinyağı 2 L,"₺510,00"
Yudum Egemden Natürel Sızma Zeytinyağı 2 L,"₺599,00"
Yudum Egemden Riviera Zeytinyağı 1 L,"₺299,00"
Orkide Riviera Zeytinyağı 2 L,"₺375,00"
Güven Asa Natürel Sızma Zeytinyağı 3 L,"₺599,00"
Zeo Sızma Zeytinyağı 1 L,"₺310,00"
Yudum Egemden Sızma Zeytinyağı 1 L,"₺365,00"
Yudum Omega 3 Bitkisel Karışım Sıvı Yağ 3 L,"₺269,50"
Safya Mısırözü Yağı 5 L,"₺289,00"
Orkide Mısır Özü Yağı 5 L,"₺359,50"
Sırma Mısırözü Yağı Pet 4 L,"₺279,00"
Komili Sofralık Lezzet Sızma Zeytinyağı 1 L,"₺319,00"
Yudum Şef Gibi Ayçiçek Yağı 750 ml,"₺104,50"
Yudum Şef Gibi Sızma Zeytinyağı 500 ml,"₺164,50"
Kent Boringer Ayçiçek Yağı 5 L,"₺429,00"
Orkide Kanola Yağı 5 L,"₺359,50"
Kent Boringer Ayçiçek Yağı 5 L,"₺419,00"
Bizim Ayçiçek Yağı 5 L,"₺419,00"
Üstad Erken Hasat Soğuk Sıkım Zeytinyağı 500 ml,"₺329,00"
Kırlangıç Naturel Sızma Zeytinyağı 1 L,"₺209,50"
Kırlangıç Ayçiçek Yağı 2 L,"₺185,00"
Kırlangıç Riviera Zeytinyağı 1 L,"₺189,50"
"Safya Ayçiçek Yağı Pet 4,5 L","₺374,50"
Burcu Erken Hasat Natürel Sızma Zeytin Yağı 500 Ml,"₺164,50"
Sırma Mısırözü Yağı 2 L,"₺149,50"
Hasata Baldo Pirinç 1000 G,"₺124,00"
"Ovadan Baldo Pirinç 2,5 Kg","₺199,00"
Ovadan Baldo Pirinç 1 Kg,"₺83,50"
"Ovadan Osmancık Pirinç 2,5 Kg","₺179,00"
Yayla İthal Pilavlık Pirinç 2000 G,"₺99,00"
Hasata Gönen Baldo Pirinç 2 Kg,"₺329,50"
Öncü Gönen Baldo Pirinç 1000 G,"₺65,00"
"Öncü Gönen Baldo Pirinç 2,5 Kg","₺224,50"
Ovadan İthal Pilavlık Pirinç 2500 G,"₺129,00"
Yayla Yerli Osmancık Pirinç 1 Kg,"₺69,50"
Köy Sofrası İthal Pilavlık Pirinç 5000 G,"₺159,00"
Yöremce Köftelik Bulgur 1 Kg,"₺30,00"
Ovadan Gönen Baldo Pirinç 1 Kg,"₺79,50"
Reis Gönen Baldo Pirinç 1 Kg,"₺139,50"
Ovadan İthal Pilavlık Pirinç 1000 G,"₺54,50"
Ovadan Osmancık Pirinç 1 Kg,"₺78,50"
Ovadan Osmancık Pirinç 5 Kg,"₺345,00"
Ovadan Yasemin Pirinç 1000 G,"₺62,50"
Yayla Tane Tane Pirinç 2 Kg,"₺224,50"
Doyum Trakya Pilavlık Pirinç 5 Kg,"₺249,00"
Ovadan Kırık Pirinç 1000 G,"₺32,50"
Yayla Basmati Pirinç 1000 G,"₺85,00"
Ovadan Yerli Trakya Pilavlık Pirinç 2500 G,"₺124,50"
"Ovadan Yerli Pilavlık Pirinç 2,5 Kg","₺132,50"
Ovadan Yerli Pilavlık Pirinç 1000 G,"₺64,50"
Tat Uzun Tane Pirinç 1000 G,"₺26,90"
Yayla Baldo Pirinç 2 KG,"₺134,50"
"Akasya Pilavlık Pirinç 2,5 Kg","₺94,50"
Yöremce Pilavlık Bulgur 1 Kg,"₺30,00"
Yöremce Esmer Köftelik Bulgur 1000 G,"₺31,50"
"Yöremce İri Pilavlık Bulgur 2,5 Kg","₺67,50"
Reis Pilavlık Bulgur 1 Kg,"₺49,50"
Hasata Köy Sofrası Pilavlık Bulgur 1000 G,"₺39,50"
Yayla Pilavlık Bulgur 1 Kg,"₺32,50"
Yöremce Pilavlık Tam Tane Bulgur 1 Kg,"₺37,50"
Doyum Pilavlık Bulgur 2000 G,"₺54,00"
Torku Çatalhöyük Pilavlık Bulgur 1000 G,"₺25,00"
Yöremce Esmer Köftelik Bulgur 1000 G,"₺31,50"
"Torku Çatalhöyük Pilavlık Bulgur 2,5 Kg","₺74,50"
Torku Çatalhöyük Köftelik Bulgur 1000 G,"₺25,00"
Duru Pilavlık Bulgur 1 Kg,"₺44,50"
Duru Köftelik Bulgur 1 Kg,"₺44,50"
Tat Kırmızı Mercimek 1 Kg,"₺49,50"
Yöremce Toptane Kırmızı Mercimek 1000 G,"₺49,50"
"Yöremce Yaprak Kırmızı Mercimek 2,5 Kg","₺134,50"
Yöremce Yerli Kırmızı Mercimek 1000 G,"₺89,50"
Yayla Kırmızı Mercimek 1 Kg,"₺54,50"
Çiftçi Kırmızı Mercimek 1 Kg,"₺28,90"
Armada Anadolu Fasulye 1000 G,"₺57,50"
Armada Anadolu Koçbaşı Nohut 1000 G,"₺44,50"
Yayla Koçbaşı Nohut 1 Kg,"₺39,90"
Yöremce Yeşil Mercimek 1 Kg,"₺67,50"
Yayla Yeşil Mercimek 1 Kg,"₺64,50"
Çiftçi Yeşil Mercimek 1 Kg,"₺42,50"
Yöremce Mısır 500 G,"₺18,00"
Tat Cin Mısır 500 G,"₺24,50"
Tat Cin Mısır 1 Kg,"₺39,50"
Naturfoods Keten Tohumu 140 G,"₺62,50"
Naturfoods Chia Tohumu 140 G,"₺62,50"
Naturfoods Kinoa 150 G,"₺59,50"
Tat Organik Mısır Cin 500 G,"₺37,50"
Yayla Gurme Maş Fasulyesi 500 G,"₺48,50"
Yayla Gurme Keten Tohumu 500 G,"₺54,50"
Yayla Gurme Chia Tohumu 250 G,"₺94,50"
Yayla Gurme Beyaz Kinoa 250 G,"₺49,00"
Tat Aşurelik Buğday 1000 G,"₺32,50"
Tat Koçbaşı Nohut 1 Kg,"₺74,50"
Yöremce Dermason Fasulye 1000 G,"₺72,50"
Yöremce İri Kuru Fasulye 1 Kg,"₺67,50"
Hasata Derinkuyu Dermason Kuru Fasulye 1000 G,"₺79,50"
Yöremce Koçbaşı Nohut 1 Kg,"₺59,50"
Yöremce Beyaz Nohut 1 Kg,"₺92,50"
Hasata Kırşehir Koçbaşı Nohut 1000 G,"₺69,50"
Yöremce Aşurelik Buğday 1000 G,"₺32,50"
Hasata Kadim Kinoa Tohumu 250 G,"₺69,50"
Hasata Kadim Maş Fasulyesi 500 G,"₺69,50"
Hasata Pilavlık Yerli Pirinç 1 Kg,"₺82,50"
Hasata Kahramanmaraş Patlayan Mısır 500 G,"₺29,50"
Hasata Niğde Kiraz Barbunya 500 G,"₺82,50"
Doyum Basmati Pirinç 1 Kg,"₺65,00"
Yayla Esmerim Baldo Pirinç 1 Kg,"₺84,50"
Yayla Dermason Fasulye 1 Kg,"₺69,50"
Çiftçi Sarı Mercimek 1 Kg,"₺42,50"
Çiftçi Kırmızı Yaprak Mercimek 1 Kg,"₺42,50"
Tat Baldo Pirinç 5 Kg,"₺359,50"
Mahmood Basmati Pirinç 900 G,"₺82,50"
Tat Baldo Pirinç 1 Kg,"₺84,50"
Patlaro Mikrodalgada Patlayan Mısır 3x90 G,"₺49,50"
Yayla Uzun Tane Pilavlık Pirinç 2 Kg,"₺99,50"
"Yayla Trakya Baldo Pirinç 2,5 Kg","₺179,50"
Doyum Organik Patlatmalık Mısır 500 G,"₺39,00"
Hasata Kadim Karabuğday 500 G,"₺67,50"
Hasata Kadim Chia Tohumu 250 G,"₺69,50"
Hasata Kadim Börülce 500 G,"₺69,50"
Hasata Kadim Keten Tohumu 250 G,"₺29,50"
Hasata Basmati Pirinç 2 Kg,"₺150,00"
Hasata Köy Sofrası Pilavlık Bulgur 1 Kg,"₺39,50"
Hasata Esmer Çiğ köftelik Bulgur 1 Kg,"₺39,50"
Hasata Başaktane Pilavlık Bulgur 1 Kg,"₺39,50"
Tat Midyat Bulgur 1 Kg,"₺37,50"
Tat Pilavlık Bulgur 1 Kg,"₺37,50"
Akasya İthal Pilavlık Pirinç 5 Kg,"₺199,00"
Tat Köftelik Bulgur 1 Kg,"₺37,50"
Tat Seferkitel Bulgur 1 Kg,"₺37,50"
Çiftçi İthal Pilavlık Pirinç 2 Kg,"₺74,50"
Üstad Gönen Baldo Pirinç 1 Kg,"₺94,50"
Yayla Basmati Pirinç 2 Kg,"₺135,00"
"Ovadan Basmati Pirinç 2,5 KG","₺159,50"
Hasata Basmati Pirinç 1000 G,"₺84,50"
Yayla Baldo Pirinç 5000 G,"₺330,00"
Doyum Şehriyeli Pilavlık Bulgur 1000 G,"₺29,50"
Doyum Midyat Pilavlık Bulgur 1000 G,"₺29,50"
Doyum Tam Tane Pilavlık Bulgur 1000 G,"₺29,50"
Nar Toz Şeker 5 Kg,"₺229,50"
Irmak Toz Şeker 3 Kg,"₺149,50"
Balküpü Toz Şeker 5 Kg,"₺229,50"
Doğuş Toz Şeker 5 Kg,"₺229,50"
Türkşeker Toz Şeker 3 Kg,"₺120,00"
Torku Küp Şeker 1000 G,"₺64,50"
Nar Küp Şeker 1 Kg,"₺54,50"
Borşeker Küp Şeker 1000 G,"₺54,50"
Bal Küpü Küp Şeker 1 Kg,"₺54,50"
Irmak Küp Şeker 1 Kg,"₺54,50"
Doğuş Küp Şeker 1 KG,"₺54,50"
Tatküpü Küp Şeker 1000 G,"₺40,50"
Borşeker Toz Şeker 5000 G,"₺229,50"
Torku Toz Şeker 1000 G,"₺52,50"
Petek Toz Şeker 5000 G,"₺199,00"
Petek Toz Şeker 2000 G,"₺87,50"
Balküpü Toz Şeker 3 Kg,"₺149,50"
Torku Toz Şeker 5000 G,"₺215,00"
Torku Toz Şeker 3000 G,"₺139,50"
Nar Toz Şeker 3 Kg,"₺149,50"
Doğuş Toz Şeker 3 Kg,"₺149,50"
Nar Toz Şeker 1 Kg,"₺52,50"
Borşeker Toz Şeker 1000 G,"₺52,50"
Balküpü Toz Şeker 1 Kg,"₺52,50"
Doğuş Toz Şeker 1 KG,"₺52,50"
Tatküpü Toz Şeker 5000 G,"₺180,00"
Tatküpü Toz Şeker 1000 G,"₺42,50"
Irmak Toz Şeker 1 Kg,"₺52,50"
Irmak Toz Şeker 5 Kg,"₺229,50"
Türkşeker Toz Şeker 1 Kg,"₺39,50"
Petek Küp Şeker 1000 G,"₺52,50"
Petek Küp Şeker 1000 G,"₺52,50"
Petek Küp Şeker 1000 G,"₺52,50"
Petek Tek Sargılı Küp Şeker 750 G,"₺54,50"
Borşeker Toz Şeker 3 Kg,"₺149,50"
Wawa Konserve Ton Balığı 2x160 G,"₺109,00"
Dardanel Ton Balığı 2x170 G,"₺385,00"
Wawa Ton Balığı 3x80 G,"₺95,00"
Kalite Tonla Konserve Balık 3x150 G,"₺119,90"
Dardanel Ton Balığı 3x75 G,"₺245,00"
Dardanel Ton Balığı 125 G,"₺55,00"
Çokça Garnitür 560 G,"₺39,50"
Burcu Konserve Garnitür 570 G,"₺39,50"
Tukaş Garnitür 560 G,"₺39,50"
Çokça Mısır 400 G,"₺46,50"
Tukaş Konserve Mısır 3x150 G,"₺81,50"
Superfresh Konserve Mısır 3x200 G,"₺77,00"
Burcu Cam Konserve Mısır 320 G,"₺39,50"
Çokça Konserve Mısır 340 G,"₺46,50"
Çokça Köz Biber 680 G,"₺85,00"
Çokça Köz Patlıcan 510 G,"₺51,00"
Burcu Köz Patlıcan 540 G,"₺39,50"
Çokça Bezelye Konservesi 830 G,"₺44,50"
Tukaş Cam Bezelye 680 G,"₺44,50"
Yayla Haşlanmış Nohut 700 G,"₺86,50"
Yayla Haşlanmış Fasulye 700 G,"₺86,50"
Burcu Konserve Mantar 310 G,"₺55,00"
Fide Konserve Balık Ton 3x160 G,"₺119,90"
Çokça Haşlanmış Nohut 500 G,"₺25,00"
Çokça Haşlanmış Fasulye 500 G,"₺25,00"
Dardanel Konserve Ton Balığı 6x75 G,"₺550,00"
Fide Köz Patlıcan 650 G,"₺69,50"
Fide Ton Balığı 4x80 G,"₺179,00"
Türkel Köz Biber 680 G,"₺55,00"
Tamek Domates Rendesi 685 G,"₺39,50"
Burcu Konserve Mini Enginar 300 G,"₺59,50"
Tukaş Konserve Mısır 6x150 G,"₺129,50"
Tukaş Konserve Mısır 3x340 G,"₺119,00"
Sinangil Buğday Unu 2 Kg,"₺90,00"
Yeğenler Buğday Unu 2 Kg,"₺54,00"
Yeğenler Buğday Un 5 Kg,"₺120,00"
Nimet Buğday Un 2 Kg,"₺54,00"
Söke Baklavalık ve Böreklik Buğday Un 1 Kg,"₺52,50"
Nimet Buğday Unu 5 Kg,"₺120,00"
Doruk Buğday Unu 5 Kg,"₺145,00"
Sinangil Buğday Unu 9 Kg,"₺275,00"
Söke Geleneksel Un 1 Kg,"₺46,00"
Söke Gelenek Buğday Unu 2 Kg,"₺82,50"
Söke Gelenek Tam Buğday Unu 2 Kg,"₺90,00"
Sinangil Glutensiz Un 500 G,"₺58,50"
İnci Galeta Unu 400 G,"₺30,00"
Narbaharat Galeta Unu 400 G,"₺30,00"
İnci Mısır Unu 400 G,"₺17,50"
Narbaharat Mısır Unu 400 G,"₺17,50"
Sinangil Un 5 Kg,"₺179,00"
Nimet Galeta Unu 400 G,"₺30,00"
Nimet Mısır Unu 400 G,"₺17,50"
Eriş Çok Amaçlı Buğday Unu 2 KG,"₺57,50"
Bendo Spagetti 500 G,"₺13,75"
Bendo Fiyonk Makarna 500 G,"₺13,75"
Bendo Arpa Şehriye 500 G,"₺13,75"
Bendo Burgu Makarna 500 G,"₺13,75"
Bendo Boncuk Makarna 500 G,"₺14,00"
Bendo İnce Uzun Makarna 500 G,"₺13,75"
Bendo Tel Şehriye Makarna 500 G,"₺13,75"
Nuh'un Ankara Spagetti Makarnası 500 G,"₺33,50"
Nuh'un Ankara Burgu Makarnası 500 G,"₺33,50"
Nuh'un Ankara Fiyonk Makarnası 500 G,"₺33,50"
Nuh'un Ankara Yüksük Makarnası 500 G,"₺33,50"
Barilla Spagetti Makarna 500 G,"₺59,50"
Barilla Kalem Makarna 500 G,"₺59,50"
Berona Spagetti Makarna 500 G,"₺23,50"
Berona Mantı Makarna 500 G,"₺21,50"
Berona Çarliston Makarna 500 G,"₺21,50"
Berona Burgu Makarna 500 G,"₺21,50"
Berona Kalem Kesme Makarna 500 G,"₺23,50"
Berona Kalın Kesme Makarna 500 G,"₺23,50"
Berona Dirsek Makarna 500 G,"₺21,50"
Un Do Tre Tricolore Peynirli Tortelloni 300 G,"₺114,50"
Oba Spagetti Makarna 500 G,"₺14,00"
Oba Burgu Makarna 500 G,"₺14,00"
Oba İri Kalem Kesme Makarna 500 G,"₺14,00"
Oba İnce Kesme Makarna 500 G,"₺14,00"
Oba Fiyonk Makarna 500 G,"₺14,00"
Veronelli Kalem Makarna 500 G,"₺22,50"
Veronelli Spagetti Makarna 500 G,"₺22,50"
Veronelli Burgu Makarna 500 G,"₺22,50"
Pastavilla Yüksük Makarna 500 G,"₺27,50"
Pagani Tortellini Makarna 250 G,"₺79,50"
Nuh'un Ankara Arpa Şehriye 500 G,"₺33,50"
Oba Arpa Şehriye 500 G,"₺14,00"
Oba Tel Şehriye 500 G,"₺14,00"
Banetti Mac & Cheese 206 G,"₺55,00"
Indo Mie Jumbo Körili Noodle 5x120 G,"₺32,50"
Indo Mie Jumbo Tavuklu Noodle 5x120 G,"₺32,50"
Nissin Japon Soslu Yakisoba Noodle 83 G,"₺27,50"
Indomie Tavuklu Noodle 5x70 G,"₺85,00"
Indomie Körili Noodle 5x75 G,"₺85,00"
Indo Mie Körili Paket Noodle 75 G,"₺19,75"
Indo Mie Tavuklu Paket Noodle 70 G,"₺19,75"
Indo Mie Spesiyal Paket Noodle 75 G,"₺19,75"
Indomie Jumbo Körili Noodle Paket 120 G,"₺25,00"
Indo Mie Sebzeli Paket Noodle 75 G,"₺19,75"
Indomie Gurme Acı Baharatlı Noodle 80 G,"₺26,50"
Indomie Gurme Soya Soslu Noodle 80 G,"₺26,50"
Indomie Tavuk Aromalı Bardak Noodle 60 G,"₺40,00"
Indomie Köri Aromalı Bardak Noodle 60 G,"₺40,00"
Indomie Sebzeli Bardak Noodle 60 G,"₺40,00"
Indomie Dana Eti Aromalı Bardak Noodle 60 G,"₺40,00"
Oba Mie Körili Noodle Paket  5x75 G,"₺40,00"
Oba Mie Tavuklu Noodle Paket 5x75 G,"₺40,00"
Dudomi Körili Noodle 5x70 G,"₺64,00"
Dudomi Tavuklu Noodle 5x70 G,"₺64,00"
Berona Körili Noodle 75 G,"₺13,50"
Berona Tavuklu Noodle Paket 75 G,"₺13,50"
Berona Körili Bardak Noodle 65 G,"₺33,50"
Berona Tavuklu Bardak Noodle 65 G,"₺27,50"
Knorr Mac & Cheese Çabuk Makarna 212 G,"₺55,00"
Knorr Kajun Tavuk Çabuk Makarna 48 G,"₺13,50"
Knorr Alfredo Çabuk Makarna 48 G,"₺13,50"
Knorr Arabiata Çabuk Makarna 48 G,"₺13,50"
Indo Mie Körili Noodle 10x75 G,"₺99,50"
Indo Mie Tavuklu Noodle 10x70 G,"₺99,50"
Knorr Mac & Cheese Çabuk Makarna 65 G,"₺45,00"
Knorr Pesto Burgu Çabuk Makarna 65 G,"₺45,00"
Knorr Körili Noodle Paket 5x66 G,"₺24,50"
Knorr Trüf Penne Çabuk Makarna 65 G,"₺45,00"
Nuh'un Ankara Sebzeli Nuh'un Gemisi Makarna 350 G,"₺29,50"
Banetti Premium Sriracha Çeşnili Noodle 75 G,"₺14,50"
Banetti Premium Kajun Çeşnili Noodle 75 G,"₺14,50"
Banetti Premium Taco Çeşnili Noodle 75 G,"₺14,50"
Banetti Premium Garam Masala Çeşnili Noodle 75 G,"₺14,50"
Granoro Tagliatelle Makarna 500 G,"₺99,50"
Granoro Lazanya Makarna 500 G,"₺99,50"
Dudomi Peynirli Jalapenolu Noodle 80 G,"₺21,50"
Knorr Ranch Mac & Cheese 212 G,"₺54,50"
Arbella Pırıl Sevimli Rakamlar Vitaminli Makarna 350 G,"₺17,50"
Nissin Yakisoba Köri Sos Noodle 85 G,"₺24,50"
Nudo Egg Noodle 350 G,"₺65,00"
Filiz Fiyonk Makarna 500 G,"₺33,50"
Berona Mini Midye Makarna 500 G,"₺21,50"
Berona Deniz Kabuğu Makarna 500 G,"₺21,50"
Filiz İnce Uzun Makarna 500 G,"₺33,50"
Makaroma Caserecce Makarna 500 G,"₺35,00"
Filiz Kalem Makarna 500 G,"₺33,50"
Filiz Arpa Şehriye 500 G,"₺33,50"
Makaroma Linguine Makarna 500 G,"₺26,50"
Makaroma Farfalle Makarna 500 G,"₺26,50"
Banetti Mac&Cheese 206 G,"₺55,00"
Nissin Yakisoba Chili Sos Noodle 84 G,"₺24,50"
Barilla Burgu Makarna 500 G,"₺59,50"
Arbella Kalem Kesme Makarna 500 G,"₺17,50"
Arbella Burgu Makarna 500 G,"₺17,50"
Arbella Spagetti Makarna 500 G,"₺17,50"
Supermi Tavuklu Noodle 40x70 G,"₺200,00"
Supermi Körili Noodle 40x70 G,"₺200,00"
Berona Tagliatelle Makarna 500 G,"₺59,50"
Pastavilla Lazanya 500 G,"₺79,50"
Filiz Yumurtalı Bukle Makarna 350 G,"₺35,50"
Filiz Boncuk Makarna 500 G,"₺33,50"
Filiz Mantı Makarna 500 G,"₺33,50"
Filiz Spagetti Makarna 500 G,"₺33,50"
Filiz Burgu Makarna 500 G,"₺33,50"
Rummo Penne Makarna 500 G,"₺99,50"
Rummo Spaghetti Makarna 500 G,"₺99,50"
Üstad Dana Etli Bohça Mantı 350 G,"₺113,50"
Bendo Yumurtalı Erişte 500 G,"₺28,50"
Bendo Dana Etli Mantı Kayseri 350 G,"₺63,00"
Bendo Dana Etli Üçgen Mantı 350 G,"₺49,50"
Bendo Dana Etli Bohça Mantı 350 G,"₺63,00"
Bendo Çorum Mantı 500 G,"₺28,50"
Kemal Öz Çorum Mantısı 1 Kg,"₺67,50"
Kaşıkla Dana Etli Kayseri Mantı 500 G,"₺114,50"
Ziyafe Ispanaklı Mantı 350 G,"₺59,50"
Ziyafe Kayseri Mutfağı Mantısı 500 G,"₺95,00"
Filiz Tel Şehriye 500 G,"₺33,50"
Ziyafe Patatesli Hingel Mantı 400 G,"₺64,50"
Üstad Sriracha Mayonez 175 G,"₺49,50"
Üstad Trüflü Mayonez 175 G,"₺49,50"
Tat Ketçap Mayonez Seti 650 G / 575 G,"₺165,00"
Çokça Ketçap 1000 G,"₺57,50"
Çokça Ketçap Tatlı 250 G,"₺26,50"
Çokça Acılı Ketçap 1000 G,"₺57,50"
Çokça Acı Sos 330 G,"₺42,00"
Çokça Ketçap Acı 250 G,"₺26,50"
Hellmans Ketçap 460 G,"₺59,50"
Hellmans Mayonez 385 G,"₺79,50"
Tukaş Ketçap 650 G,"₺85,00"
Calve Tatlı Ketçap 610 G,"₺119,50"
Calve Acılı Ketçap 610 G,"₺119,50"
Tukaş Acı Ketçap 650 G,"₺85,00"
Burcu Tatlı Ketçap 330 G,"₺25,00"
Burcu Acı Ketçap 330 G,"₺25,00"
Tat Tatlı Ketçap 650 G,"₺99,90"
Tat Acılı Ketçap 650 G,"₺99,90"
Burcu Ketçap 650 G,"₺85,00"
Burcu Acılı Ketçap 650 G,"₺85,00"
Çokça Mayonez 840 G,"₺121,00"
Çokça Az Yağlı Mayonez 840 G,"₺92,50"
Çokça Mayonez 220 G,"₺52,50"
Tukaş Mayonez 550 G,"₺95,00"
Burcu Mayonez 290 G,"₺39,00"
Burcu Mayonez 550 G,"₺95,00"
Tat Mayonez 550 G,"₺149,90"
Calve Mayonez 540 G,"₺179,50"
Calve Gurme Sriracha Mayonez 240 G,"₺65,00"
Calve Sarımsaklı Mayonez 245 G,"₺39,90"
Calve Gurme Trüflü Mayonez 235 G,"₺65,00"
Burcu 2'li Set Ketçap 650 G+ Mayonez 550 G,"₺99,50"
Calve Hardal Sos 250 G,"₺59,50"
Çokça Sarımsaklı Mayonez Sos 310 G,"₺42,00"
Çokça Ranch Sos 310 G,"₺42,00"
Çokça Barbekü Sos 350 G,"₺42,00"
Heinz Amerikan Burger Sos 230 G,"₺49,90"
Tukaş Acı Sos 380 G,"₺59,90"
Tukaş Ranch Sos 335 G,"₺59,90"
Tukaş Barbekü Sos 400 G,"₺59,90"
Çokça Acı Sos 330 G,"₺26,50"
Calve Acı Sos 275 G,"₺99,50"
Berona Cheddar Makarna Sosu 180 G,"₺49,50"
Kühne Pesto Sos 190 G,"₺79,50"
Burcu Lütenitsa Sos 310 G,"₺39,50"
Galle Beyaz Sirke 5000 ml,"₺59,00"
Yakamoz Beyaz Sirke 5 L,"₺79,50"
Tarihi Odunpazarı Beyaz Sirke 5 L,"₺49,00"
Kemal Kükrer Elma Sirkesi 500 ml,"₺119,00"
Naturange Doğal Limon Suyu Sos 237 ml,"₺30,00"
Torku Üzüm Sirkesi 1 L,"₺75,00"
Kemal Kükrer Nar Ekşisi 250 ml,"₺245,00"
Galle Soya Sosu 250 ml,"₺39,50"
Doğanay %100 Limon Suyu Sos 500 Ml,"₺82,50"
Torku Beyaz Sirke 5 L,"₺95,00"
Kemal Kükrer Organik Elma Sirkesi 500 ml,"₺99,50"
Çokça Burger Sos 310 G,"₺79,50"
Çokça Hardal 320 G,"₺79,50"
Yeni Kavaklıdere %100 Limon Suyu 750 ml,"₺54,50"
Burcu Ajvar Kahvaltılık Sos 560 G,"₺54,50"
Heinz Mayonez 330 G,"₺64,50"
Tukaş Ketçap 1 Kg & Mayonez 840 G Set 2'li,"₺94,00"
Çınarköy Karbonatlı Sirke 2 L,"₺39,50"
Fersan Detox Doğal Sirke Analı Elma Sirkesi 250 ml,"₺29,50"
Burcu Ketçap 650 G,"₺32,50"
Burcu Mayonez 550 G,"₺36,50"
Yeni Kavaklıdere Salata Sosu 250 ml,"₺30,00"
Melis Ekmeküstü Kahvaltılık Sos 195 G,"₺75,00"
Zühre Ana Karadut Özü 670 G,"₺229,00"
Zühre Ana Ananas Sirkesi 500 ml,"₺165,00"
Calve Ranch Sos 245 G,"₺99,50"
Calve Cheddar Sos 240 G,"₺99,50"
Calve Barbekü Sos 290 G,"₺99,50"
Calve Cheetos Peynir Aromalı Sos 240 G,"₺89,50"
Zühre Ana Servi Kozalağı Şurubu 500 ml,"₺199,00"
Öncü Salata Sosu 700 G,"₺69,50"
Kühne Ananas Çeşnili Sirke 250 ml,"₺39,50"
Burcu Paprika Acı Biber Sos 200 G,"₺35,00"
Zühre Ana Orman Meyveleri Özü 640 G,"₺189,00"
Zühre Ana Bromelain Şurubu 250 ml,"₺210,00"
Calve Acı Sos 265 G,"₺69,50"
Calve Burger Sos 245 G,"₺69,50"
Heinz Ranch Sos 225 G,"₺112,50"
Calve Ketçap & Mayonez Seti 2x430 G+380 G,"₺240,00"
Aiko Soya Sos 250 ml,"₺75,00"
Muhler Limon Suyu 750 ml,"₺49,50"
Tamek Ketçap 600 G + Mayonez 540 G,"₺129,00"
Calve Ketçap 610 G & Mayonez 380 G 2'li Set,"₺99,50"
Yeşilbağ Beyaz Sirke 5 L,"₺69,50"
Samire Tuz 1500 G,"₺15,00"
Billur İyotlu Sofra Tuzu 3 Kg,"₺115,00"
Billur İyotlu Tuz 750 G,"₺37,50"
Billur Tuzluklu Tuz 500 G,"₺54,50"
Diyar Değirmen Kapak Tane Karabiber 58 G,"₺64,50"
Salti Tuz 500 G,"₺14,90"
Missalt Yeraltı Kaynak Tuzu 500 G,"₺25,00"
Salti Salamura Tuz 2250 G,"₺45,00"
Öncü Pul Biber 500 G,"₺169,50"
Diyar Baharat Karabiber 75 G,"₺53,00"
Diyar Baharat Tatlı Toz Biber 100 G,"₺38,50"
Diyar Baharat Pul Biber 100 G,"₺39,50"
Diyar Baharat Acı Toz Biber 100 G,"₺38,50"
Diyar Karbonat 120 G,"₺13,00"
Diyar Köri 50 G,"₺28,50"
Diyar Mavi Haşhaş 100 G,"₺49,50"
Diyar Baharat Sumak 100 G,"₺69,50"
Diyar Baharat Nane 30 G,"₺15,75"
Diyar Baharat Limon Tuzu 100 G,"₺39,50"
Diyar Baharat Çörekotu 75 G,"₺32,50"
Green Life Hindistan Cevizi 120 G,"₺49,50"
İnci Kök Zencefil 100 G,"₺31,90"
Diyar Karbonat 500 G,"₺23,50"
Naturfoods Öğütülmüş Hindistan Cevizi Baharatı 250 G,"₺42,50"
Green Life Limon Tuzu 300 G,"₺79,50"
Diyar Baharat İsot 100 G,"₺49,50"
Diyar Baharat Kekik 30 G,"₺33,00"
Diyar Sebzeli Çeşni 200 G,"₺17,50"
Knorr Fırında Tavuk Çeşnisi Mangal Lezzeti 29 G,"₺39,50"
Knorr Köfte Harcı 82 G,"₺42,50"
Knorr Çıtır Çıtır Pane Harcı 90 G,"₺26,50"
Knorr Tavuk Çeşni 60 G,"₺49,50"
Knorr Kajun Baharatlı Patates Çeşnisi 60 G,"₺49,50"
Kent Baharat Çam Fıstık 25 G,"₺45,00"
Diyar Baharat Hindistan Cevizi 50 G,"₺28,50"
İnci Çubuk Tarçın 100 G,"₺105,00"
İnci Karanfil 25 G,"₺45,00"
Diyar Baharat Susam 75 G,"₺17,00"
Kent Baharat Karanfil 25 G,"₺45,00"
Kent Baharat Çubuk Tarçın 100 G,"₺105,00"
Diyar Baharat Tarçın 75 G,"₺30,00"
Diyar Baharat Kuş Üzümü 75 G,"₺79,50"
Saygın Himalaya Kaya Tuzu + Hediye Tuzluklu Himalaya Kaya Tuzu 750 G,"₺99,50"
Üstad Trüf Mantarlı Himalaya Tuzu 170 G,"₺119,00"
Kent Karbonat 1 Kg,"₺55,00"
Kent Boringer İngiliz Karbonatı 250 G,"₺39,50"
Kent Boringer Karbonat 1000 G,"₺92,50"
Kent Boringer Karbonat 1 Kg,"₺55,00"
Rasty Yeraltı Kaynak Tuzu 500 G,"₺29,50"
Kent Karbonat 1 KG,"₺59,50"
Sera Değirmen Kapak Himalaya Tuzu 110 G,"₺39,50"
Sera Değirmen Kapak Tane Karabiber 50 G,"₺39,50"
Çokça Domates Salçası 830 G,"₺52,00"
Öncü Domates Salçası 1650 G,"₺197,50"
Burcu Domates Salçası 830 G,"₺59,50"
Tukaş Teneke Domates Salçası 830 G,"₺37,90"
Tat Domates Salçası 830 G,"₺49,50"
Çokça Domates Salçası 410 G,"₺17,50"
Burcu Domates Salçası 1500 G,"₺129,50"
Doğuş Domates Salçası 830 G,"₺44,50"
Öncü Domates Salçası 4300 G,"₺385,00"
Öncü Domates Salçası 830 G,"₺79,50"
Çokça Tatlı Biber Salçası 650 G,"₺72,50"
Öncü Tatlı Biber Salçası 900 G,"₺169,50"
Öncü Acı Biber Salçası 900 G,"₺169,50"
Çokça Acı Biber Salçası 650 G,"₺72,50"
Çokça Karışık Salça 830 G,"₺79,50"
Öncü Karışık Salça 700 G,"₺74,50"
Tat Domates Püresi 680 G,"₺35,00"
Sultan Domates Püresi 800 G,"₺35,00"
Tukaş Domates Rendesi 700 G,"₺37,50"
Burcu Domates Rendesi 685 G,"₺55,00"
Tukaş Tatlı Biber Salçası 1650 G,"₺140,00"
Knorr Kremalı Mantar Çorbası 63 G,"₺34,75"
Knorr Kremalı Domates Çorbası 69 G,"₺34,75"
Knorr Ezogelin Çorba 74 G,"₺34,75"
Knorr Kremalı Tavuk Çorbası 65 G,"₺39,50"
Knorr Yayla Çorbası 72 G,"₺19,50"
Knorr Sıvı Ekşili Köfte Çorba 480 G,"₺69,90"
Ustasından Kremalı Tavuk Çorbası 65 G,"₺9,50"
Ustasından Mercimek Çorbası 76 G,"₺9,50"
Ustasından İşkembe Çorbası 63 G,"₺9,50"
Trakya Ev Tarhanası Yöresel Çorba 250 G,"₺29,50"
Knorr Şehriyeli Tavuk Çorbası 51 G,"₺34,75"
Galle Salatalık Turşusu 680 G,"₺53,50"
Galle Kornişon Turşu NO:0 330 G,"₺69,50"
Galle Karışık Turşu 680 G,"₺54,00"
Galle Jalapeno Turşu 350 G,"₺35,00"
Galle Kornişon Turşusu 680 G,"₺66,50"
Aysan Salatalık Turşusu 670 G,"₺59,50"
Tat Salatalık Turşusu 1 Kg,"₺89,50"
Galle Karışık Turşu 3000 G,"₺79,90"
Galle Salatalık Turşusu No:2 3000 G,"₺94,90"
Tat Kornişon Turşusu 680 G,"₺115,00"
Aysan Tatlı&Ekşi Kornişon Turşu No:0 670 G,"₺75,00"
Kühne Cüccü Kornişon Turşu 340 G,"₺110,00"
Kühne Alman Tipi Salatalık Turşusu 670 G,"₺99,50"
Tukaş Kornişon 330 G,"₺39,90"
Galle Biberiye Turşu 3000 G,"₺132,90"
Galle Biberiye Turşusu 335 G,"₺47,50"
Galle Acı Biber Turşusu 330 G,"₺47,50"
Aysan Kornişon Turşu 670 G,"₺89,50"
Knorr Tavuk Suyu Bulyon 24'lü,"₺55,00"
Knorr Tavuk Bulyon 12'li,"₺39,75"
Knorr Et Bulyon 12'li,"₺39,75"
Ustasından Et Bulyon 8'li,"₺11,90"
Ustasından Tavuk Bulyon 8'li,"₺16,00"
Knorr Sıvı Tavuk Bulyon 480 ml,"₺42,90"
Knorr Et Bulyon 12'li,"₺40,00"
Knorr Tavuk Bulyon 12'li,"₺40,00"
Fide İlikli Kemik Suyu 480 ml,"₺22,50"
Kahve Dünyası Tambol Bademli Sütlü Çikolata 77 G,"₺89,50"
Kahve Dünyası Tambol Fındıklı Sütlü Çikolata 77 G,"₺85,00"
Kahve Dünyası Tambol Antep Fıstıklı Sütlü Çikolata 77 G,"₺119,25"
Ülker Sütlü Çikolata 60 G,"₺69,00"
Ülker Kadayıflı Dubai Çikolatası 93 G,"₺123,00"
Nestle Damak Klasik Antep Fıstıklı Sütlü Çikolata 60 G,"₺69,50"
Vince Dubai Kadayıflı Çikolata 90 G,"₺89,00"
Ülker Antep Fıstıklı Çikolata 65 G,"₺103,00"
Ülker %60 Bitter Çikolata 60 G,"₺69,00"
Ülker Napoliten Sütlü Çikolata 33 G,"₺44,00"
Ülker Çokokrem Kakaolu Fındık Kreması 40 G,"₺28,00"
Ülker Bademli Krokanlı Çikolata 60 G,"₺49,00"
Ülker Bitter Tablet Çikolata 70 G,"₺65,00"
Ülker Beyaz Tablet Çikolata 70 G,"₺65,00"
Ülker Sütlü Tablet Çikolata 70 G,"₺65,00"
Nestle Damak Karamel Krokan Çikolata 60 G,"₺99,50"
Nestle Damak Baklava Çikolata 60 G,"₺45,00"
Nestle Damak Lokum Çikolata 60 G,"₺49,00"
Nestle Damak Antep Fıstıklı Çikolata 30 G,"₺29,00"
Nestle Damak İlk Hasat Çikolata 60 G,"₺45,00"
Damak İnci Antep Fıstıklı Beyaz Çikolata 30 G,"₺26,00"
Nestle Damak İnci Nostalji Antep Fıstıklı Çikolata 70 G,"₺49,00"
Nestle Damak Nostalji Antep Fıstıklı Çikolata 75 G,"₺69,50"
Nestle Damak Sütlü Çikolata Kaplı Antep Fıstıklı Draje 50 G,"₺50,00"
Nestle Damak İnci Fıstıklı Çikolata 18 G,"₺12,50"
Nestle Damak Antep Fıstıklı Stick Çikolata 18 G,"₺21,00"
Ülker Caramio Karamel Dolgulu Çikolata 32 G,"₺27,00"
Ülker Caramio Duo Çikolata 32 G,"₺15,00"
Ülker Caramio Bitter Çikolata 32 G,"₺15,00"
Ülker Caramio Karamel Dolgulu Çikolata 55 G,"₺44,50"
Eti Antep Fıstıklı Çikolata 60 G,"₺102,00"
Eti Keyfince Rulo Gofret Çikolata 70 G,"₺55,00"
Eti Yer Fıstıklı Çikolata 100 G,"₺69,50"
Eti Fındıklı Çikolata 100 G,"₺69,50"
Eti Karamelli Patlaklı Çikolata 95 G,"₺69,50"
Eti Sütlü Kare Çikolata 65 G,"₺72,50"
Eti Uzun Çikolata Keyfi Antep Fıstıklı 34 G,"₺42,50"
Eti Karam Bitter Mini Çikolata 32 G,"₺24,50"
Eti İçibol %27 Antep Fıstıklı Çikolata 30 G,"₺55,00"
Eti İçibol %27 Fındıklı Çikolata 30 G,"₺27,50"
Eti Petito Ayıcık Figürlü Sütlü Çikolata 72 G,"₺69,50"
Eti Petito Patim Bol Sütlü Çikolata 18 G,"₺17,00"
"Eti Petito Ayıcık Mini Çikolata 6,5 G","₺8,50"
Eti Petito Mini Sütlü Çikolata 32 G,"₺35,00"
Nestle Nostalji Sütlü Çikolata 65 G,"₺49,50"
Nestle Nostalji Beyaz Çikolata 65 G,"₺54,50"
Nestle Fındıklı Çikolata 60 G,"₺42,50"
Nestle Nesquik Kare Çikolata 70 G,"₺55,00"
Nestle Nesquik Pirinç Patlaklı Çikolata Bar 25 G,"₺29,50"
Nestle Classic Bol Sütlü Çikolata 60 G,"₺69,00"
Nestle Kurabiyeli Çikolata 60 G,"₺35,00"
Nestle Classic Beyaz Çikolata 60 G,"₺69,00"
Nestle Antep Fıstıklı Çikolata 60 G,"₺49,00"
Nestle Bitter Çikolata 60 G,"₺35,00"
Nestle Corn Flakes Çikolata 60 G,"₺35,00"
"Nestle Crunch Pirinç Patlaklı Sütlü Çikolata 31,5 G","₺30,00"
Nestle Crunch Sütlü Çikolata 70 G,"₺49,00"
Nestle Crunch Beyaz Çikolata 70 G,"₺49,00"
"Nestle Crunch Pirinç Patlaklı Beyaz Çikolata 31,5 G","₺17,50"
Ülker Fındıklı Çikolata 60 G,"₺72,50"
Ülker Antep Fıstıklı Bitter Çikolata 65 G,"₺89,50"
Ülker Amore Limon Dolgulu Çikolata 54 G,"₺25,00"
Ülker Antep Fıstıklı Beyaz Çikolata 65 G,"₺89,50"
Ülker Fındıklı ve Üzümlü Çikolata 60 G,"₺72,50"
Torku Fındıklı Çikolata 60 G,"₺35,00"
Ülker Çikolata Uzun Sütlü 32 G,"₺20,00"
"Ülker Fındık Rüyası Fındıklı Çikolata 40,5 G","₺32,50"
Xroll Fındıklı Çikolata Bar 30 G,"₺15,00"
Milka Beyaz Çikolata 80 G,"₺55,00"
Milka Fındıklı Çikolata 80 G,"₺55,00"
Milka Oreolu Çikolata 100 G,"₺119,90"
Milka Üzümlü Fındıklı Çikolata 80 G,"₺55,00"
Milka Çilekli Yoğurtlu Çikolata 100 G,"₺119,90"
Torku Bütün Fındıklı Çikolata 70 G,"₺99,50"
Milka Sütlü Çikolata 80 G,"₺55,00"
Togo Ottimo Beyaz Çikolata 64 G,"₺10,00"
Torku Antep Fıstıklı Çikolata 65 G,"₺45,00"
Milka Oreo Beyaz Çikolata 100 G,"₺55,00"
Torku Sütlü Çikolata 60 G,"₺70,00"
Torku Bitter Çikolata 60 G,"₺70,00"
Milka Oreo Sandwich Çikolata 92 G,"₺55,00"
Torku Antep Fıstıklı Baton Çikolata 30 G,"₺23,00"
Milka Oreo Sandwich Çilekli Çikolata 92 G,"₺55,00"
Torku Çokofest Frambuazlı Çikolata Bar 30 G,"₺27,50"
Vince Bütün Bademli Sütlü Çikolata 80 G,"₺46,50"
Vince Bütün Bademli Bitter Çikolata 80 G,"₺42,50"
Vince %20 Bütün Antep Fıstıklı Sütlü Çikolata 65 G,"₺65,00"
Vince %20 Bütün Antep Fıstıklı Beyaz Çikolata 65 G,"₺45,00"
Vince Fındık Keyfi Çikolata 40 G,"₺15,00"
Godiva Antep Fıstıklı Karamelli Çikolata 60 G,"₺89,00"
File Para Çikolata 27 G,"₺27,50"
Eti Canga Bar Yer Fıstıklı Karamelli Çikolata 45 G,"₺17,75"
Tadelle Fındıklı Bar Çikolata 3x30 G,"₺68,50"
Eti Canga Bar Cookie Karamel Çikolata 45 G,"₺17,75"
Eti Remixx Bar Çikolata Bisküvi Karamel 20 G,"₺5,50"
Eti Remixx Bar Çikolata Nuga Karamel 20 G,"₺5,50"
Tadelle Fındıklı Çikolata Bar 30 G,"₺37,50"
Ülker Hobby Fındıklı Bar Çikolata 250 G,"₺100,00"
Ülker Hobby Çikolatalı Fındıklı Bar 25 G,"₺10,00"
Torku Miniki Sütlü Çikolatalı Nugalı Bar 240 G,"₺79,00"
Torku Yer Fıstıklı Kremalı Çikolata Bar 40 G,"₺10,00"
Ülker Laviva Bisküvili Bar Çikolata 35 G,"₺26,50"
Eti Canga Gold Yer Fıstıklı Karamelli Çikolata 45 G,"₺19,50"
Snickers 2'li Bar Çikolata 80 G,"₺45,00"
"Snickers Çikolata Bar 35,5 G","₺24,50"
Torku Yer Fıstıklı Çikolata Bar 4x40 G,"₺35,00"
Ülker Albeni 40 G,"₺19,75"
Ülker Albeni Kurabiyem 170 G,"₺87,50"
Ülker Albeni Karamelli Bar Çikolata 4x40 G,"₺41,00"
Ülker Albeni Beyaz Çikolata Kaplı Viva 36 G,"₺15,00"
Ülker Piko Portakallı Pirinç Patlaklı Bar 18 G,"₺9,75"
Xroll Hindistan Cevizli Bar Çikolata 5x25 G,"₺25,00"
Xroll Cho-Co Corn Sütlü Çikolata Hindistan Cevizli Bar 32 G,"₺8,50"
Ülker Metro Çikolata Nugalı Bar 36 G,"₺16,50"
Xroll Çikolatalı Karamelli Mini Bar Poşet 250 G,"₺59,00"
Xroll Bar Nugalı Karamelli Çikolata 40 G,"₺9,00"
Xroll Karamelli Çikolata Bar 40 G,"₺10,00"
Xroll Çikolatalı Karamelli Bar 7'li 180 G,"₺61,50"
Xroll Çikolatalı Karamelli Bar XL 7'li 180 G,"₺61,50"
Ülker Cocostar Hindistan Cevizli Bar Çikolata 25 G,"₺12,75"
Ülker Çokomilk Çikolata Kaplı Nuga Bar 24 G,"₺10,00"
Cino Kayısılı Çikolatalı Bar 25 G,"₺8,50"
Nutmaster Çubuk Çikolata 52 G,"₺18,00"
Eti Maximus Loading Yer Fıstıklı Bar Çikolata 50 G,"₺17,00"
Eti Maximus Yer Fıstıklı Beyaz Çikolata Bar 36 G,"₺15,00"
Twix Çikolatalı Bar 75 G,"₺24,50"
Şölen Nutymax Antep Fıstıklı Kremalı Çikolata 44 G,"₺39,50"
Bounty Hindistan Cevizli Çikolata Bar 57 G,"₺29,00"
Granio Kırmızı Meyveli Çikolata Bar 40 G,"₺20,00"
Şölen Nutymax Antep Fıstıklı Kremalı Çikolata 3x44 G,"₺79,50"
Beyoğlu Gala Yer Fıstıklı Çikolata 47 G,"₺8,50"
Togo Yer Fıstıklı Karamelli Beyaz Çikolata Bar 60 G,"₺9,00"
Şölen Nutymax Ekstra Fındıklı Çikolata Bar 3x40 G,"₺59,00"
Sweet Tastic Hindistan Cevizli Çikolata Bar 50 G,"₺7,00"
Togo Antep Fıstıklı Çikolata 40 G,"₺10,00"
Togo Bisküvi Kremalı Çikolata 40 G,"₺7,50"
Togo Lotus Kremalı Bisküvi Çikolata 40 G,"₺7,50"
Cino Çikolatalı Portakallı Bar 25 G,"₺8,50"
Torku Sütlü Çikolata 30 G,"₺19,00"
Ülker Rodeo Yer Fıstıklı Çikolata Bar 45 G,"₺19,00"
Togo Çilek Kremalı Çikolata 40 G,"₺7,50"
Togo Hindistan Cevizli Kremalı Çikolata 40 G,"₺7,50"
Nutschoco Çikolata Bar 30 G,"₺8,00"
Şölen Boombastic Yer Fıstıklı Çikolata 40 G,"₺19,50"
Sweet Tastic Yer Fıstıklı Çikolata 50 G,"₺7,00"
Sweet Tastic Karamelli Çikolata 50 G,"₺7,00"
Tigo Pop Muzlu Bar 8 G,"₺2,50"
Tigo Pop Çilekli Bar 8 G,"₺2,50"
Tigo Pop Kakaolu Bar 8 G,"₺2,50"
Merci Çubuk Çikolata 250 G,"₺249,00"
Gold Fındıklı Top Çikolata 150 G,"₺79,00"
Vince Romeo Badem Dolgulu Çikolata 150 G,"₺89,00"
M&M's Salted Caramel Draje 36 G,"₺24,50"
M&M's Fıstıklı Çikolatalı Draje 45 G,"₺24,50"
Milka Bonibon Draje Çikolata 36 G,"₺45,00"
Vince Draje Çikolata 3x27 G,"₺35,00"
Ülker Yupo Draje Çikolata 3x20 G,"₺45,00"
Ozmo Egg Çikolatalı Sürpriz Yumurta 20 G,"₺39,00"
Kiddy Sürpriz Yumurta Sütlü Çikolata 20 G,"₺23,75"
Xroll Enjoy Erkekler İçin Sürpriz Yumurta Çikolata 20 G,"₺22,50"
Xroll Enjoy Kızlar İçin Sürpriz Yumurta Çikolata 20 G,"₺22,50"
Todix Dips Stick Çikolata 40 G,"₺12,00"
Todix Choco Oyuncaklı Çikolata 35 G,"₺35,00"
Togo Cosmilk Oyuncaklı Çikolata Bar 25 G,"₺7,50"
Cino File Para Çikolata 33 G,"₺27,50"
Dippo Oyuncaklı Kornet Çikolata 25 G,"₺22,50"
Cosby Şemsiye Çikolata 20 G,"₺29,50"
Lc Madalyon Sütlü Çikolata 18 G,"₺19,50"
Ogaş Kaplamalı Saray Helvası 300 G,"₺99,50"
Peyman Bahçeden Fındıklı Bar 30 G,"₺29,50"
Bahçeden Yer Fıstıklı Bar 30 G,"₺12,00"
Tadımca Yer Fıstıklı Bar 30 G,"₺15,00"
Ritter Sport Tuzlu Karamelli Çikolata 218 G,"₺89,00"
Ritter Sport Meyveli Dolgulu Çikolata 218 G,"₺89,00"
Toblerone Kuru Meyveli Çikolata 100 G,"₺75,00"
Milka Oreolu Çikolata 300 G,"₺265,00"
Ülker Be Happy Çilekli Tablet Çikolata 88 G,"₺39,50"
Torku Miniki Sütlü Çikolata 9 G,"₺5,00"
Beyoğlu Kadayıflı Dubai Çikolatası 35 G,"₺29,00"
Skittles Meyve Aromalı Draje 38 G,"₺25,00"
Evliya Kadayıflı Dubai Çikolata 120 G,"₺49,00"
Ülker Napoliten Kalpli Çikolata 90 G,"₺65,00"
Beyoğlu Dubaco Dubai Çikolatası 200 G,"₺175,00"
Ülker Çikolata Çilekli Magnolia Tadında 215 G,"₺125,00"
Torku Çokofest Karamel Dolgulu Çikolata 60 G,"₺25,00"
Bonucci Kadayıflı Dubai Çikolatası 35 G,"₺39,00"
Cosby Fun Pembe Yumurta Çikolata 20 G,"₺18,50"
Kahve Dünyası Nello Fındıklı Bar Çikolata 33 G,"₺49,50"
Torku Çokofest Frambuazlı Çikolata 55 G,"₺29,50"
Patiswiss Kadayıflı Dubai Çikolatası 100 G,"₺79,00"
Cosby Fun Mavi Yumurta Çikolata 20 G,"₺18,50"
Patiswiss Kadayıflı Dubai Çikolata 30 G,"₺29,00"
Miniki Nugalı Sütlü Çikolata Bar 25 G,"₺9,00"
Ülker Ece Bütün Fındıklı Çikolata 350 G,"₺295,00"
Kahve Dünyası Dolgulu Lavi Sütlü/Bitter Çikolata 250 G,"₺260,00"
Şölen Octavia Pirinç Patlaklı Çikolata 400 G,"₺295,00"
Ülker Geleneksel Tatlı Serisi Çikolata Mix 120 G,"₺69,00"
Eti Remixx Karamelli Bisküvili Çikolata Bar 480 G,"₺59,90"
"Nestle Damak Fıstıklı Çikolata 151,2 G","₺199,00"
Tambol Mini Fındıklı Fıstıklı Bademli Çikolata 234 G,"₺329,00"
Şölen Ozmo Mini Eggs Çikolata 154 G,"₺139,00"
Xroll Çikolatalı Hindistan Cevizli Mini Bar Poşet 250 G,"₺72,50"
Patiswiss Draje Çikolatalı Badem Şeker 150 G,"₺99,00"
Donaci Meyveli Hindistan Cevizi Dolgulu Çikolata 250 G,"₺34,90"
Eti Ahenk Bol Sütlü İkramlık Çikolata 300 G,"₺229,00"
Ülker Çikolatin Sütlü Çikolata 350 G,"₺295,00"
Fondante Sütlü Çikolata 500 G,"₺225,00"
Torku Nice Bütün Fındıklı Sütlü Çikolata 400 G,"₺275,00"
Kahve Dünyası Mini Nello Fındıklı Çikolata 250 G,"₺375,00"
Ülker Bonbon Ekstra Bayramlık Şeker 350 G,"₺99,00"
Ülker Sırma Pirinç Patlaklı Çikolata 445 G,"₺220,00"
Eti Karam Portakal Karamel Dolgulu Bitter Çikolata 300 G,"₺229,00"
Ülker Truffle Fındık Dolgulu Çikolata 355 G,"₺295,00"
Eti Remixx Karamelli Nugalı Çikolata Bar 480 G,"₺59,90"
Evliya Herman Hindistan Cevizli Çikolata Bar 500 G,"₺109,00"
Fondante Naneli Çikolata 500 G,"₺225,00"
Balin İkramlık Sütlü Çikolata 250 G,"₺175,00"
Şölen Mojee Fındıklı Krema Dolgulu Çikolata 246 G,"₺249,00"
Ülker Select Fındık Krema Dolgulu Çikolata 240 G,"₺325,00"
Balin Nostaljik Kutu Karışık Çikolata 300 G,"₺249,00"
Balin Madlen Sütlü Bitter Çikolata 360 G,"₺295,00"
Evliya Herman Meyveli Hindistan Cevizli Çikolata Bar 500 G,"₺109,00"
Balin Lord Bitter Çikolata Kaplı Fondan 250 G,"₺89,00"
Chocodan's Karamelli Fındıklı Çikolata 125 G,"₺69,00"
Dorado Sütlü Karamelli Çikolata 125 G,"₺50,00"
Tadelle Fındık Dolgulu Sütlü Mini Çikolata 200 G,"₺139,00"
Balin Gala Çikolata Kadayıf Fıstıklı 360 G,"₺250,00"
Gala Fındıklı Sütlü Kutu Çikolata 360 G,"₺235,00"
Balin Lami Bitter Çikolata Kaplı Fondan 250 G,"₺89,00"
"Nestle Crunch Pirinç Patlaklı Sütlü Çikolata 10x31,5 G","₺139,90"
Vince Fındık Kreması Dolgulu Pralin Çikolata 240 G,"₺65,00"
Ödül Pirinç Patlaklı Dolgulu Çikolata 500 G,"₺40,00"
Ödül Fındıklı Çikolata 350 G,"₺32,50"
Torku Miniki Nugalı Sütlü Çikolata 400 G,"₺54,90"
Cocobite Hindistan Cevizli Çikolata 500 G,"₺75,00"
Cocobite Hindistan Cevizli Meyveli Çikolata 500 G,"₺75,00"
Vince Bütün Fındıklı Beyaz Çikolata 360 G,"₺60,00"
Fondante Karamelli Çikolata 500 G,"₺79,00"
Evliya Black Joley Çikolata Kaplı Yumuşak Şeker 500 G,"₺110,00"
Torku Nice Antep Fıstıklı Çikolata 240 G,"₺150,00"
Ülker Buklet Madlen Kutu Çikolata 208 G,"₺199,00"
Toffifee Fındıklı Karamelli Çikolata 125 G,"₺92,50"
Vince Beyaz Bütün Fındıklı Kutu Çikolata 370 G,"₺150,00"
Vince Sütlü Bütün Fındıklı Kutu Çikolata 370 G,"₺150,00"
Ülker Ece Bütün Fıstıklı Kadayıf Çikolata 300 G,"₺250,00"
Ülker Ece Bütün Fındıklı Kutu Çikolata 215 G,"₺295,00"
Togo Pirinç Patlaklı Dolgulu Çikolata 500 G,"₺79,50"
Togo Mini Karışık Çikolata 350 G,"₺59,00"
Evliya 1960 Sütlü Karamelli Çikolata 250 G,"₺89,00"
Bolçi Fındıklı Kadayıflı Çikolata 30 G,"₺35,00"
Bolçi Antep Fıstıklı Kadayıflı Çikolata 30 G,"₺44,50"
Bonart Joytop Spacegame Çikolata 11 G,"₺49,50"
Nutmaster Orman Meyvesi Aromalı Krema & Grissini 52 G,"₺17,00"
Patiswiss Portakallı Çikolata Kaplamalı Draje 80 G,"₺75,00"
Cino Karışık Meyve Aromalı Bar Çikolata 500 G,"₺119,00"
Nusspo Fındıklı Sütlü Çikolata 30 G,"₺22,50"
Nusspo Antep Fıstıklı Sütlü Çikolata 30 G,"₺25,00"
Nusspo Hindistan Cevizli Bar Çikolata 22 G,"₺5,00"
Nusspo Sütlü Çikolata 30 G,"₺20,00"
Ülker Fındık Rüyası Fındıklı Çikolata 185 G,"₺125,00"
Nutmaster Antep Fıstıklı Krema & Grissini 52 G,"₺17,00"
Kahve Dünyası Fruitbon Bitter Çikolata Kaplı Yaban Mersini 50 G,"₺54,50"
Dippo Kakaolu Süt Dolgulu Kalp 18 G,"₺14,50"
Sponge Bob Beyaz Trüf Çikolata Tartuffi Muzlu 85 G,"₺95,00"
Sponge Bob Beyaz Trüf Çikolata Tartuffi Çilekli 85 G,"₺95,00"
Tadelle Sütlü Çikolata 15 G,"₺15,00"
Beyoğlu Bütün Fındıklı Çikolata 170 G,"₺149,00"
Beyoğlu Mini Mix 500 G,"₺125,00"
Vince Antep Fıstıklı Çikolata 80 G,"₺59,00"
Nestle Çikolata Fındık Ezmeli & Fındık 60 G,"₺55,00"
Nestle Damak Üzümlü Antep Fıstıklı Çikolata 70 G,"₺59,50"
Nestle Çikolata Tuzlu Karamel & Fındık 60 G,"₺55,00"
Dippo File Para Çikolata 27 G,"₺19,50"
Vince Bütün Fındıklı Çikolata 100 G,"₺69,50"
Vince Bitter Çikolata 80 G,"₺39,00"
Vince Sütlü Çikolata 80 G,"₺39,00"
Vince Sütlü Bütün Bademli Çikolata 80 G,"₺49,50"
Vince Çilekli Cheesecake Çikolata 100 G,"₺50,00"
Vince Fındıklı Çikolata 80 G,"₺42,00"
Kahve Dünyası Frutibon Bitter Çikolata Kaplı Çilekli Draje 50 G,"₺69,50"
Kahve Dünyası Bitter Çikolata Kaşık 6'lı 48 G,"₺65,00"
Kahve Dünyası Popçik Çikolata 250 G,"₺175,00"
Milka Coconut Bubbles Çikolata 97 G,"₺59,50"
Milka Cappuccino Bubbles Çikolata 97 G,"₺59,50"
Godiva Domes Fındıklı Çikolata 123 G,"₺190,00"
Godiva %90 Bitter Kare Çikolata 52 G,"₺95,00"
Godiva Masterpiece Karamelli Sütlü Çikolata Tablet 86 G,"₺99,00"
Godiva Masterpieces Karışık Kutu Çikolata 115 G,"₺159,00"
Nestle Damak Gece Antep Fıstıklı Bitter Çikolata 60 G,"₺69,50"
Cino Hindistan Cevizli Bar 25 G,"₺7,50"
Ülker Fındıklı Çikolata 30 G,"₺30,00"
Ülker Sütlü Çikolata 30 G,"₺30,00"
Ülker Bitter Çikolata 30 G,"₺30,00"
Ülker Antep Fıstıklı Çikolata 30 G,"₺49,00"
"Beyoğlu Dubaco Çıtır Kadayıflı Dubai Çikolatası 16x12,5 G","₺175,00"
Miskets Labeby Sürpriz Çikolatalı Kutu 60 G,"₺50,00"
Çikolabu Karamelize Bisküvili Çikolata 75 G,"₺49,50"
Nestle Artizan İşi Antep Fıstıklı & Fındıklı Bol Sütlü Çikolata 60 G,"₺105,00"
Nestle Artizan İşi Antep Fıstıklı & Fındıklı Beyaz Çikolata 60 G,"₺105,00"
Beyoğlu Matchico Çilekli Matcha Çikolata 95 G,"₺95,00"
Kahve Dünyası Yer Fıstıklı Patlamış Mısır 80 G,"₺39,50"
Dippo Madalyon Çikolata 18 G,"₺10,00"
Corny Çikolatalı Fındıklı Tam Tahıllı Bar 20 G,"₺19,50"
Kahve Dünyası Bonte Bisküvili Draje 160 G,"₺160,00"
Ülker Bütün Bademli Çikolata 80 G,"₺100,00"
Ülker Muzlu Pasta Tadında Çikolata 215 G,"₺125,00"
Ülker Bütün Antep Fıstıklı Çikolata 77 G,"₺125,00"
Ülker Bütün Fındıklı Çikolata 80 G,"₺100,00"
Ülker Fındıklı & Çıtır Kadayıflı İstanbul Çikolata 93 G,"₺110,00"
Ülker Kadayıflı Dubai Çikolata 35 G,"₺39,50"
Ülker Çilekli Sütlü Kare Çikolata 60 G,"₺49,50"
Torku Spesiyal Çikolata Karadeniz Rüyası 30 G,"₺25,00"
Kahve Dünyası Sütlü Çikolata Kaşık 6'lı 48 G,"₺65,00"
Kahve Dünyası Popçik Patlayan Şekerli Çikolata 18 G,"₺18,75"
Nutbari Yer Fıstıklı Çubuk Çikolata 50 G,"₺14,50"
Eti Sütlü Kare Çikolata 60 G,"₺67,00"
Xroll Bitter Çikolatalı Dolgulu ve Bisküvili Sütlü Çikolata 35 G,"₺18,50"
Nutmaster Muzlu Krema & Grissini 52 G,"₺17,00"
Torku T-Bar Fındıklı Çikolata Bar 240 G,"₺75,00"
Nutmaster Çilek Kreması & Grissini 52 G,"₺17,00"
"Ülker Metro Büyük Boy 50,4 G","₺15,00"
Nestle Sütlü Bademli Çikolata 60 G,"₺39,00"
Nestle Bademli Beyaz Çikolata 60 G,"₺39,00"
Eti Fındıklı Çikolata 60 G,"₺70,00"
Mentos Pure Nane Aromalı Sakız Draje 30 G,"₺35,00"
Sarelle Çubuk Çikolata 50 G,"₺27,50"
Milka Çilekli Çikolata 300 G,"₺99,00"
Nesquik Pirinç Patlaklı Bar Çikolata 4x25 G,"₺69,50"
Tambol Antep Fıstığı Krokan Dolgulu  Çikolata 100 G,"₺129,95"
Tambol Bol Sütlü Çikolata 77 G,"₺89,95"
Tambol Fındık Kreması Dolgulu Çikolata 100 G,"₺89,95"
Tambol Badem Krokan Dolgulu Çikolata 100 G,"₺99,95"
Tambol Çilekli Milföy Dolgulu Çikolata 100 G,"₺89,95"
Tambol Caffe Latte Dolgulu Çikolata 100 G,"₺89,95"
Nestle Damak Ezme Çikolata 60 G,"₺65,00"
Nestle Damak İnci Antep Fıstıklı Beyaz Çikolata 60 G,"₺69,50"
Damak Antep Fıstıklı Baklava Çikolata 30 G,"₺29,00"
Torku Çokofest Karamel Dolgulu Çikolata 55 G,"₺29,50"
"Nestle Nesfit Çikolata Bar 4x23,5 G","₺80,00"
Ülker Pirinç Patlaklı Sütlü Çikolata 4x29 G,"₺69,00"
Milka Badem Karamel Çikolata 300 G,"₺265,00"
Toblerone Bitter Çikolata 100 G,"₺75,00"
Toblerone Sütlü Çikolata 100 G,"₺75,00"
Godiva Bol Sütlü Kare Çikolata 60 G,"₺65,00"
Nestle 1927 %60 Bitter Çikolata 60 G,"₺55,00"
Nestle 1927 Bol Sütlü Çikolata 60 G,"₺55,00"
Ülker %80 Bitter Çikolata 60 G,"₺55,00"
Kahve Dünyası Beyoğlu Bar Çikolata 30 G,"₺37,50"
Kahve Dünyası Popçik Patlayan Draje Çikolata 40 G,"₺55,00"
Milka Kek ve Bisküvili Çikolata 300 G,"₺265,00"
Ülker Albeni Büyük Boy 52 G,"₺18,50"
Cino Kakaolu Fındık Kreması Tüp 40 G,"₺10,00"
Cino Tüp Kakaolu Fındık Kreması 25 G,"₺8,00"
Ülker Laviva Sütlü Çikolatalı Gofret 45 G,"₺19,00"
Ülker Sütlü Çikolatalı Gofret 36 G,"₺16,00"
Ülker Çikolatalı Gofret 4x36 G,"₺55,00"
Ülker Çikolatalı Gofret 7x36 G,"₺79,00"
Nestle Damak Ala Antep Fıstıklı Gofret 30 G,"₺49,50"
Nestle Damak Ala Antep Fıstıklı Beyaz Çikolatalı Gofret 30 G,"₺30,00"
Beyoğlu Dubai Antep Fıstıklı Gofret 36 G,"₺30,00"
Gofrik Antep Fıstıklı Sütlü Çikolata Kaplı Gofret 125 G,"₺184,50"
Beyoğlu Best Antep Fıstıklı Sütlü Çikolatalı Gofret 46 G,"₺7,00"
Gofrik Antep Fıstıklı Bitter Çikolatalı Gofret 33 G,"₺29,50"
Kahve Dünyası Gofrik Antep Fıstıklı Gofret 33 G,"₺29,50"
Ülker Antep Fıstıklı Çikolatalı Gofret 30 G,"₺24,50"
Ülker Beyaz Çikolatalı Gofret 35 G,"₺16,00"
Ülker Bitter Çikolatalı Gofret 36 G,"₺16,00"
Eti Sütlü Çikolatalı Gofret 34 G,"₺12,00"
Eti Gold Çikolatalı Gofret 29 G,"₺12,00"
Ülker Çokonat Baklavalı Gofret 30 G,"₺25,00"
Ülker Çokonat 33 G,"₺24,50"
Eti Karam Gurme Bitter Çikolatalı Gofret 50 G,"₺29,50"
Eti Karam Gurme Bitter Çikolatalı Gofret 3x50 G,"₺75,00"
Nestle Fındık Kremalı Gofret 21 G,"₺7,50"
Eti Ahenk Gurme Sütlü Çikolatalı Gofret 50 G,"₺29,50"
Ülker Kat Kat Tat Antep Fıstıklı Milföy 28 G,"₺15,00"
Ülker Dido Çikolatalı Gofret 35 G,"₺27,00"
"Ülker Dido Trio Beyaz Çikolatalı Gofret 36,5 G","₺30,00"
Ülker Dido Gold Gofret Süt Reçelli 36 G,"₺18,50"
Eti Petito Gofret Kakaolu 26 G,"₺11,50"
Milka Beyaz Çikolatalı Gofret 180 G,"₺109,00"
Xroll Premium Sütlü Çikolatalı Gofret 36 G,"₺9,00"
Xroll Beyaz Çikolatalı Gofret 36 G,"₺9,00"
Xroll Premium Bitter Çikolatalı Gofret 36 G,"₺9,00"
Xroll Çikolatalı Fındıklı Gofret 33 G,"₺16,00"
Xroll Fındıklı Çikolatalı Gofret 7x33 G,"₺99,00"
Sarelle Çikolatalı Fındık Kremalı Gofret 33 G,"₺25,00"
Sarelle Duo Çikolatalı Fındık Kremalı Gofret 33 G,"₺12,50"
Tadelle Bitter Çikolatalı Küp Gofret 200 G,"₺65,00"
Sarelle Hindistan Cevizli Çikolatalı Gofret 33 G,"₺23,50"
Tadelle Maxinut Pirinç Patlaklı Gofret 30 G,"₺18,00"
Xroll 4Kat Sütlü Çikolatalı Gofret 35 G,"₺16,00"
"Nestle Nesquik Sütlü Çikolatalı Gofret 26,7 G","₺17,50"
"Nestle Nesquik Beyaz Çikolatalı Gofret 26,7 G","₺9,50"
Nestle 1927 Fındık Kremalı Sütlü Gofret 28 G,"₺15,00"
Nestle Kitkat Chunky Çikolatalı Gofret 38 G,"₺32,50"
Nestle 1927 Yoğun Bitter Gofret 28 G,"₺15,00"
Nestle Crunch Patt Çikolatalı Gofret 27 G,"₺30,00"
Tadelle Maxinut Fındıklı Gofret 4x30 G,"₺75,00"
Torku No:1 Çikolatalı Gofret 35 G,"₺15,75"
Torku Summer Fındıklı Gofret 32 G,"₺11,95"
Torku 1 Daha Gofret Çikolatalı 32 G,"₺19,95"
Torku Summer Mangolu Hindistan Cevizli Gofret 32 G,"₺7,50"
Cino Çikolata Kaplamalı Gofret 30 G,"₺8,00"
Torku Summer Ahududulu Limonlu Gofret 32 G,"₺7,50"
Beyoğlu Togo Antep Fıstık Aromalı Gofret 30 G,"₺6,00"
Beyoğlu Togo Portakal Aromalı Gofret 30 G,"₺6,00"
Beyoğlu Togo Fındık Aromalı Gofret 30 G,"₺6,00"
Beyoğlu Togo Fındık Aromalı Beyaz Gofret 30 G,"₺4,00"
"Ülker Dido Kare Çikolatalı Gofret 55,5 G","₺45,00"
Beyoğlu Togo Muz Aromalı Gofret 30 G,"₺4,00"
"Milka Gofree Çikolatalı Gofret 28,5 G","₺16,00"
Beyoğlu Togo Vanilya Aromalı Beyaz Gofret 30 G,"₺4,00"
Çizmeci Time Çikolata Kremalı Rulo Gofret 280 G,"₺79,50"
Şölen Demba Beyaz Çikolata Kaplamalı Gofret 20 G,"₺5,00"
Şölen Demba Kakao Kaplamalı Gofret 20 G,"₺5,00"
Biscolata Veni Çikolata Kremalı Gofret 110 G,"₺29,00"
Eti Canga Yer Fıstıklı Gofret 34 G,"₺17,50"
Ülker Kat Kat Tat Çilek Kremalı Milföy 28 G,"₺10,00"
Ülker Kat Kat Tat Fındık Kremalı Milföy 25 G,"₺10,00"
Eti Bidolu Muz Kremalı Gofret 81 G,"₺35,00"
Eti Hoşbeş Fındık Kremalı Gofret 142 G,"₺47,00"
Eti Hoşbeş Kakao Kremalı Gofret 142 G,"₺47,00"
Eti Hoşbeş Çilek Kremalı Gofret 142 G,"₺47,00"
Hoşbeş Hindistan Cevizi Kremalı Gofret 142 G,"₺49,50"
Xroll Hindistan Cevizli Çikolatalı Uzun Gofret 35 G,"₺7,50"
Xroll Çikolatalı Uzun Gofret 35 G,"₺7,50"
Xroll Muzlu Gofret 350 G,"₺49,50"
Xroll Kakaolu Gofret 350 G,"₺49,50"
Xroll Fındık Kremalı İncecik Gofret 142 G,"₺34,00"
Xroll İncecik Çilek Kremalı Gofret 142 G,"₺34,00"
Ülker 9 Kat Muz Kremalı Gofret 114 G,"₺25,00"
Ülker 9 Kat Tat Muz Kremalı Gofret 39 G,"₺8,00"
Ülker 9 Kat Tat Portakal Kremalı Gofret 39 G,"₺8,00"
Ülker 9 Kat Tat Fındık Kremalı Gofret 39 G,"₺8,00"
Ülker Fındık Kremalı Gofret 220 G,"₺55,00"
Oylum Vanilyalı Gofret 450 G,"₺65,00"
Oylum Kakaolu Gofret 450 G,"₺45,00"
Give Me Bitter Çikolatalı Gofret 40 G,"₺9,75"
Give Me Fındık Kremalı Çikolatalı Gofret 40 G,"₺9,75"
Xroll Çok Kat Fındık Kremalı Gofret 39 G,"₺6,50"
Xroll Çok Kat Muzlu Gofret 39 G,"₺6,50"
Xroll Çok Kat Kakaolu Gofret 39 G,"₺6,50"
Xroll Çok Kat Portakallı Gofret 39 G,"₺5,00"
Beyoğlu Give Me Sütlü Fındıklı Gofret 30 G,"₺6,50"
Beyoğlu Give Me Antep Fıstıklı Gofret 30 G,"₺8,00"
Beyoğlu Give Me Çilekli Gofret 30 G,"₺6,50"
Beyoğlu Give Me Muzlu Gofret 30 G,"₺6,50"
Forus Portakallı Kremalı Gofret 20 G,"₺4,50"
Give Me Antep Fıstıklı Çikolatalı Gofret 40 G,"₺9,75"
Forus Fındıklı Kremalı Gofret 20 G,"₺4,50"
Forus Çilekli Kremalı Gofret 20 G,"₺4,50"
Torku Orman Meyveli Gofret 142 G,"₺35,00"
Ülker 9 Kat Tat Fındık Kremalı Gofret 114 G,"₺40,00"
Ülker 9 Kat Tat Hindistan Cevizi Kremalı Gofret 114 G,"₺40,00"
Torku Kakao ve Vanilya Kremalı Gofret 142 G,"₺35,00"
Torku Bitter Ve Portakallı Gofret 142 G,"₺35,00"
Torku Fındık Kremalı Gofret 142 G,"₺42,50"
Torku Çilek Kremalı Gofret 142 G,"₺42,50"
Tadelle Fındık Kremalı Küp Gofret 200 G,"₺59,00"
Torku Karamelli Fındıklı Gofret 142 G,"₺35,00"
Tadelle Kakao Kremalı Küp Gofret 200 G,"₺65,00"
Miskos Vanilyalı Gofret 200 G,"₺20,00"
Eti Bidolu Kakao Kremalı Yer Fıstığı Parçacıklı Gofret 81 G,"₺40,00"
Eti Bidolu Yer Fıstıklı Kremalı Gofret 81 G,"₺29,50"
Luxens Çilek Kremalı Gofret 40 G,"₺5,00"
Aldiva Luxens Çikolata Kremalı Gofret 40 G,"₺5,00"
Aldiva Luxens Fındık Kremalı Gofret 40 G,"₺5,00"
Miskets Şeftali Aromalı Mini Cornet Gofret 50 G,"₺25,00"
Apart Vanilyalı Gofret 150 G,"₺20,00"
Aldiva Luxens Kakao Kremalı Gofret 40 G,"₺5,00"
Aldiva Kakao Aromalı Gofret 25 G,"₺3,00"
Aldiva Vanilya Aromalı Gofret 25 G,"₺3,00"
Miskets Çilekli Mini Cornet Gofret 50 G,"₺25,00"
Çizmeci Time Kremalı Rulo Gofret 250 G,"₺100,00"
Xroll Krema Dolgulu Gofret Cornet 25 G,"₺9,50"
Şölen Ozmo Kornet Çikolata Dolgulu Gofret 25 G,"₺11,00"
Ülker 9 Kat Tat Rulokat Fındık Kremalı Rulo Gofret 170 G,"₺75,00"
Çizmeci Time Fındık Kremalı Rulo Gofret 280 G,"₺77,00"
Xroll Karamelli Waffle Gofret 252 G,"₺69,50"
Cino Hindistan Cevizli Çikolata Kaplamalı Gofret 350 G,"₺65,00"
Cino Çikolata Kaplamalı Çilekli Çikolata 350 G,"₺55,00"
Cino Antep Fıstıklı Gofret 350 G,"₺67,00"
Cino Çikolata Kaplamalı Fındıklı Çikolata 350 G,"₺65,00"
Miskos Kakaolu Kağıt Helva 45 G,"₺12,50"
Miskos Çilekli Kağıt Helva 45 G,"₺12,50"
Miskos Muzlu Kağıt Helva 45 G,"₺12,50"
"Şölen Nutymax Antep Fıstıklı Kremalı Gofret 20x11,5 G","₺175,00"
Ülker XXL Dev Çıtırtı Çikolatalı Gofret 230 G,"₺140,00"
"Milkyway Crispy Rolls Gofret 22,5 G","₺10,00"
"Twix Crispy Rolls Gofret 22,5 G","₺10,00"
Xroll Üçkat Sütlü Gofret 10x20 G,"₺58,00"
Eti Çikolatalı Gofret 29 G,"₺12,00"
Bonucci Gofibi Antep Fıstık Aromalı Gofret 36 G,"₺9,50"
Şölen Chic Choc Çikolatalı Gofret 17 G,"₺5,00"
Çizmeci Time Wafer Master Slim Çilek Aromalı Gofret 128 G,"₺34,00"
Torku Antep Fıstıklı Sütlü Kremalı Gofret 142 G,"₺59,50"
Torku Fındık Kremalı Çıtır Gofret 12x30 G,"₺120,00"
Ülker Dido Maxi 47 G,"₺26,50"
Ülker Dido Nut Gofret 35 G,"₺28,50"
Eti Karam Gurme Bitter Çikolata Kaplı Antep Fıstıklı Kremalı Gofret 36 G,"₺19,00"
Bifa Thinster Hindistan Cevizi Aromalı Gofret 55 G,"₺10,00"
Bifa Thinster Kakao Kremalı Gofret 55 G,"₺10,00"
Hoşbeş Bitter Çikolata Kremalı Gofret 142 G,"₺49,50"
Ülker Çokonat Maxi 45 G,"₺24,00"
Nestle Crunch Patt Patlamış Pirinçli Fındık Kremalı Gofret 8x27 G,"₺225,00"
Nestle Kitkat Chunky Bitter Gofret 38 G,"₺25,00"
Nestle Kitkat Chunky Cookie Gofret 38 G,"₺25,00"
Nestle Kitkat Chunky Fındıklı Gofret 38 G,"₺25,00"
C&C Çikolata Kaplamalı Elma Aromalı Gofret 350 G,"₺65,00"
C&C Mango Aromalı Çikolata Kaplı Gofret 350 G,"₺65,00"
C&C Çikolata Kaplamalı Portakal Aromalı Gofret 350 G,"₺65,00"
Torku 1 Daha Gofret Beyaz Antep Fıstıklı 35 G,"₺26,95"
Torku 1 Daha Gofret Çikolata Browni 35 G,"₺19,95"
Torku 1 Daha Gofret Limon Cheesecake 35 G,"₺19,95"
C&C Çikolata Kaplamalı Orman Meyve Aromalı Gofret 350 G,"₺65,00"
C&C Ananaslı Çikolata Kaplamalı Gofret 350 G,"₺65,00"
C&C Çikolata Kaplamalı Şeftali Aromalı Gofret 350 G,"₺59,00"
Torku No:1 Special Çikolatalı Gofret 32 G,"₺10,00"
Ülker Maxi Çikolatalı Gofret 47 G,"₺15,00"
Tadelle Çikolata Kaplamalı Gofret 28 G,"₺15,50"
Sarelle Antep Fıstıklı Gofret 33 G,"₺32,50"
Çizmeci Fındıklı Gofret 128 G,"₺28,00"
Ülker 9 Kat Limon Kremalı Gofret 114 G,"₺25,00"
Apart Vanilyalı Gofret 200 G,"₺25,00"
Aktürk Vanilyalı Gofret 800 G,"₺79,00"
Ülker Deluxe Kakaolu Gofret 220 G,"₺40,00"
Eti Beyaz Çikolatalı Çilekli Gofret 29 G,"₺14,50"
Dubigof Kaplamalı Antep Fıstık Aromalı Gofret 36 G,"₺8,50"
Sarelle Orman Meyveli Gofret 33 G,"₺25,00"
Eti Hoşbeş Patlayan Şekerli Çilekli Limonlu Kremalı Gofret 142 G,"₺32,00"
Ülker Lavia Selection Sütlü Çikolatalı Gofret 45 G,"₺28,50"
Xroll Dark Bitter Çikolatalı Gofret 50 G,"₺12,00"
Tadelle Beyaz Çikolata Kaplı Gofret 35 G,"₺14,50"
Tadelle Sütlü Çikolata Kaplı Gofret 35 G,"₺14,50"
Torku Miniki Sütlü Kremalı Gofret 18 G,"₺5,00"
Torku Fındık Kremalı Kare Gofret 30 G,"₺13,50"
Ülker 9 Kat Portakal Kremalı Gofret 114 G,"₺25,00"
Tadelle Maxinut Yer Fıstıklı Gofret 30 G,"₺18,00"
Torku No1 Çikolatalı Gofret 5x35G,"₺59,50"
Eti Hoşbeş Misket Limon Kremalı Gofret 66 G,"₺31,75"
Üstad Tereyağlı Bisküvi 450 G,"₺99,00"
Üstad Tereyağlı Çıtır Burgu Kraker 100 G,"₺49,00"
Ülker İkram Çikolata Kremalı Bisküvi 3x84 G,"₺64,00"
İkram Çikolata Kremalı Bisküvi 84 G,"₺15,00"
Ülker İkram Fındık Kremalı Bisküvi 3x84 G,"₺45,00"
İkram Fındık Kremalı Bisküvi 84 G,"₺17,50"
Eti Nero Kremalı Kakaolu Bisküvi 4x110 G,"₺109,25"
Eti Nero Kakaolu Kremalı Bisküvi 110 G,"₺22,00"
Oreo Kakaolu Kremalı Bisküvi 66 G,"₺19,00"
Eti Benim'O Marshmallowlu Çikolata Kaplı Bisküvi 3x80 G,"₺75,00"
Ülker Halley Bisküvi 30 G,"₺12,00"
Ülker Halley Portakal Dolgulu Çikolatalı Bisküvi 236 G,"₺74,00"
Xroll Çikolata Kaplı Marshmallow Bisküvi 30 G,"₺7,50"
"Mc Vitie's Karadutlu Beyaz Çikolatalı Bisküvi 84,5 G","₺32,50"
Ülker Krispi Acılı Çubuk Kraker 43 G,"₺7,50"
Ülker Krispi Baharatlı Çubuk Kraker 43 G,"₺9,50"
Ülker Krispi Peynirli Çubuk Kraker 43 G,"₺9,50"
McVitie's Saklıköy Sütlü Kremalı Tam Tahıllı Bisküvi 4x100 G,"₺83,00"
Ülker Probis Kremalı Bisküvi 10x28 G,"₺79,00"
Ülker Çokoprens Çikolata Kremalı Sandviç Bisküvi 10x30 G,"₺62,00"
Ülker Probis Proteinli Bisküvi 75 G,"₺25,00"
Ülker Probis Kremalı Bisküvi 3x75 G,"₺55,00"
Xroll Pötibör Bisküvi 1 Kg,"₺69,00"
Eti Petit Beurre Petibör Bisküvi 200 G,"₺32,00"
Ülker Pötibör Bisküvi 4x200 G,"₺112,00"
Ülker Sade Pötibör Bisküvi 450 G,"₺69,00"
Xroll Petibör Kakaolu Bisküvi 1 KG,"₺69,00"
Torku Pötibör Bisküvi 4x175 G,"₺65,00"
Oylum Petibör Bisküvi 1000 G,"₺75,00"
Ülker Pötibör Sade Bisküvi 175 G,"₺30,00"
Ülker Pötibör Kakaolu Bisküvi 175 G,"₺30,00"
Ülker Çubuk Kraker 195 G,"₺18,00"
Ülker Çubuk Kraker 40 G,"₺7,50"
Çıtkırıldım Çubuk Kraker 150 G,"₺12,50"
Torku Çubuk Kraker 64 G,"₺5,50"
Eti Burçak Sultani Üzümlü Bisküvi 3x123 G,"₺58,00"
Eti Burçak Buğdaylı Bisküvi 3x131 G,"₺72,50"
Eti Burçak Sütlü Çikolatalı Bisküvi 114 G,"₺39,50"
Burçak Tahıl Patlaklı Kakaolu Bisküvi 3x117 G,"₺54,00"
Eti Burçak Sütlü Kremalı Bisküvi 4x100 G,"₺70,00"
Eti Burçak Tuzlu Çörekotlu Bisküvi 3x91 G,"₺38,00"
Eti Burçak Sütlü Kakaolu Bisküvi 4x100 G,"₺66,00"
Eti Burçak Bitter Çikolatalı Bisküvi 114 G,"₺40,00"
Eti Kurabi Yulaflı Yer Fıstıklı Kakaolu Kurabiye 198 G,"₺68,00"
Eti Burçak Proteinli Fındıklı Bisküvi 158 G,"₺39,50"
Eti Kurabi Mini Kakaolu Kurabiye 150 G,"₺39,50"
Eti Kurabi Mini Bademli Kurabiye 150 G,"₺39,50"
Eti Fındık Kremalı Bisküvi 61 G,"₺15,00"
Eti Çilek Kremalı Bisküvi 61 G,"₺9,00"
Eti Muz Kremalı Bisküvi 61 G,"₺9,00"
Ülker Kremalı Sade Bisküvi 4x61 G,"₺56,50"
Ülker Kremalı Bisküvi 8x61 G,"₺58,00"
Ülker Rondo Kakaolu Kremalı Bisküvi 4x61 G,"₺41,50"
Ülker Rondo Kakaolu Kremalı Bisküvi 8x61 G,"₺58,00"
Eti Cin Portakal Soslu Bisküvi 13x25 G,"₺55,00"
Eti Cin Çilek Soslu Bisküvi 13x25 G,"₺55,00"
Eti Cin Portakal Soslu Bisküvi 114 G,"₺24,50"
Eti Cin Portakal Jöleli Bisküvi 3X114 G,"₺62,00"
Çiziviç Haşhaşlı Baharatlı Kraker 82 G,"₺16,50"
Çizi Haşhaşlı Baharatlı Kraker 70 G,"₺10,00"
Ülker Çiziviç Peynirli Kraker Sandviç 3x82 G,"₺57,00"
Ülker Çizi Peynirli Kraker 4x70 G,"₺52,00"
Ülker Çizi Peynirli Kraker 70 G,"₺14,75"
Ülker Çizi Çıtır Peynirli & Soğanlı Çerez 120 G,"₺44,00"
Ülker Çizi Çıtır Tulum Peynirli ve Köz Biber Aromalı Çerez 120 G,"₺45,00"
Ülker Çizi Çıtır Peynirli Soğanlı Çerez 80 G,"₺24,50"
Ülker Çizi Çıtır Tulum Peynirli Köz Biberli Çerez 80 G,"₺24,50"
Ülker Altınbaşak Çörekotlu & Kinoalı Bisküvi 5x40 G,"₺73,50"
Ülker Altınbaşak Labneli Sandviç Kraker 60 G,"₺16,00"
Ülker Altınbaşak Labneli Sandviç Kraker 3x60 G,"₺35,00"
Ülker Altınbaşak Tahıl Cipsi 50 G,"₺21,75"
Xroll Kremalı Bisküvi 4x75 G,"₺37,50"
Xroll Protein Bisküvi Muz Kremalı 10x28 G,"₺49,50"
Ülker Halley Sütlü Çikolatalı Bisküvi 8x30 G,"₺94,00"
Ülker Halley Karadut Marmelatlı Bisküvi 236 G,"₺94,00"
Ülker Halley Muzlu Bisküvi 7x30 G,"₺54,50"
Ülker Halley Çikolatalı Mini Granüllü Marshmallowlu Bisküvi 3x66 G,"₺79,00"
"Ülker Halley Mini Çikolata Kaplı Bisküvi 10x10,3 G","₺39,50"
McVitie's Karamelli Tarçınlı Kremalı Bisküvi 88 G,"₺25,00"
Ülker Dore Çikolata Kaplamalı Bisküvi 3x86 G,"₺52,50"
Ülker Çokomel Çilekli Marshmallow Bisküvi 3x12 G,"₺11,50"
Torku Tam Kremalım Sütlü Kremalı Bisküvi 3x83 G,"₺45,00"
Eti Kombo Çikolata Kaplı Bisküvi 56 G,"₺22,00"
Eti Kombo Çikolata Kaplı Bisküvi 84 G,"₺33,00"
Torku Tam Ruşeymli Orman Meyveli Bisküvi 3x84 G,"₺70,00"
Torku Tam Buğdaylı Bisküvi 3x131 G,"₺59,00"
Torku Premio XL Kremalı Bisküvi 176 G,"₺35,00"
Torku Tam Çikolatam Çilekli Bisküvi 3x83 G,"₺59,00"
Torku Tam Çikolatam Süt Kremalı Bisküvi 3x83 G,"₺49,00"
Torku Turtacık Portakallı Jöleli Bisküvi 3x102 G,"₺49,00"
Torku Kakaolu Kremalım Bisküvi 3x83 G,"₺45,00"
Torku Fındık Kremalı Bisküvi 4x61 G,"₺39,00"
Torku Çikolatalı Ruşeymli Bisküvi 84 G,"₺22,50"
Torku Nacho Kremalı Kraker 76 G,"₺10,00"
Torku Mevsim Yeşillikli Kraker 76 G,"₺10,00"
Xroll Finger Bisküvi 450 G,"₺39,00"
Eti Crax Çubuk Kraker 85 G,"₺9,00"
Eti Finger Bisküvi 900 G,"₺117,00"
Ülker Çifte Kavrulmuş Petibör Bisküvi 4x200 G,"₺80,00"
Eti Crax Acı Baharatlı Kraker 50 G,"₺15,50"
Chipsm Süt Mısır Aromalı Kraker 60 G,"₺17,50"
Eti Çikolata Kremalı Pötibör Bisküvi 270 G,"₺69,00"
Eti Crax Chili Lime Kraker 50 G,"₺15,50"
Eti Crax Acılı Çubuk Kraker 50 G,"₺11,50"
Eti Crax Baharatlı Çubuk Kraker 80 G,"₺19,50"
Eti Crax Peynirli Çubuk Kraker 80 G,"₺19,50"
Eti Crax Baharatlı Kraker 175 G,"₺25,00"
Çıtkırıldım Peynirli Kraker 45 G,"₺5,25"
Çıtkırıldım Baharatlı Kraker 45 G,"₺5,25"
Çıtkırıldım Baharatlı Kraker 60 G,"₺9,00"
Eti Crax Peynirli Kraker 175 G,"₺25,00"
Çıtkırıldım Peynirli Kraker 60 G,"₺9,00"
Eti Balık Kraker 160 G,"₺36,50"
Çıtkırıldım Balık Kraker 140 G,"₺15,00"
Eti Ketçaplı Kırmızı Balık Kraker 65 G,"₺19,50"
Çıtkırıldım Balık Kraker 140 G,"₺15,00"
Eti Mısırlı Balık Kraker 70 G,"₺17,00"
Çıtkırıldım Mısırlı Balık Kraker 70 G,"₺10,00"
Çıtkırıldım Fiyonk Kraker 200 G,"₺21,00"
Biscolata Mood Çikolata Dolgulu Bisküvi 110 G,"₺56,00"
Biscolata Stix Karamel Parçalı Bisküvi 36 G,"₺27,50"
Ülker Taç Tuzlu Kraker 3x76 G,"₺42,00"
Eti Tutku Kakao Kremalı Mozaik Bisküvi 100 G,"₺25,00"
Ülker Çokoprens Kakao Kremalı Bisküvi 234 G,"₺35,00"
Ülker Çokoprens Atıştırmalık 81 G,"₺17,00"
Ülker Biskrem Extra Cookie Kurabiye 184 G,"₺42,00"
Eti Tutku Bold Kakao Kremalı Mozaik Bisküvi 138 G,"₺27,50"
Xroll Kakao Kremalı Sandviç Bisküvi 10x30 G,"₺39,50"
Ülker Biskrem Kakaolu Kremalı Dolgulu Bisküvi 200 G,"₺45,00"
Ülker Biskrem Extra Kakaolu Krema Dolgulu Bisküvi 184 G,"₺36,50"
Ülker Biskrem Kakaolu Krema Dolgulu Bisküvi 3x100 G,"₺67,50"
Ülker Biskrem Kakaolu Krema Dolgulu Bisküvi 100 G,"₺25,00"
Ülker Biskrem Cookie Çikolatalı Kurabiye 80 G,"₺18,00"
Eti Susamlı Çubuk Kraker 56 G,"₺15,00"
Ülker Susamlı Çubuk Kraker 70 G,"₺17,50"
Çıtkırıldım Susamlı Çubuk Kraker 100 G,"₺13,50"
Ülker Çifte Kavrulmuş Pötibör Bisküvi 450 G,"₺69,00"
Ülker Kremalı Çilekli Bisküvi 4x61 G,"₺56,50"
Ülker Kremalı Muzlu Bisküvi 4x61 G,"₺56,50"
Ülker Stars Cookie Cocostar Kurabiye 47 G,"₺22,50"
Eti Kakaolu Bisküvi 125 G,"₺25,00"
Ülker Stars Cookie Albeni Kurabiye 47 G,"₺22,50"
Ülker Stars Cookie Çikolatalı Kurabiye 47 G,"₺22,50"
Eti Pizza Kraker 76 G,"₺14,50"
Eti Peynirli Pizza Kraker 63 G,"₺10,00"
Chips Master Kajun Aromalı Kraker 60 G,"₺17,50"
Torku Premio Kremalı Bisküvi 3x110 G,"₺59,00"
Tortu Turtacık Çilek Jöleli Bisküvi 94 G,"₺15,00"
Torku Karamelce Karamel Kremalı Bisküvi 176 G,"₺34,50"
Hanımeller Kurabiye Çikolatalı 82 G,"₺20,00"
"Ülker Hanımeller Frambuaz Kremalı Kurabiye 3x94,5 G","₺50,00"
Ülker Hanımeller Limonlu Ve Beyaz Çikolatalı Kurabiye 138 G,"₺35,00"
Ülker Hanımeller Mahlepli Tuzlu Kurabiye 81 G,"₺20,00"
Ülker Hanımeller Mahlepli Tuzlu Kurabiye 3x81 G,"₺45,00"
Ülker Hanımeller Kurabiye 150 G,"₺34,50"
Ülker Hanımeller Zencefilli Kurabiye 139 G,"₺29,00"
Ülker Hanımeller Tereyağlı Kurabiye 152 G,"₺27,00"
Ülker Hanımeller Frambuaz Kremalı Kurabiye 150 G,"₺30,00"
Ülker Hanımeller Çokodamla Kurabiye 3x82 G,"₺49,00"
Eti Puf Marshmallowlu Kakaolu Bisküvi 18 G,"₺4,75"
Eti Puf Marshmallowlu Renkli Bisküvi 18 G,"₺4,75"
Eti Puf Hindistan Cevizli Marshmallow Bisküvi 16 G,"₺6,00"
Şölen Ozmo Hoppo Çilek Kremalı Bisküvi 40 G,"₺20,00"
Eti Puf Marshmallowlu Orman Meyveli Dolgulu Bisküvi 20 G,"₺6,75"
Xroll Pofuduk Kakaolu Marshmallow Bisküvi 17 G,"₺4,00"
Xroll Pofuduk Bisküvi Hindistan Cevizli Marshmallow 17 G,"₺4,00"
Xroll Pofuduk Marshmallowlu Renkli Bisküvi 17 G,"₺4,00"
Vals Çikolata Kaplı Bisküvi 50 G,"₺9,50"
Xroll Orman Meyveli Kurabiye 150 G,"₺37,50"
Şölen Ozmo Hoppo Çikolatalı Bisküvi 40 G,"₺20,00"
Ozmo Burger 36 G,"₺14,90"
Xroll Kakaolu Bisküvi 100 G,"₺16,50"
Ülker Çokomel Sade Marshmallowlu Bisküvi 22 G,"₺9,00"
Xroll Mozaik Bisküvi 100 G,"₺16,50"
Xroll Kremalı Kakaolu Bisküvi 95 G,"₺16,00"
Şölen Papita Süt Kremalı Drajeli Bisküvi 63 G,"₺15,00"
Eti Kurabi Fındıklı Kurabiye 198 G,"₺49,50"
Ülker Saklıköy Sütlü Kremalı Çikolatalı Bisküvi 100 G,"₺22,00"
Torku Ruşeymli Çikolata Kaplamalı Bisküvi 3x84 G,"₺89,00"
Çiziviç Haşhaşlı Peynirli Kraker 3x82 G,"₺40,00"
Xroll Çikolata Kaplamalı Marshmallowlu Bisküvi 8x30 G,"₺59,00"
Eti Form Kepekli Bisküvi 5x45 G,"₺55,00"
Eti Form Kepekli Çörekotlu Bisküvi 40 G,"₺13,00"
Eti Form Bitter Çikolatalı Light Bisküvi 50 G,"₺35,00"
Delites Hurmalı Bisküvi 120 G,"₺20,00"
Eti Form Limon Lifli Bisküvi 50 G,"₺16,00"
Ülker Canpare Fındık Kremalı Bisküvi 81 G,"₺12,50"
Ülker Kakaolu Bisküvi 125 G,"₺16,00"
Ülker Pötibör Kakao ve Sade Bisküvi 150 G,"₺19,00"
Ülker Saklıköy Kremalı Bisküvi 3x87 G,"₺49,50"
Eti Bumbo Portakal Aromalı Kakaolu Bisküvi 110 G,"₺24,00"
Ülker Canpare Fındık Kremalı Bisküvi 3x81 G,"₺37,50"
Ülker Coco Star Çikolata Kaplı Bisküvi 7x22 G,"₺55,00"
Ülker Dore Sütlü Çikolatalı Kremalı Bisküvi 86 G,"₺30,00"
Milka Çikolata Damlalı Kurabiye 168 G,"₺99,00"
Ülker Saklıköy Frambuaz Kremalı Bisküvi 100 G,"₺17,00"
Xroll Damla Çikolatalı Kurabiye 100 G,"₺12,50"
Milka Yulaflı Çikolatalı Bisküvi 126 G,"₺42,00"
Xroll Fındıklı Kurabiye 100 G,"₺12,50"
Xroll Tam Buğdaylı Bisküvi 131 G,"₺12,50"
Vals Kakao Kaplamalı Marshmallowlu Bisküvi 24x10 G,"₺49,00"
Eti Ay Çöreği Kurabiye 105 G,"₺22,00"
Milka Oreolu Kurabiye 156 G,"₺99,00"
Porleo Vanilya Aromalı Kremalı Kakaolu Bisküvi 72 G,"₺5,00"
Şölen Papita Sütlü Bisküvi 33 G,"₺12,00"
Şölen Papita Karamelli Bisküvi 33 G,"₺12,00"
Xroll Yulaflı Kremalı Bisküvi 4x75 G,"₺35,00"
Ülker Canpare Çikolata Kremalı Bisküvi 81 G,"₺12,50"
Chipsm Barbekü Aromalı Kraker 30 G,"₺13,00"
Ülker Krispi Baharatlı Tırtıklı Kraker 48 G,"₺15,00"
Ülker Taco Baharatlı Badem Kraker 135 G,"₺40,00"
Ülker Krispi Acılı Tırtıklı Kraker 48 G,"₺15,00"
Eti Abc Kraker 140 G,"₺29,50"
Eti Gong Mısır & Pirinç Patlağı 64 G,"₺26,00"
Porleo Kakaolu Kremalı Bisküvi 62 G,"₺5,00"
Delites İncirli Bisküvi 120 G,"₺31,50"
Xroll Jeli Portakal Aromalı Jöleli Bisküvi 114 G,"₺14,50"
Porleo Vanilya Kremalı Bisküvi 62 G,"₺5,00"
Kaju Bang Yer Fıstıklı Mısır ve Pirinç Patlağı 32 G,"₺5,00"
Kaju Bang Sade Mısır ve Pirinç Patlağı 32 G,"₺6,50"
Eti Gong Pops Baharatlı Mısır & Pirinç Patlağı 110 G,"₺47,50"
Kaju Bang Barbekü Sos Aromalı Mısır ve Pirinç Patlağı 32 G,"₺5,00"
Eti Gong Acı Peynirli Mısır Ve Pirinç Patlağı 68 G,"₺25,00"
Eti Gong Hardallı Mısır ve Pirinç Patlağı 68 G,"₺24,00"
Eti Gong Pops Peynir Ve Soğan Mısır & Pirinç Patlağı 110 G,"₺47,50"
Eti Gong Ballı Hardallı Mısır & Pirinç Patlağı 34 G,"₺17,50"
Kaju Bang Süt Mısır Aromalı Mısır ve Pirinç Patlağı 32 G,"₺6,50"
Ülker Pötibör Çokokrem Kremalı Bisküvi 229 G,"₺59,00"
"Ülker Hanımeller Elmalı Tarçınlı Kurabiye 141,5 G","₺37,00"
Ülker Hanımeller Hindistan Cevizli ve Çikolatalı Kurabiye 138 G,"₺35,00"
Flatzel Thins Peynirli Kraker 65 G,"₺15,00"
Flatzel Thins Ekşi Krema & Soğan Kraker 65 G,"₺15,00"
Şimşek Monro Vanilya Kremalı Bisküvi 50 G,"₺6,00"
Ülker Çizi Çıtır Peynir & Biftek Aromalı Çerez 40 G,"₺16,00"
Eti Gong Pops Kore Barbekü Mısır ve Pirinç Patlağı 80 G,"₺38,00"
Kaju Bang Karamelli Bisküvi Mısır ve Pirinç Patlağı 32 G,"₺6,50"
Şimşek Monro Kakaolu Vanilya Kremalı Bisküvi 50 G,"₺6,00"
Canpare Çikolata Kremalı Bisküvi 3x81 G,"₺39,50"
Torku Tatkrak Peynirli Kraker 77 G,"₺9,50"
Chipsm Cheddar Aromalı Kraker 30 G,"₺13,00"
Ülker Sade Çubuk Kraker Uzuuun 60 G,"₺7,00"
Flatzel Thins Habanero & Lime Kraker 65 G,"₺15,00"
Oylum Yuvarlak Baharatlı Kraker 100 G,"₺14,50"
Eti Gong Pops Meksika Taco Mısır ve Pirinç Patlağı 80 G,"₺38,00"
Oylum Domates Aromalı Yuvarlak Kraker 100 G,"₺14,50"
Ülker Cevizli Kremalı Bisküvi 28 G,"₺15,00"
Ülker Finger Bisküvi 117 G,"₺15,75"
Ülker Çizi Haşhaşlı Baharatlı Kraker 4x70 G,"₺39,00"
Eti Gong Falafel Aromalı Mısır & Pirinç Patlağı 68 G,"₺27,00"
Helbi Bisküvi Arası Helva 35 G,"₺10,50"
Eti Gong Peynirli Baharatlı Mısır ve Pirinç Patlağı 34 G,"₺12,50"
Eti Burçak Kurabi Kakaolu Fındıklı Bisküvi 75 G,"₺20,00"
"Ülker Hanımeller İncirli Kurabiye 141,5 G","₺32,00"
Ülker Hanımeller Sütlü Çikolata Kaplı Kurabiye 89 G,"₺28,50"
Ülker Halley Bitter Çikolatalı Bisküvi 7x30 G,"₺58,00"
Eti Cin Elma Tarçın Jöleli Bisküvi 114 G,"₺20,00"
Ülker Çizi Peynir Kaplamalı & Baharatlı Pretzel Kraker 70 G,"₺25,00"
Eti Gong Süt Mısır & Acı Mısır ve Pirinç Patlağı 68 G,"₺25,00"
Eti Crax Thins Tatlı Biber Ekşi Krema Kraker 110 G,"₺30,00"
Eti Crax Thins Mexican Chili Kraker 110 G,"₺30,00"
Eti Gong Pops Parmesanlı Mısır ve Pirinç Patlağı 80 G,"₺38,00"
Torku Tatkrak Baharatlı Kraker 77 G,"₺9,50"
"Saklıköy Antep Fıstığı Kremalı Bisküvi 78,5 G","₺35,00"
Eti Burçak Kurabi Tahinli Yer Fıstıklı Bisküvi 75 G,"₺20,00"
Ülker Çokoturta Portakallı Bisküvi 108 G,"₺30,00"
Taki Stix Chili Lime Aromalı Kraker 30 G,"₺29,50"
Kaju Bang Cheddar Aromalı Pirinç Patlağı 32 G,"₺5,00"
Xroll Siyahım Çilek Kremalı Bisküvi 80 G,"₺11,50"
Kaju Bang Lime & Acı Aromalı Pirinç Patlağı 32 G,"₺6,50"
McVitie's Karamelli Bisküvi 120 G,"₺35,00"
Kahve Dünyası Tuzlu Karamel Patlamış Mısır 80 G,"₺39,50"
Oylum Kekikli Yuvarlak Kraker 100 G,"₺14,50"
McVitie's Kakaolu Kremalı Bisküvi 90 G,"₺25,00"
Xroll Siyahım Muz Kremalı Bisküvi 80 G,"₺11,50"
Xroll Siyahım Sade Kremalı Bisküvi 80 G,"₺11,50"
Xroll Muzlu Kremalı Bisküvi 4x75 G,"₺37,50"
Xroll Çilekli Kremalı Bisküvi 4x75 G,"₺37,50"
Ülker Çizi Çıtır Peynirli & Biftek Aromalı Çerez 120 G,"₺34,50"
Ülker Çizi Çıtır Biftek Aromalı Çerez 190 G,"₺59,50"
Ülker Çizi Çıtır Tulum Peyniri ve Közbiber Aromalı Çerez 190 G,"₺59,50"
Eti Puf Marshmallowlu Tuzlu Karamelli Dolgulu Bisküvi 20 G,"₺6,75"
Mehmet Reis Susamlı Kıtır Simit 135 G,"₺42,50"
Dr.Oetker Zencefilli Tarçınlı Sade Kurabiye 500 G,"₺62,50"
Tutku Antep Fıstığı Dolgulu Bisküvi 90 G,"₺45,00"
Eti Çıtır Balık Kraker 70 G,"₺17,50"
Ülker Çizi Çıtır Peynirli Soğanlı Çerez 120 G,"₺49,50"
Biscolata Mood Bitter Çikolatalı Bisküvi 110 G,"₺55,00"
Ülker Çubuk Kraker 80 G,"₺14,00"
Eti Burçak Tuzlu Peynirli Bisküvi 87 G,"₺19,50"
Ülker Çizi Çıtır Mac Cheese Çerez 120 G,"₺40,00"
Ozmo Hoppo Çikolata Kremalı Bisküvi 12x25 G,"₺99,00"
Xroll Kakaolu Fındık Kremalı Bisküvi 200 G,"₺75,00"
Xroll Jeli Çilek Aromalı Jöleli Bisküvi 114 G,"₺14,50"
Kaju Bang Peynir & Soğan Pirinç Patlağı 32 G,"₺7,50"
Ülker Altınbaşak Kraker Tahıl Cipsi 120 G,"₺49,00"
Hero Goodies Süt Mısır Aromalı Kraker 30 G,"₺45,00"
McVitie's Barbekülü Kraker 110 G,"₺40,00"
Torku Turtacık Portakal Jöleli Bisküvi 25 G,"₺5,00"
McVitie's Acı Tatlı Soslu Kraker 110 G,"₺40,00"
Ülker Altınbaşak Taco Aromalı & Kinoalı Çerez Tahıl Cipsi 50 G,"₺17,50"
Master Pieces Yer Fıstıklı Krokan Bar 30 G,"₺9,50"
Ülker Probis Şeker İlavesiz Midi Boy 101 G,"₺30,00"
Wefood Glutensiz Tahinli Kraker 40 G,"₺30,00"
Ülker Kat Kat Tat Çokokrem Kremalı 28 G,"₺8,50"
Nestle Gold Corn Flakes Tam Tahıl Mısır Gevreği 200 G,"₺32,50"
Wefood Glutensiz Zeytinli Light Kraker 40 G,"₺40,00"
Hello Bio Çikolata Dolgulu Tahıl Gevreği 310 G,"₺34,90"
Üstad Damla Sakızlı Kurabiye 300 G,"₺189,00"
Wasa Krem Peynirli Sandviç 30 G,"₺32,50"
Şekerci Mustafa Fındıklı Kakao Kaplamalı Baklava 120 G,"₺65,00"
Şekerci Mustafa Cevizli Kakao Kaplamalı Baklava 120 G,"₺55,00"
Eti Crax Pesto Aromalı Kraker 50 G,"₺12,00"
Eti Crax Mexican Chili Kraker 50 G,"₺12,00"
Ülker Çizi Bigbang Yer Fıstık Dolgulu Kraker 70 G,"₺24,50"
Ülker Çizi Big Bang Ranch ve Cheddar Aromalı Çubuk Kraker 50 G,"₺16,50"
Ülker Çizi Big Bang Taco Aromalı Çubuk Kraker 50 G,"₺16,50"
Eti Burçak Fesleğen Aromalı Tahıl Cipsi 40 G,"₺16,50"
Hero Goodies Pizza Tadında Karabuğday & Nohut Cipsi 30 G,"₺39,00"
Oylum Tam Buğdaylı Bisküvi 3x131 G,"₺51,00"
Ülker Halley Elma Tarçın Dolgulu Bisküvi 236 G,"₺75,00"
Ülker Haylayf Kremalı Bisküvi 3x84 G,"₺47,50"
Ülker Cocostar Marshmallow Bisküvi 24x22 G,"₺160,00"
Altınbaşak Taco Aromalı & Kinoalı Çerez Tahıl Cipsi 120 G,"₺42,50"
Xroll Pofuduk Çilekli Marshmallowlu Bisküvi 17 G,"₺4,50"
Xroll Pofuduk Kırmızı Meyveli Marshmallowlu Bisküvi 20 G,"₺5,00"
Kikirik Tuzlu Kraker 40 G,"₺3,50"
Mc Vitie's Yulaflı Bisküvi 133 G,"₺23,50"
Ülker Saklıköy Şekersiz Kremalı Bisküvi 73 G,"₺12,00"
Ülker Hanımeller Çokodamla Kurabiye 150 G,"₺34,50"
Saray Susamlı Bisküvi 4x90 G,"₺2,75"
Eti Süt Burger Ballı 35 G,"₺16,00"
Eti Süt Burger Kakaolu 35 G,"₺16,00"
Eti Süt Burger Muzlu 35 G,"₺16,00"
Eti Süt Burger Çilekli 35 G,"₺16,00"
Milkten Süt Dolgulu Kek 28 G,"₺14,00"
Milkten Çikolata Kaplamalı Kek Süt 33 G,"₺16,50"
Eti Browni Intense Çikolatalı 10x16 G,"₺67,00"
Eti Tartini Frambuazlı Turta 114 G,"₺43,00"
Eti Popkek Mini Çikolata Kremalı Kek 10x18 G,"₺59,00"
Eti Popkek Mini Limonlu Kek 10x18 G,"₺44,50"
Eti Popkek Mini Hindistan Cevizli Kek 10x18 G,"₺44,50"
Kekspır Kakaolu Fındıklı Kek 45 G,"₺8,50"
Kekspır Kakaolu Süt Kremalı Kek 38 G,"₺10,00"
Torku Miniki Süt Dolgulu Kek 45 G,"₺17,50"
Ülker Kekstra Çilekli Kek 35 G,"₺9,75"
Ülker Kekstra Mini Çilekli Kek 150 G,"₺54,00"
Kekspır Meyveli Kek 45 G,"₺8,50"
Eti Popkek Muzlu Kek 60 G,"₺10,50"
Eti Popkek Çikolatalı Kek 60 G,"₺10,50"
Kekspır Çilek Soslu Waffle Kek 45 G,"₺10,00"
Kekspır Kakao Soslu Donut Kek 40 G,"₺10,00"
Eti Browni Gold Çikolata Soslu Kek 9x20 G,"₺55,00"
Eti Browni Çikolatalı Fındıklı Kek 200 G,"₺85,00"
Eti Browni Intense Çikolata Kaplamalı Kakaolu Kek 50 G,"₺24,50"
Eti Browni Intense Karamelli 10x16 G,"₺67,00"
Eti Browni Gold Çikolatalı Kek 135 G,"₺75,00"
Eti Browni Intense Çikolatalı Kahveli Mini Kek 160 G,"₺60,00"
Eti Browni Klasik Çikolatalı Fındıklı Kek 40 G,"₺11,75"
Eti Browni Intense Çikolatalı Kek 3x50 G,"₺66,00"
Eti Browni Gold Çikolatalı Kek 45 G,"₺11,75"
Eti Browni Gold Vişneli Çikolatalı Kek 45 G,"₺11,75"
Eti Browni Intense Gold Çikolata Kaplamalı Kek 48 G,"₺24,50"
Eti Browni Intense Fındıklı Kek 48 G,"₺20,00"
Eti Browni Patisserie Çikolata Dolgulu Kek 165 G,"₺73,50"
Eti Browni Selection Çikolata Soslu Fındıklı Kek 285 G,"₺95,00"
Eti Paykek Kakaolu 200 G,"₺49,50"
Eti Paykek Mozaik 200 G,"₺49,50"
Eti Paykek Meyveli 200 G,"₺49,50"
Kekspır Kakaolu Kek 220 G,"₺37,00"
Kekspır Meyveli Kek 220 G,"₺37,00"
Kekspır Sade Marshmallowlu Kek 8x23 G,"₺39,00"
Kekspır Orman Meyveleri Dolgulu Kek 50 G,"₺8,00"
Kekspır Sufle Çikolata Soslu Kek 55 G,"₺8,00"
Kekspır Fantastico Hindistan Cevizli Marshmallow Kek 40 G,"₺9,00"
Milkten Karamelli Dolgulu Süt Kek 28 G,"₺14,00"
Eti Topkek Çilekli Kek 40 G,"₺8,50"
Eti Topkek Portakal Dolgulu Kek 40 G,"₺8,50"
Şölen Lup Lup Haşhaşlı Limonlu Kek 40 G,"₺9,00"
Şölen Lup Lup Havuçlu Tarçınlı Kek 40 G,"₺9,00"
Eti Topkek Mini Kakaolu Portakallı Kek 150 G,"₺30,00"
Ülker Dankek Lokmalık Hindistan Cevizli Kek 160 G,"₺39,50"
Kekspır Çilekli Rulo Kek 235 G,"₺45,00"
Eti Topkek Mini Limonlu Haşhaşlı Kek 150 G,"₺30,00"
Eti Topkek Hindistan Cevizi Kakaolu Kek 40 G,"₺8,50"
Şölen Luppo Marshmallowlu Karamelli Kek 182 G,"₺65,00"
Eti Popkek Limonlu Kek 60 G,"₺14,75"
Eti Popkek Hindistan Cevizli Kek 60 G,"₺11,50"
Luppo Çilekli Marshmallow Kek 182 G,"₺78,00"
Eti Popkek Portakallı Kek 60 G,"₺11,50"
Milka Choc&Choc Çikolata Kaplamalı Kek 150 G,"₺79,00"
Eti Popkek Vişneli Kek 60 G,"₺11,50"
Şölen Luppo Mini Marshmallowlu Sade Kek 55 G,"₺21,50"
Şölen Luppo Mini Marshmallowlu Kakaolu Kek 55 G,"₺21,50"
Biscolata Pia Frambuazlı Kek 100 G,"₺47,00"
Biscolata Pia Portakallı Kek 100 G,"₺55,00"
Ülker Dankek Meyveli Kek 200 G,"₺37,00"
Şölen Luppo Marshmallowlu Şeftalili Kek 182 G,"₺65,00"
Şölen Luppo Mochalı Marshmallowlu Kek 182 G,"₺78,00"
Luppo Antep Fıstıklı Sandviç Kek 182 G,"₺105,00"
Ülker Dankek Çikolatalı Rulo Pasta 235 G,"₺59,50"
Ülker Dankek Kakaolu Kek 200 G,"₺49,50"
Ülker Dankek Mozaik Kek 200 G,"₺49,50"
Dankek Lokmalık Havuçlu Tarçınlı Kek 160 G,"₺39,50"
Torku Orman Meyveli Dolgulu Gala Kek 50 G,"₺21,50"
Torku Gala Karamel Dolgulu Mozaik Kek 50 G,"₺15,00"
Ülker Dankek Çilekli Rulo Pasta 235 G,"₺59,50"
Ülker Dankek Magma Vişne Dolgulu Kek 65 G,"₺19,00"
Ülker Dankek Vişne Soslu Kakaolu Kek 290 G,"₺80,00"
Ülker O'Lala Mini Sufle 162 G,"₺47,50"
Ülker Dankek Lokmalık Kakaolu Kek 160 G,"₺42,50"
Milka Cake & Choc Kek 175 G,"₺99,00"
Ülker O'Lala Frambuazlı Sufle Kek 70 G,"₺35,00"
Ülker O'Lala Sufle 70 G,"₺32,00"
Ülker Dankek Lokmalık Üzümlü Kek 160 G,"₺42,50"
Luppo Lup Lup Çikolatalı Sufle Kek 40 G,"₺24,90"
Ülker Dankek Magma Karamelli Kek 65 G,"₺20,00"
Ülker Dankek Magma Çikolata Dolgulu Kek 65 G,"₺19,00"
Ülker O'lala Tiramisu Kek 45 G,"₺25,00"
Ülker Dankek Mousse Çikolata Kremalı Kek 45 G,"₺24,00"
Torku Enjoy Çikolata Soslu Kek 55 G,"₺9,00"
Torku Enjoy Ahududu Soslu Kek 55 G,"₺9,00"
Ülker O'lala Çikolata Soslu Bar Kek 43 G,"₺15,00"
Torku Favorimo Fındıklı Kakaolu Kek 35 G,"₺7,50"
Torku Hepkek Hindistan Cevizi Kremalı Dolgulu Mozaik Kek 45 G,"₺8,00"
Torku Hepkek Karamel Dolgulu Mozaik Kek 45 G,"₺8,00"
Torku Favorimo Meyveli Kek 35 G,"₺7,50"
Torku Gala Gold Kahveli Mozaik Kek 45 G,"₺15,75"
Torku Tam Limonlu Kek 45 G,"₺9,00"
Bifa Sade Krema Dolgulu Kek 45 G,"₺8,00"
Bonucci Karamel Dolgulu Kek 50 G,"₺9,50"
Bonucci Çikolata Soslu Sufle 50 G,"₺9,50"
Bonucci Çilek Kaplamalı Kek 40 G,"₺10,00"
Bonucci Cremoso Kakaolu Rulo Kek 280 G,"₺70,00"
Porleo Figürlü Kakao Kaplamalı Kek 50 G,"₺5,00"
Şölen Boombastic Hindistan Cevizli Marshmallow Kek 40 G,"₺19,00"
Ülker 8 Kek Orman Meyveli 55 G,"₺13,00"
Ülker 8 Kek Çikolatalı Ve Çilekli Kek 55 G,"₺11,50"
Ülker 8 Kek Çikolatalı Kek 55 G,"₺8,50"
Invite Vişne Soslu Çikolatalı Kek 25 G,"₺5,00"
Ülker 8 Kek Çikolatalı ve Muzlu Kek 55 G,"₺11,50"
Şimşek Nextra Çilek Jöleli Kek 25 G,"₺5,00"
Şimşek Tio Portakal Jöleli Kek 25 G,"₺5,00"
Şimşek Paye Portakal Jöleli Kek 25 G,"₺5,00"
Elipso Muzlu Kremalı Mini Kek 10x18 G,"₺34,50"
Elipso Çikolata Kremalı Mini Kek 10x18 G,"₺34,50"
Elipso Limonlu Kremalı Mini Kek 10x18 G,"₺34,50"
Boombastic Marshmallowlu Kakaolu Kek 40 G,"₺17,50"
Invite Kakaolu Çikolata Kaplamalı Kek 45 G,"₺7,00"
Ozmo Cool Yogu Yoğurtlu ve Probiyotikli Kek 30 G,"₺12,50"
Şölen Ozmo Cool Süt Dolgulu Çilekli Kek 30 G,"₺19,50"
Şölen Ozmo Cool Süt Dolgulu Kek 30 G,"₺19,50"
Şölen Ozmo Cool Muzlu Süt Dolgulu Kek 30 G,"₺15,00"
Eti Petito Sosbom Çikolatalı Krema Dolgulu Pasta 50 G,"₺23,50"
Evve Panettone Kek 400 G,"₺149,00"
Uno Çikolata Kremalı Kruvasan 30 G,"₺13,50"
Dr. Oetker Dört Mevsim Kek 384 G,"₺72,50"
Kahve Dünyası Lavi Çilek Aromalı Sütlü Çikolata 250 G,"₺222,50"
Bonucci Invite Grade Cake Süt Kremalı Kek 50 G,"₺11,50"
Bonucci Dolce Role Çilek Kremalı Rulo Kek 50 G,"₺9,75"
Bonucci Dolce Role Kakao Kremalı Kakaolu Rulo Kek 50 G,"₺9,75"
Bonucci Dolce Role Kakao Kremalı Rulo Kek 50 G,"₺9,75"
Bonucci Lucy Burger Süt Kremalı Kek 45 G,"₺10,00"
Bonucci Yaban Mersini Kaplamalı Kek 40 G,"₺10,00"
Bonucci Secret Çilek Soslu Kek 50 G,"₺9,50"
Bonuccı Çikolata Kaplamalı Marshmallowlu Kakaolu Kek 8x23 G,"₺60,00"
Bonucci Lucy Burger Çilek Kremalı Kek 45 G,"₺10,00"
Bonucci Çikolata Kaplamalı Marshmallowlu Kek 8x23 G,"₺60,00"
Bonucci Lupix Kakaolu Fındıklı Kek 40 G,"₺10,00"
Volume Çilekli Kakaolu Waffle Kek 45 G,"₺8,50"
Ülker Kekstra Cremo Hindistan Cevizli Kek 33 G,"₺10,00"
Ülker Dankek Muzlu Kremalı Rulo Kek 28 G,"₺9,00"
Alyan Prendimi Çikolata Dolgulu Kek 45 G,"₺8,50"
Ülker Dankek Limonlu Madelin Kek 135 G,"₺42,50"
Ülker Kekstra Cremo Çilekli Kek 33 G,"₺10,00"
Bonucci Lupix Antep Fıstık Aromalı Kaplamalı Kek 55 G,"₺20,00"
Bonucci Chocix Kakao Kremalı Kek 40 G,"₺9,50"
Bonucci Lupix Antep Fıstığı Aromalı Kek 40 G,"₺10,00"
Bonucci Chocix Kakao Kremalı Kakaolu Kek 40 G,"₺9,50"
Bonucci Pistah Antep Fıstığı Aromalı Krema Dolgulu Kek 40 G,"₺10,00"
Eti Popkek Canga 51 G,"₺12,50"
Eti Browni Intense Antep Fıstıklı Çikolata Kaplı Kakaolu Kek 35 G,"₺16,00"
Bonucci %30 Meyveli Kek 200 G,"₺49,50"
Biscolata Pia Kek Bitter Brownie 108 G,"₺49,50"
Ülker Dankek Muzlu Rulo Kek 3x28 G,"₺26,00"
Luppo Sandviç Kek 24x25 G,"₺150,00"
Luppo Brownie Çikolata Soslu Islak Kek 9x18 G,"₺49,50"
Luppo Brownie Vişne Soslu Islak Kek 9x18 G,"₺49,50"
Bonucci Çikolata Kaplamalı Sandviç Kek 23 G,"₺5,00"
Eti Browni Intense Fındıklı 9x15 G,"₺72,00"
Eti Popkek Ahududulu Kek 55 G,"₺11,75"
Ülker Dankek Tart Kek Portakallı 150 G,"₺39,00"
Bonucci Marshmallowlu Sandviç Kek 23 G,"₺5,00"
Kekstra Çilekli Jöleli Mini Kek 34x15 G,"₺99,00"
Kekspir Çilek Dolgulu Kek 45 G,"₺8,50"
Alpella Sütlü Mini Rulo Kek 28 G,"₺8,50"
Eti Paykek Mini Haşhaşlı Limonlu Kek 150 G,"₺42,50"
Eti Paykek Mini Kakaolu Portakallı Kek 150 G,"₺42,50"
Bonucci Antep Fıstıklı Kek 65 G,"₺45,00"
Torku Favorimo Sade Kek 20x30 G,"₺99,00"
Ülker O'Lala Waffle Kek 70 G,"₺22,00"
Ülker Kekstra Konfeti Çikolata Soslu Kek 38 G,"₺9,50"
Milka Süt Dolgulu Kek 27 G,"₺39,50"
Biscolata Ice & Fire Bademli Mousse Krema Dolgulu Kek 40 G,"₺30,00"
Eti Petito Antep Fıstıklı Krema Dolgulu Pasta 50 G,"₺29,50"
Oreo Süt Dolgulu Kakao & Bisküvi Kaplamalı Kek 27 G,"₺29,50"
Eti Petito Sosbom Sütlü Krema Dolgulu Pasta 50 G,"₺29,50"
Lay's Baharatlı Patates Cipsi 125 G,"₺59,00"
Samba Tırtıklı Patates Cips 150 G,"₺45,00"
Samba Patates Cipsi Tırtıklı Acı Biber 135 G,"₺34,00"
Doritos Taco Shots Mısır Cipsi 3x23 G,"₺30,00"
Samba İnce Patates Cipsi 150 G,"₺45,00"
Samba Tırtıklı Barbekü Patates Cipsi 200 G,"₺59,50"
Samba Tırtıklı Pesto Patates Cipsi 200 G,"₺59,50"
Samba Mevsim Yeşillikleri Patates Cipsi 135 G,"₺34,00"
Samba Süt Mısırı Cipsi 130 G,"₺32,00"
Samba Fıstıklı Mısır Cipsi 130 G,"₺34,50"
Samba Taco Mısır Cipsi 130 G,"₺32,00"
Samba Nacho Mısır Cipsi 130 G,"₺32,00"
Samba Acılı Mısır Cips 130 G,"₺32,00"
Ruffles Original&Doritos Taco Cips 150 G&169 G,"₺75,00"
Ruffles Ketçap Aromalı Patates Cipsi 125 G,"₺59,00"
Ruffles Peynir ve Soğan Aromalı Patates Cipsi 125 G,"₺59,00"
Çerezza Süt Mısır Cips 117 G,"₺49,50"
Çerezza Yer Fıstıklı Dev Mısır Cipsi 150 G,"₺69,00"
Çerezza Peynir Ve Soğanlı Mısır Cipsi 180 G,"₺69,00"
Çerezza Muhabbet Klasik Mısır Cipsi 60 G,"₺30,00"
Çerezza Acılı Mısır Cipsi 180 G,"₺69,00"
Çerezza Patlamış Mısır 80 G,"₺40,00"
Çerezza Muhabbet Biftek ve Soğan Aromalı Mısır Cipsi 60 G,"₺30,00"
Cheetos Fıstıklı/Peynirli/Biftekli Midi Mısır Cipsi 60 G,"₺36,00"
Cheetos Kıvır Kıvır Peynir ve Baharat Aromalı Mısır Cipsi 70 G,"₺40,00"
Cheetos Mini Shots Süt Mısır Cips 3x14 G,"₺19,00"
Patos Critos Cips Mısır Peynirli 115 G,"₺30,00"
Patos Rolls Mısır Cipsi 167 G,"₺28,50"
Patos Rolls Chili Lime Mısır Cips 109 G,"₺26,50"
Patos Baharatlı Party Mısır Cipsi 167 G,"₺37,00"
Samba Trüf Mantarı Patates Cipsi 135 G,"₺55,00"
Samba Ekşi Krema & Soğan Patates Cipsi 135 G,"₺55,00"
Samba Tatlı Acı Biber & Krem Peyniri Patates Cipsi 135 G,"₺55,00"
Samba Barbekülü Mısır Cips 130 G,"₺32,00"
Master Puff Ketçaplı Mısır Cipsi 90 G,"₺17,50"
Cipso Ketçaplı Patates Cipsi 145 G,"₺36,00"
Cipso Tırtıklı Ketçaplı Patates Cipsi 104 G,"₺24,00"
Çerezos Süt Mısır Cipsi 100 G,"₺30,00"
Çerezos Dev Boy Yer Fıstıklı Mısır Cipsi 150 G,"₺39,50"
Master Puff Süt Mısır Cips 90 G,"₺25,00"
Çerezos Peynir ve Soğanlı Mısır Cipsi 100 G,"₺44,00"
Çerezos Biftekli Mısır Cips 50 G,"₺10,00"
Master Puff Biftek Soğan Mısır Cipsi 90 G,"₺21,00"
Cipso Yoğurtlu İnce Patates Cips 104 G,"₺24,00"
Çerezos Fıstıklı Mısır Cipsi 43 G,"₺10,00"
Çerezos Taco Mısır Cipsi 100 G,"₺25,00"
Claimont Pizza Çeşnili Mısır Cips 40 G,"₺10,00"
Claimont Cheddar Peynir Mısır Cips 40 G,"₺12,50"
Ay-Pop Acı Biber Patlamış Mısır Cips 65 G,"₺15,00"
Ay-Pop Süt Mısır Aromalı Patlamış Mısır Cipsi 65 G,"₺30,00"
Ay-Pop Sade Patlamış Mısır Cipsi 85 G,"₺30,00"
Mentos Pure Yeşil Nane Aromalı Sakız Draje 30 G,"₺35,00"
Doritos Extreme Mısır Cipsi 130 G,"₺57,00"
Doritos Taco Mısır Cipsi 135 G,"₺45,00"
Doritos Nacho Mısır Cipsi 135 G,"₺45,00"
Doritos Hot Corn Mısır Cipsi 130 G,"₺57,00"
Lay's Yoğurtlu Mevsim Yeşillikli Patates Cipsi 125 G,"₺59,00"
Ruffles Sade Patates Cipsi 125 G,"₺59,00"
Lay's Fırından Yoğurt ve Mevsim Yeşillikli Patates Cipsi 110 G,"₺59,00"
Lay's Klasik Patates Cipsi 125 G,"₺59,00"
Samba Közde Paprika Aromalı Patates Cipsi 135 G,"₺50,00"
Çerezos Peynir Soğan Mısır Cipsi 170 G,"₺45,00"
Çerezos Süt Mısır Cipsi 150 G,"₺45,00"
Çerezos Pizza Aromalı Mısır Cipsi 90 G,"₺29,50"
Çerezos Klasik Tuzlu Mısır Cipsi 90 G,"₺29,50"
Samba Ketçap Aromalı Tırtıklı Patates Cipsi 150 G,"₺45,00"
Samba Yoğurt ve Mevsim Yeşillikleri Aromalı Patates Cipsi 150 G,"₺45,00"
Samba Acı Baharat Çeşnili Tırtıklı Patates Cipsi 150 G,"₺45,00"
Cipso Tube Közde Paprika Aromalı Patates Cipsi 160 G,"₺89,50"
Cipso Tube Acı Baharat Aromalı Patates Cipsi 160 G,"₺89,50"
Doritos Twist Közlenmiş Kırmızı Biber Aromalı Mısır Cipsi 115 G,"₺45,00"
Cipso Klasik Sade Patates Cipsi 195 G,"₺55,00"
Patos Acı Baharat Aromalı Mısır Cipsi 220 G,"₺60,00"
Cipso Original Deniz Tuzlu Tırtıklı Patates Cipsi 195 G,"₺55,00"
Cipso Bruschetta Aromalı İnce Patates Cipsi 125 G,"₺42,50"
Patos Rolls Acı Kırmızı Biber Aromalı Mısır Cipsi 220 G,"₺60,00"
Lay's Deniz Tuzlu ve Trüf Mantarı Aromalı Patates Cips 125 G,"₺45,00"
Cipso Ranch Tırtıklı Patates Cipsi 125 G,"₺45,00"
Patos Acı Baharat Aromalı Mısır Cipsi 185 G,"₺55,00"
Master Potato Original Cips 110 G,"₺65,00"
Doritos Tatlı Acı Kırmızı Biber Aromalı Mısır Cipsi 125 G,"₺57,00"
Samba Tırtıklı Peynir & Soğan Aromalı Patates Cipsi 135 G,"₺42,50"
Doritos Barbekü Sos Aromalı Mısır Cipsi 125 G,"₺45,00"
Munchiz Sponge Bob Peynir Aromalı Mısır Cipsi 35 G,"₺21,50"
Samba Klasik Süzme Peynir & Taze Soğan Aromalı Patates Cipsi 135 G,"₺42,50"
Lay's Kaşar Peyniri ve Izgara Soğan Tadında Patates Cips 125 G,"₺40,00"
Lay's İzmir Tulum Peyniri Tadında Patates Cips 125 G,"₺40,00"
Lay's Kekikli Patates Cipsi 125 G,"₺40,00"
Cipso Klasik Patates Cipsi 160 G,"₺52,50"
Cipso Tırtıklı Peynir Soğan Aromalı Patates Cipsi 160 G,"₺52,50"
Cipso Yoğurt ve Mevsim Yeşillikleri Aromalı Cips 125 G,"₺58,50"
Cipso Tırtıklı Yoğurt ve Mevsim Yeşillikleri Aromalı Patates Cipsi 160 G,"₺52,50"
Patos Rolls Ballı Hardal Aromalı Mısır Cipsi 135 G,"₺40,00"
Doritos Acı Baharat Mısır Cipsi 125 G,"₺39,00"
Doritos Acı Biber & Limon Mısır Cipsi 125 G,"₺39,00"
Cipso Trüf Mantar Aromalı Patates Cipsi 104 G,"₺35,00"
Chips Master Közde Paprika Aromalı Kabuklu Patates Cipsi 104 G,"₺35,00"
Samba Kaşkaval Peyniri Aromalı Patates Cipsi 135 G,"₺50,00"
Lays Parmesan & Pesto Sosu Tadında Patates Cipsi 125 G,"₺40,00"
Lays Piliç Çevirme Tadında Patates Cipsi 125 G,"₺40,00"
Ruffles Tatlı Baharatlı Sos Tadında Patates Cipsi 125 G,"₺40,00"
Patos Rolls Jalapeno & Lime Mısır Cipsi 109 G,"₺48,50"
Cipso Yoğurt ve Mevsim Yeşillikleri Aromalı Patates Cipsi 160 G,"₺47,50"
Cipso Ketçap Aromalı Patates Cipsi 160 G,"₺47,50"
Cipso Deniz Tuzlu Sade Patates Cipsi 160 G,"₺47,50"
One Piece Kremalı Mantarlı Mısır Cipsi 35 G,"₺17,50"
Munchiz Barbie Ketçap Aromalı Mısır Cipsi 35 G,"₺21,50"
Hot Wheels Peynirli Mısır Cipsi 35 G,"₺17,50"
Hello Kitty Vanilyalı Mısır Cipsi 35 G,"₺17,50"
Samba Klasik Karabiberli Patates Cipsi 135 G,"₺42,50"
Dubai Fusion Ekşi Krema ve Frenk Soğanı Nohut Cipsi 135 G,"₺45,00"
Dubai Fusion Napoliten Pizza Nohut Cipsi 135 G,"₺45,00"
Doritos Cool Original Ranch Sos Aromalı Mısır Cipsi 130 G,"₺57,00"
Patos Acı Baharat Aromalı Mısır Cipsi 185 G,"₺45,00"
Patos Nachos Mısır Cipsi 185 G,"₺45,00"
Cipso Sade Tırtıklı Patates Cipsi 125 G,"₺35,00"
Cipso Tube Sade Patates Cipsi 160 G,"₺89,50"
Patos Taco Baharatlı Mısır Cipsi 185 G,"₺45,00"
Patos Rolls Acı Kırmızı Biber Aromalı Mısır Cipsi 185 G,"₺45,00"
Patos Nachos Peynir Aromalı Mısır Cipsi 135 G,"₺25,00"
Doritos Shots Taco Baharatlı Mısır Cipsi 30 G,"₺7,00"
Cipso İnce Klasik Patates Cipsi 125 G,"₺30,00"
Cipso Tırtıklı Yoğurtlu ve Mevsim Yeşillikleri Aromalı Patates Cipsi 125 G,"₺35,00"
Cipso Tırtıklı Ketçap Aromalı Patates Cipsi 125 G,"₺45,00"
Çerezos Space Ketçap Aromalı Mısır Cipsi 50 G,"₺6,00"
Çerezos Space Fıstıklı Mısır Cipsi 50 G,"₺6,00"
Çerezos Space Biftek Aromalı Mısır Cipsi 50 G,"₺6,00"
Rixy Llama Süt Mısır Aromalı Mısır Cipsi 135 G,"₺35,00"
Rixy Hollanda Peynirli Mısır Cipsi 135 G,"₺35,00"
Lay's Klasik Cips 150 G & Ruffles Orijinal Cips 150 G,"₺105,00"
Patos Rolls Acı Biber Aromalı Mısır Cips 135 G,"₺56,50"
Patos Acı Baharatlı Mısır Cips 135 G,"₺56,50"
Patos Baharatlı Mısır Cips 135 G,"₺48,50"
Patos Rolls Chili Lime Mısır Cips 135 G,"₺56,50"
Samba Peynir Mısır Cips 130 G,"₺32,00"
Samba Yer Fıstıklı Mısır Çerezi 46 G,"₺12,50"
Samba Peynir Mısır Çerezi 46 G,"₺12,50"
Samba Biftek Soğan Mısır Cips 46 G,"₺15,00"
Samba Biftek Soğan Mısır Cips 130 G,"₺32,00"
Lay's Yoğurt ve Mevsim Yeşillikli Patates Cipsi 193 G,"₺69,50"
Ruffles Ketçap Aromalı Patates Cipsi 193 G,"₺69,50"
Tombi Peynirli Mısır Cips 90 G,"₺30,00"
Tombi Fıstıklı Mısır Cips 90 G,"₺30,00"
Claimont Tavuk Aromalı Mısır Cips 40 G,"₺8,00"
Rixy Fıstık Mısır 40 G,"₺12,50"
Rixy Cheddar Peynirli Mısır Cips 40 G,"₺8,00"
Ülker Krispi Süt Mısır Cips Çerezi 40 G,"₺12,50"
Ülker Krispi Peynir Aromalı Mısır Cipsi 40 G,"₺12,50"
Cipso Acı Baharatlı Tırtıklı Patates Cipsi 104 G,"₺30,00"
Cipso Peynir & Soğan Aromalı Patates Cipsi 104 G,"₺35,00"
Doritos Nacho Mısır Cipsi 218 G,"₺69,50"
Doritos Taco Mısır Cipsi 218 G,"₺69,50"
Ruffles Originals Patates Cipsi 193 G,"₺69,50"
Lay's Klasik Patates Cipsi 193 G,"₺69,50"
Üstad Kavrulmuş Fındık İçi 150 G,"₺125,00"
Üstad Kavrulmuş Zarlı Kaju 140 G,"₺129,00"
Üstad Kavrulmuş Jumbo Kaju 140 G,"₺109,00"
Çerezya Medine Hurma 250 G,"₺129,00"
Çerezya Kuru Meyve Hudri Hurma 250 G,"₺79,00"
Çerezya Kudüs Hurması 300 G,"₺139,00"
Çerezya Kuru Meyve Rabbi Hurma 250 G,"₺49,00"
Çerezya Mezafeti Hurma 250 G,"₺59,00"
Çerezya Kuru Meyve Tunus Hurma 300 G,"₺49,00"
Çerezya Sukkari Yaş Hurma 500 G,"₺125,00"
Çerezya Kuru Meyve Hurma Zahidi 250 G,"₺49,00"
Çerezya Tuzlu Fındık Kuruyemiş 150 G,"₺153,00"
Çerezya Kaju 150 G,"₺95,00"
Tadım Tuzlu Ay Çekirdeği 180 G,"₺56,00"
Tadım Bol Tuzlu Ay Çekirdeği 180 G,"₺56,00"
Tadım Kabak Çekirdeği 180 G,"₺110,00"
Tadım Tuzlu Yer Fıstığı 180 G,"₺63,95"
Çerezya Premium Kuruyemiş Karışık 250 G,"₺150,00"
Çerezya Jumbo Kaju Kuruyemiş 250 G,"₺145,00"
Çerezya Kaju 250 G,"₺159,00"
Çerezya Antep Fıstığı 250 G,"₺269,00"
Çerezya Siirt Fıstığı 250 G,"₺175,00"
Perfect Delights Kuru Cennet Hurması 100 G,"₺55,00"
Çerezya Premium Karışık Kuruyemiş 200 G,"₺195,00"
Çerezya Çiğ Kokteyl 180 G,"₺121,50"
Çerezya Kuruyemiş Spesiyal Kokteyl 150 G,"₺140,00"
Çerezya Karışık 250 G,"₺62,50"
Çerezya Tuzlu Karışık 200 G,"₺83,50"
Çerezya Kuruyemiş Soslu Cips Fıstık 200 G,"₺32,50"
Çerezya Kuruyemiş Soslu Kaju 130 G,"₺83,50"
Çerezya Kuruyemiş Mısır Soslu 150 G,"₺22,00"
Çerezya Kuru Meyve Dut 100 G,"₺45,00"
Perfect Delight Infuze Çilek 100 G,"₺89,50"
Çerezya Yerli Bol Tuzlu Dakota Ay Çekirdeği 400 G,"₺49,00"
Çerezya Kuruyemiş Tuzlu Fıstık 1000 G,"₺99,00"
Çerezya Tuzsuz Dakota Ay Çekirdeği 250 G,"₺49,00"
Çerezya Kuruyemiş Dakota Ay Çekirdeği 400 G,"₺49,00"
Çerezya Dakota Ay Çekirdeği 250 G,"₺49,00"
Çerezya Bol Tuzlu Ay Çekirdeği 250 G,"₺32,50"
Çerezya Dakota Çekirdeği 1000 G,"₺108,00"
Çerezya Kuruyemiş İç Ay Çekirdeği 100 G,"₺18,50"
Çerezya Kuruyemiş İç Ay Çekirdeği 100 G,"₺18,50"
Çerezya Dakota Ay Çekirdeği 400 G,"₺75,00"
Çerezya Dakota Yerli Tuzlu Ay Çekirdeği 120 G,"₺17,50"
Çerezya Tuzsuz Dakota Ay Çekirdeği 400 G,"₺75,00"
Çerezya Sarı Leblebi 200 G,"₺52,00"
Çerezya Tuzlu Leblebi 150 G,"₺39,50"
Çerezya Çıtır Leblebi 150 G,"₺39,50"
Çerezya Çikolata Kaplamalı Leblebi 75 G,"₺22,50"
Çerezya Kuruyemiş Beyaz Leblebi 200 G,"₺52,00"
Çerezya Kuruyemiş Kabak Çekirdeği 200 G,"₺65,00"
Çerezya Kuruyemiş Tuzlu Fıstık 200 G,"₺47,50"
Çerezya İşlenmiş Yer Fıstığı 150 G,"₺35,00"
Çerezya Kabuklu Fıstık 500 G,"₺78,00"
Master Nut Mısır Kavurgası 200 G,"₺23,50"
Çerezya Susamlı Fındık 150 G,"₺59,00"
Altıntop Kabak Çekirdeği 150 G,"₺59,50"
Altıntop Tuzlu Fıstık 500 G,"₺89,50"
Çerezya Susamlı Fıstık 150 G,"₺29,50"
Çerezya Ekşi Krema ve Soğan Soslu Fıstık Cips 200 G,"₺27,50"
Çerezya Festival 180 G,"₺119,00"
Çerezya Klasik 180 G,"₺89,00"
Çerezya Süt Mısır Soslu Fıstık Cips 200 G,"₺32,50"
Çerezya Kokteyl 180 G,"₺89,00"
Perfect Delights Soft Hurma 200 G,"₺75,00"
Çerezya Leblebi Şekeri 75 G,"₺16,50"
Çerezya Kavrulmuş Ay Çekirdeği 400 G,"₺55,00"
Thraki Ay Çekirdeği 80 G,"₺12,00"
Altıntop Nacho Aromalı Soslu Mısır 300 G,"₺45,00"
Çerezya Kuruyemiş Soyulmuş Badem 150 G,"₺99,00"
Perfect Delights Aşurelik Kuru Kayısı 200 G,"₺45,00"
Otamon Kuru Meyve Karışımı 200 G,"₺45,00"
Çerezya Kırık Ceviz 250 G,"₺169,00"
Açık Ceviz Kg,"₺249,00"
Çerezya Çiğ Badem 150 G,"₺99,00"
Çerezya Kuruyemiş Ceviz İçi 150 G,"₺109,00"
Çerezya Kuruyemiş Fındık İçi 150 G,"₺188,00"
Çerezya Kuruyemiş Antep Fıstığı 150 G,"₺195,00"
Çerezya Kuruyemiş Çiğ Fındık 150 G,"₺153,00"
Çerezya Kuruyemiş Çiğ Fındık 150 G,"₺153,00"
Gürsoy Kıyılmış Fındık 100 G,"₺99,50"
Çerezya Badem İçi 150 G,"₺99,00"
Çerezya Siirt Fıstığı 150 G,"₺159,00"
Çerezya Kuruyemiş Antep Fıstığı 300 G,"₺395,00"
Çerezya Kuru İncir 250 G,"₺135,00"
Çerezya Kuru Meyve Üzüm 500 G,"₺99,50"
Kırlıoğlu Kuru Meyve İncir 200 G,"₺59,00"
Perfect Delights Soft İncir 150 G,"₺65,00"
Perfect Delights Soft Kuru Kayısı 200 G,"₺119,00"
Perfect Delights Gün Kurusu Kayısı 200 G,"₺119,00"
Perfect Delights Soft Erik 200 G,"₺75,00"
Çerezya Pop Fıstık 150 G,"₺14,00"
Çerezya Çiğ Kokteyl Kuruyemiş 250 G,"₺105,00"
Malatya Pazarı Karışık Kuru Meyve & Kuru Yemiş 40 G,"₺21,00"
Çerezza Kokteyl Mısır Cipsi 117 G,"₺49,50"
Altın Hasat Kavrulmuş Tuzlu Siyah Ayçekirdeği 250 G,"₺19,50"
Hazarbey Keçiboynuzu Kuru Meyve 250 G,"₺49,50"
Keyifçe Kabuklu Ceviz 500 G,"₺129,00"
Malatya Pazarı Karışık Kuruyemiş 40 G,"₺24,50"
Tadım Kavrulmuş Antep Fıstığı 90 G,"₺100,00"
Altıntop Soslu Karışık Kuruyemiş 150 G,"₺49,00"
Çerezya İşlenmiş Yer Fıstığı Kuruyemiş 250 G,"₺55,00"
Çerezya Kara Tombul Çekirdek 100 G,"₺17,50"
Ersa Sukkari Hurma 500 G,"₺109,00"
Çerezya Soslu Karışık Kuruyemiş 150 G,"₺59,50"
Thraki Thai Chilli Aromalı Yer Fıstığı 75 G,"₺15,00"
Fropie Kuruyemiş Omega Mix 40 G,"₺18,00"
Malatya Pazarı Karışık Kuru Meyve 40 G,"₺14,50"
Master Nut X Ekonomik Kokteyl Kuruyemiş 400 G,"₺75,00"
Sincap Susamlı Badem Kuruyemiş 120 G,"₺39,00"
Togo Mini Fıstık 200 G,"₺29,50"
Thraki Taco Soslu Ayçekirdeği 180 G,"₺30,00"
Master Nut Keyifli Kokteyl 330 G,"₺99,00"
Altın Hasat Kabak Çekirdeği 200 G,"₺49,50"
Altıntop Kabuklu Fıstık 250 G,"₺49,50"
Dovido Turna Yemişi 100 G,"₺45,00"
Perfect Delight Kuru Meyve Vişne 100 G,"₺89,50"
Seyran Kızartılmış Kaju Fıstığı 140 G,"₺89,00"
Thraki Thai Chilli Aromalı Soslu Mısır 150 G,"₺25,00"
Thraki Thai Chilli Aromalı Cips Fıstık 150 G,"₺27,50"
Seyran Kavrulmuş Tuzlu İç Fıstık 160 G,"₺30,00"
Thraki Sarımsak Soslu Ayçekirdeği 180 G,"₺30,00"
Mentos Pure Karpuz Aromalı Sakız Draje 30 G,"₺35,00"
Gramas Premium İncir Cipsi 200 G,"₺269,00"
Hazarbey Hünnap Kurusu 100 G,"₺49,50"
Tadım Kavrulmuş Tuzlu Yer Fıstığı 90 G,"₺17,00"
Ekmekçioğlu Kavrulmuş Kabuklu Yer Fıstığı 400 G,"₺59,50"
Seyran Soslu Mısır 130 G,"₺19,50"
Seyran Soslu Cips Fıstık 160 G,"₺27,50"
Tadım Festival Karışık Kuruyemiş 180 G,"₺199,95"
Ceviz File 500 G,"₺124,90"
Perfect Delights Kuru Mango 100 G,"₺89,50"
Master Nut Kabuklu Fıstık 250 G,"₺45,00"
Gramas Premium Kuru İncir 200 G,"₺269,00"
"Olips Mini Mints Karpuz Aromalı Şeker 12,5 G","₺20,00"
"Olips Mini Mints Nane Sert Şeker 12,5 G","₺20,00"
Bubblicious Çilek Aromalı Sakız 38 G,"₺10,00"
Tofita Portakal Yumuşak Şeker 47 G,"₺15,00"
Tofita Vişne Yumuşak Şeker 47 G,"₺12,50"
Tofita Böğürtlen Yumuşak Şeker 47 G,"₺15,00"
Ülker Kremini Karpuzlu Yumuşak Şeker 44 G,"₺10,00"
Haribo Party Mix Yumuşak Şeker 115 G,"₺55,00"
Haribo Altın Ayıcık Yumuşak Şeker 130 G,"₺55,00"
Missbon Tereyağlı Sütlü Sert Şeker 43 G,"₺10,00"
Haribo Happy Mix Yumuşak Şeker 200 G,"₺55,00"
Haribo Solucan Yumuşak Şeker 200 G,"₺45,00"
Haribo Chamallow Yumuşak Şeker 130 G,"₺55,00"
Oneo 60 Dk Nane Aromalı Sakız 14 G,"₺13,50"
Haribo Roulette Yumuşak Şeker 45 G,"₺22,50"
Ülker Yupo Metre Çilekli Yumuşak Şeker 50 G,"₺17,50"
Ülker Yupo Metre Kolalı Yumuşak Şeker 50 G,"₺17,50"
Missbon Kahveli Sert Şeker 43 G,"₺10,00"
Frogger Meyve Aromalı Top Sakız 8'li 22 G,"₺7,50"
Bebeto Vampire Teeth Yumuşak Şeker 22 G,"₺8,50"
Pıt Pıt Meyveli Lolipop Şeker 6x18 G,"₺12,50"
Tofim Sütlü Şeker 350 G,"₺45,00"
Vivident Draje Nane Aromalı Sakız 22.4 G,"₺15,00"
"Vivident Draje Çilek Aromalı Sakız 22,4 G","₺15,00"
Vivident Fruit Karpuz Aromalı Sakız 26 G,"₺30,00"
"Kent Tofita Yumiyum Çilekli Yumuşak Şeker 15x6,7 G","₺35,00"
Vivident Fresh Time Nane Aromalı Sakız 26 G,"₺30,00"
Vivident 45 Dk Nane Aromalı Sakız 33 G,"₺35,00"
Nestle Polo Original Sert Şeker 3x34 G,"₺40,00"
Polo Naneli Sert Şeker 34 G,"₺24,50"
Vivident Cube Nane Aromalı Sakız 86 G,"₺95,00"
Bebeto Şeftali Kalpli Yumuşak Şeker 150 G,"₺35,00"
Mentos Clean Breath Naneli Sert Şeker 21 G,"₺47,50"
Olips Mentollü Sert Şeker 28 G,"₺19,75"
Olips Softmints Karpuz Aromalı Şeker 47 G,"₺12,50"
First Sensation Karpuz Aromalı + Nane Aromalı Sakız 2x27 G,"₺39,00"
First Fresh Karpuz Aromalı Sakız 27 G,"₺41,00"
First Fresh Nane Aromalı Sakız 27 G,"₺41,00"
Ülker Oneo Nane Aromalı Sakız 60 G,"₺49,50"
Oneo Bubble Mini Sakız 60 G,"₺45,00"
Tofita Yumuşak Şeker 47 G,"₺23,50"
Pıt Pıt Sürprizli Kutu Sakız ve Oyuncalı 2X5 G,"₺12,50"
Original Gourmet Sert Lolipop Şeker 31 G,"₺8,50"
Pıt Pıt Yuvarlak Sakız 21 G,"₺6,00"
Pıt Pıt Kola Yumuşak Şeker 160 G,"₺29,00"
Pıt Pıt Böğürtlen Yumuşak Şeker 160 G,"₺29,00"
Pıt Pıt Solucan Yumuşak Şeker 160 G,"₺29,00"
Pıt Pıt Ayıcık Yumuşak Şeker 100 G,"₺19,75"
Pıt Pıt  Topik Karışık Yumuşak Şeker 100 G,"₺19,75"
Uzungil Yer Fıstıklı Cezerye 300 G,"₺45,00"
Tayaş Pencil Şeker 75 G,"₺19,50"
Melody Çilekli Düdüklü Lolipop 15 G,"₺17,50"
Uzungil Fındıklı Cezerye 300 G,"₺49,50"
O'Fresh Meyve ve Nane Aromalı Şekerli Sakız Mix 80 G 4'lü,"₺23,50"
Damla Karışık Meyveli Şeker 30 G,"₺9,50"
First 60 Dk Keskin Nane Sakız 27 G,"₺46,00"
Nazar Karışık Meyve Aromalı Şekerli Mix Sakız 80 G 3'lü,"₺23,50"
Joley Soft Şeker 500 G,"₺60,00"
Haribo Tropifruit Yumuşak Şeker 130 G,"₺25,00"
Pıt Pıt Lolipop Şeker Oyuncak Hediyeli 9 G,"₺19,00"
Haribo Starmix Yumuşak Şeker 130 G,"₺55,00"
Tayaş Milkquick Karamel Dolgulu Sert Şeker 350 G,"₺39,00"
Candy Pop's Çilekli Sert Şeker 38 G,"₺17,50"
Candy Pop's Karpuzlu Sert Şeker 38 G,"₺17,50"
Torku Meyve Aromalı Kuş Lokumu 180 G,"₺32,50"
Haribo Mix Ekşi Yumuşak Şeker 115 G,"₺55,00"
Olips Zero Mentol Sert Şeker 28 G,"₺15,00"
Şıpsevdi Meyve Aromalı Sakız 25 G,"₺12,50"
Olips Zero Limon Portakal Sert Şeker 28 G,"₺15,00"
Olips Elmalı Yumuşak Şeker 47 G,"₺12,50"
Jox Chewy Karpuz Yumuşak Şeker 7 G,"₺2,50"
Jox Chewy Çilek Yumuşak Şeker 7 G,"₺2,50"
Jox Minies Bubble Gum Yumuşak Şeker 10 G,"₺3,50"
Jox Minies Çilek Yumuşak Şeker 10 G,"₺3,50"
Falım Çilekli Şekersiz Sakız 5’li 35 G,"₺27,50"
Falım Meyveli Şekersiz Sakız 5’li 35 G,"₺27,50"
Ülker Oneo Slims Çilekli Sakız 14 G,"₺9,00"
"Cube Box Sakız Hediyeli 3,5 G","₺14,00"
Toy Joy Karpuz Aromalı Sakız 5x4 G,"₺5,00"
Big Babol Fruit Mix Karpuz Aromalı Sakız 20 G,"₺16,50"
Big Babol Fruit Mix Sakız 20 G,"₺16,50"
Bubblicious Çilek Aromalı Sakız 3x38 G,"₺19,00"
SPK Jelibon Çilek Yumuşak Şeker 160 G,"₺27,00"
Kent Jelibon Sour Patch Kids Tropikal Yumuşak Şeker 160 G,"₺37,00"
Kent Spk Jelibon Şeftali Yumuşak Şeker 160 G,"₺29,50"
Rocket Fenomen Spin Şeker Hediyeli Roket 57 G,"₺55,00"
"First Infinity Naneli Sakız 29,7 G","₺25,00"
Ogaş Vanilya Aromalı Pişmaniye 250 G,"₺65,00"
Ozibox Sakız Hediyeli Telefon 35 G,"₺45,00"
Kent Elegan Bayramlık Şeker 375 G,"₺99,00"
Şölen Butik Meyve Aromalı Yumuşak Şeker 350 G,"₺95,00"
Tayaş Multi Fruit Dolgulu Sert Şeker 350 G,"₺69,00"
Evliya Elmas Bonbon Meyveli Sert Şeker 500 G,"₺65,00"
Kent Missbon Bayramlık Şeker 375 G,"₺99,00"
Ülker Lokumcuk Bayram Şekeri 350 G,"₺99,00"
Kent Tofy Bayramlık Şeker 375 G,"₺99,00"
Ülker Toffe Bayramlık Şeker 350 G,"₺99,00"
Şekerci Mustafa Karışık Meyve Aromalı Lokum 350 G,"₺69,00"
Evliya Favori Yumuşak Şeker 350 G,"₺69,00"
Haribo Fruitbons Yumuşak Şeker 400 G,"₺99,00"
Draft Jelli Chocolate Çikolata Kaplı Yumuşak Şeker 500 G,"₺199,00"
Moda Meyveli Yumuşak Şeker 350 G,"₺69,00"
Lokum Aşkı Fındıklı Sarma Lokum 350 G,"₺169,00"
Ülker Bayram Keyfi Şekeri 350 G,"₺99,00"
Evliya Tofiş Karışık Meyve Aromalı Yumuşak Şeker 1 Kg,"₺199,00"
Funvesta Sakız Hediyeli Turbo Motor 30 G,"₺79,50"
Kent Olips Mentol & Okaliptüs Aromalı Sert Şeker 3x28 G,"₺35,00"
Bonart Joytop Fast Food Çikolata 20 G,"₺24,50"
Toynero Karpuz Çilek Yumuşak Şeker 25 G,"₺19,50"
Bonart Joytop TNT Cube Şeker Hediyeli 11 G,"₺75,00"
Haribo Şirinler Yumuşak Şeker 115 G,"₺31,00"
"Turbo Meyve Aromalı Sakız 25x4,5 G","₺44,50"
Ülker Yupo Eğleneceli Kalpler Çilek Aromalı Yumuşak Şeker 130 G,"₺27,50"
Haribo My Mix Yumuşak Şeker 450 G,"₺125,00"
Haribo Altın Ayıcık Ekşi Meyve Sulu Karışık Yumuşak Şekerleme 175 G,"₺42,50"
Haribo Altın Ayıcık Efsane Karışık Aromalı Yumuşak Şekerleme 200 G,"₺42,50"
Fenomen Şeker Hediyeli Süslü Tarak 6 G,"₺49,50"
Jox Çilek Aromalı Sert Şeker 12 G,"₺10,00"
Haribo Şirinler Yumuşak Şeker 115 G,"₺28,75"
Falım Karpuz Aromalı Şekersiz Sakız 5’li 35 G,"₺27,50"
Falım Orman Meyveleri Aromalı Şekersiz Sakız 5’li 35 G,"₺27,50"
Haribo Sahanda Yumurta Yumuşak Şeker 200 G,"₺42,50"
Jox Ahududu Aromalı Yumuşak Şeker 22 G,"₺5,00"
Jox Çilek Aromalı Çubuk Yumuşak Şeker 22 G,"₺5,00"
Jox Crunchy Ekşi Şeker 50 G,"₺49,50"
Jox Elma Çubuk Yumuşak Şeker 22 G,"₺5,00"
Warning Mango Kiraz Aromalı Ekşi Şeker 42 G,"₺15,00"
Warning Sour Taffy Limon ve Çilek Aromalı Şeker 42 G,"₺15,00"
Onix Nane Aromalı Dolgulu Şeker 38 G,"₺9,50"
Damla Karışık Yumuşak Şeker 400 G,"₺69,50"
Toynero Şeker Hediyeli Boyama Kitabı 9 G,"₺49,50"
Toynero Şeker Hediyeli İyi Seneler 15 G,"₺69,50"
Bebeto Çilek Aromalı Kurutulmuş Yumuşak Şeker 35 G,"₺37,50"
Laylaylom Süs Şeker Karışık Aromalı 40 G,"₺29,50"
Laylaylom Süs Şeker Karışık Aromalı 20 G,"₺19,50"
Mom Organik Lolipop 58 G,"₺79,50"
Fenomen Burger Yumuşak Şeker 35 G,"₺17,50"
Şekerci Mustafa Antep Fıstıklı Kakao Kaplamalı Baklava 120 G,"₺75,00"
"Bebeto Hamburger Yumuşak Şeker 10,5 G","₺5,00"
Jelibon Karpuz Yumuşak Şeker 160 G,"₺29,50"
Kukikültür Baston Şeker 30 G,"₺8,50"
Jox Kola Aromalı Ekşi Şeker 12 G,"₺10,00"
Ülker Yupo Yaban Mersini Metre Yumuşak Şeker 50 G,"₺13,50"
Akaş Kola Aromalı Patlayan Şeker 4 G,"₺6,50"
Şekerci Mustafa Sade Çekme Helva 240 G,"₺63,50"
Haribo Şeftali Yumuşak Şeker 250 G,"₺59,50"
Haribo Sevimli Canavarlar Yumuşak Şeker 250 G,"₺59,50"
Seven Stick Yumuşak Şeker Topik 100 G,"₺18,50"
Dippo Oyuncaklı Sakız 2x5 G,"₺12,50"
"Toynero Şeker Hediyeli Yumurta 6,2 G","₺25,00"
Haribo Çilek & Ayıcık Yumuşak Şeker 130 G,"₺35,00"
Bebeto Licorice Yumuşak Şeker Çilek 75 G,"₺29,50"
Bebeto Freeze Crunchy Bubblegum 35 G,"₺34,90"
Bebeto Freeze Crunchy Yaban Mersini 35 G,"₺34,90"
Bebeto Wacky Sticks Bites 135 G,"₺24,00"
Funvesta Sakız Hediyeli Büyük Çocuklar 25 G,"₺39,50"
Ülker Bonbon Karışık Meyveli Sert Şeker 36 G,"₺13,00"
Ülker Kremini Vişneli Yumuşak Şeker 44 G,"₺10,00"
Ülker Kremini Ahududulu Yumuşak Şeker 44 G,"₺10,00"
Bebeto Şeftali Aromalı Yumuşak Şeker 400 G,"₺69,50"
Falım Işıl Karbonatlı Şekersiz Sakız 28 G,"₺29,00"
O'Fresh Nane Aromalı Sakız 60 G,"₺29,00"
Haribo Cocoballs Yumuşak Şeker 175 G,"₺48,00"
Yıldız Şekersiz Damla Sakız 3x7 G,"₺12,50"
Olips Şeftali Frambuaz Aromalı Sert Şeker 28 G,"₺10,00"
Polo Spearmint Sert Şeker 34 G,"₺15,00"
Toybox Metre Sakız 35 G,"₺16,50"
Dexters Dynaegg Çikolata Kaplı Yumuşak Şeker 80 G,"₺29,50"
"Toy Nero Şeker Hediyeli Sürpriz Yumurta 15,2 G","₺49,50"
Toy Nero Sakız Hediyeli Basket Gum 20 G,"₺39,50"
Haribo Berries Yumuşak Şeker 130 G,"₺17,50"
Mentos Pure Çilek Aromalı Sakız Draje 30 G,"₺35,00"
Vivident 45 Dk Cüzdan Karpuz Aromalı Sakız 26 G,"₺30,00"
Mentos Ekşi Çilek Sert Şeker 49 G,"₺65,00"
Mentos Ekşi Elma Sakız Draje 56 G,"₺55,00"
Big Babol Basket Sakız 20 G,"₺13,50"
Mentos Ekşi Çilek Sakız Draje 56 G,"₺55,00"
Big Babol Tenis Sakız 20 G,"₺13,50"
Mentos Ekşi Limon Sert Şeker 49 G,"₺65,00"
Damla Yumuşak Şeker 15 G,"₺5,00"
Joz Chewy Yumuşak Şeker 17x6 G,"₺20,00"
Oneo Slims Çilekli Sakız 27 G,"₺18,50"
Yupo Sihirli Şapka Yumuşak Şeker 80 G,"₺12,50"
Bonart Licorice Yumuşak Şeker 8 G,"₺3,00"
Ülker Yupo Ayıcık Yumuşak Şeker 80 G,"₺12,50"
Yupo Lokumcuk Yumuşak Şeker 77 G,"₺12,50"
Ülker Bonbon Naneli Sert Şeker 36 G,"₺10,00"
Bebeto Sour Blast Cola Licorice Yumuşak Şeker 15 G,"₺5,00"
Haribo Mix Yumuşak Şeker 325 G,"₺89,00"
Chupa Chups Patlayan Şeker Lolipop Kola 14 G,"₺13,50"
Missbon Çilek & Elma Sert Şeker 43 G,"₺12,50"
Sweet Route Karışık Meyveli Yumuşak Şeker 500 G,"₺65,00"
Jox Chewy Ahududu Yumuşak Şeker 7 G,"₺2,50"
Şekerci Mustafa Antep Fıstıklı Pişmaniye 220 G,"₺63,50"
Tayaş Milkquick Kahve Dolgulu Sert Şeker 350 G,"₺39,00"
Haribo Dinozor Yumuşak Şeker 200 G,"₺42,50"
Haribo Miami Şerit Yumuşak Şeker 120 G,"₺55,00"
Lokum Aşkı Dubai Sultanı Lokum 250 G,"₺225,00"
Haribo Dev Cola Yumuşak Şeker 18 G,"₺3,25"
Haribo Dev Balık Yumuşak Şeker 18 G,"₺3,25"
Haribo Dev Köpek Balığı Yumuşak Şeker 18 G,"₺3,25"
Haribo Dev Timsah Yumuşak Şeker 18 G,"₺3,25"
Vitassist Guarana&Ginseng Sakız 27 G,"₺13,00"
Toy Joy Jelly Göz Yumuşak Şeker 18 G,"₺20,00"
Jox Minies Ahududulu Ekşi Yumuşak Şeker 10 G,"₺3,50"
Jox Minies Çilekli Ekşi Yumuşak Şeker 10 G,"₺3,50"
Haribo Keyif Paketi Yumuşak Şeker 357 G,"₺65,00"
Mentos Clean Breath Orman Meyveli Aromalı Şeker 21 G,"₺37,50"
Big Babol World Dino Eggs Ekşi Sakız 90 G,"₺74,00"
Bigbabol Fantastic World Meyve Aromalı Sakız 90 G,"₺74,00"
Ülker Oneo Slims Karpuzlu Sakız 14 G,"₺9,00"
Olips Mentol ve Okaliptus Aromalı Şeker 28 G,"₺15,00"
Evliya Favori Karamel Dolgulu Yumuşak Şeker 350 G,"₺39,00"
Kent Assortment Şeker 375 G,"₺60,00"
Tofim Meyveli Şeker 350 G,"₺39,00"
Jox Flat Meyve Aromalı Lolipop 180 G,"₺30,00"
Oneo Karışık Meyve Aromalı Sakız 76 G,"₺40,00"
Ülker Oneo Nane Aromalı Sakız 76 G,"₺90,00"
Olips Çilek Aromalı Sert Şeker 28 G,"₺10,00"
"Olips Mini Mints Nane Aromalı Şeker 12,5 G","₺20,00"
Vivident Extra Nane Aromalı Şekersiz Sakız 66 G,"₺87,50"
Jelibon Sourpatch Yumuşak Şeker 160 G,"₺29,50"
Ülker Çokojelo Portakallı Yumuşak Şeker 20 G,"₺9,50"
Ülker Çokojelo Böğürtlenli Yumuşak Şeker 20 G,"₺9,50"
Ülker Kremini Tropikal Mini Sert Şeker 30 G,"₺15,00"
Vivident Storming Karpuz Aromalı Şerit Sakız 33 G,"₺39,50"
Tipitip Bublefresh Şekersiz Sakız 27 G,"₺25,00"
Tipitip Meyve Aromalı Sakız 27 G,"₺25,00"
"Mentos Meyveli Draje Şeker 37,5 G","₺16,50"
Kaju Bang Ballı Hardallı Mısır ve Pirinç Patlağı 32 G,"₺5,00"
Kaju Bang Acı Taco Mısır ve Pirinç Patlağı 32 G,"₺7,50"
Burch Mısır & Pirinç Patlağı 96 G,"₺24,50"
Burch Karabuğday Patlağı 88 G,"₺39,50"
Burch Zeytinli Mısır & Pirinç Patlağı 60 G,"₺39,50"
Eti Lifalif Kuruyemişli Müsli Bar 3x35 G,"₺69,50"
Eti Lifalif Müsli Kuru Meyveli Bar 3x35 G,"₺69,50"
Eti Lifalif Kırmızı Meyveli Müsli Bar 3x35 G,"₺69,50"
Eti Pronot Glutensiz Çikolatalı Kek 144 G,"₺97,50"
Eti Lifalif Bitter Çikolatalı Bar 35 G,"₺37,50"
Eti Lifalif Kuruyemişli Bar 35 G,"₺30,00"
Wefood Karabuğday Patlağı 100 G,"₺30,00"
Mixmey Yer Fıstıklı ve Muzlu Meyve Bar 35 G,"₺12,00"
Muscle Station Çikolatalı Protein Bar 40 G,"₺25,00"
Züber Fıstık Ezmeli Yüksek Proteinli Bar 45 G,"₺52,50"
Mixmey Kakao ve Yer Fıstııklı Meyve Bar 35 G,"₺12,00"
"Nestle Nesfit Çilekli Tam Tahıllı Bar 23,5 G","₺25,00"
"Nestle Nesfit Kırmızı Meyveli Tam Tahıllı Bar 23,5 G","₺25,00"
"Nestle Nesfit Sütlü Çikolatalı ve Muzlu Tam Tahıllı Bar 23,5 G","₺25,00"
"Nestle Nesfit Karamelli Çikolata Bar 23,5 G","₺25,00"
"Nestle Nesfit Çikolatalı Tam Tahıllı Bar 23,5 G","₺25,00"
Fellas Hindistan Cevizi ve Chia Bar 40 G,"₺39,50"
Riders Energy 40 G,"₺20,00"
Malatya Pazarı Fındıklı Meyve Bar 40 G,"₺20,00"
Malatya Pazarı Antep Fıstıklı Meyve Bar 40 G,"₺24,00"
Muscle Station Bitter Protein Bar 40 G,"₺25,00"
Zühre Ana Çilek Kaju Protein Bar 40 G,"₺52,50"
Zühre Ana Ananas Meyve Bar 35 G,"₺58,50"
Zühre Ana Yer Fıstığı Muz Protein Bar 35 G,"₺37,50"
Züber Kidz Sütlü Kakaolu Meyve Bar 25 G,"₺32,50"
Züber Kidz Çilekli Meyve Topu 42 G,"₺49,50"
Muscle Station Protein Bar Karamel 40 G,"₺25,00"
Ülker Goahead Portakallı Üzümlü Bitter Çikolata Kuruyemiş Bar 35 G,"₺27,50"
Ülker Goahead Kırmızı Meyveli ve Bitter Çikolatalı Kuruyemiş Bar 35 G,"₺27,50"
Ülker Goahead Lezzet Üç Katlı Lezzet Kuruyemişli ve Bitter Çikolatalı Meyve Bar 35 G,"₺30,00"
Tadımca İç Kabak Çekirdekli Tahıllı Bar 30 G,"₺25,00"
Tadımca Fındıklı Tarçınlı Hurmalı Bar 40 G,"₺40,00"
Bahs Yüksek Protein Cookie Bar 45 G,"₺59,50"
Bahs Yüksek Protein Brownie Bar 45 G,"₺59,50"
Züber Yer Fıstıklı Kakaolu Bar 3x40 G,"₺114,50"
Muscle Station Protein Fındık Bar 40 G,"₺27,50"
Züber Fıstık Ezmeli Yüksek Protein Bar 45 G,"₺69,50"
Delly Cappuccino Aromalı Yüksek Proteinli Bar 40 G,"₺49,50"
Riders Yer Fıstıklı Matcha ve Limon Parçacıklı Bar 40 G,"₺22,50"
Granio Elmalı Sütlü Çikolatalı Bar 40 G,"₺22,50"
Granio Keto Friendly Portakal Parçacıklı Yer Fıstıklı Bar 30 G,"₺20,00"
Fitfit Yaban Mersinli Pestil 14 G,"₺10,00"
Fitfit Fındık Ezmesi Dolgulu Hurma Topları 100 G,"₺49,50"
Fitfit Çilekli Pestil 14 G,"₺10,00"
Züber Fındık Ezmeli Dolu Dolu Meyve Bar 30 G,"₺44,50"
Züber Fıstrık Yer Fıstıklı Kuruyemiş Bar 30 G,"₺37,50"
Eti Lifalif Antep Fıstıklı Bar 35 G,"₺39,00"
Muscle Station Ruby Protein Bar 40 G,"₺25,00"
Fellas Dört Tohumlu Granola Bar 23 G,"₺29,50"
Fellas Kakaolu Granola Bar 23 G,"₺29,50"
Fellas Kırmızı Meyveli Granola Bar 23 G,"₺29,50"
Puffkins Portakallı Sağlıklı Atıştırmalık 75 G,"₺49,50"
Mixmey Orman Meyveli Patlaklı Bar 25 G,"₺19,50"
Puffkins Yer Fıstıklı Sağlıklı Atıştırmalık 75 G,"₺49,50"
Züber Yer Fıstıklı Meyve Topu 80 G,"₺64,50"
Nio Kırmızı Meyveli Tahıl Bar 23 G,"₺7,50"
Delly Yüksek Proteinli Bar Beyaz Çikolata 40 G,"₺49,50"
Delly Yüksek Proteinli Bar Karamel 40 G,"₺42,95"
Züber Kakao Parçacıklı Protein Bar 35 G,"₺44,50"
Züber Portakallı Meyve Topu 80 G,"₺59,50"
Züber Kırmızı Meyveli Granola Bar 25 G,"₺29,50"
Züber Hindistan Cevizi Chia Meyve Bar 40 G,"₺44,50"
Fellas Dört Tohumlu Kuruyemiş Bar 30 G,"₺42,50"
Fellas Yer Fıstıklı Kuruyemiş Bar 30 G,"₺42,50"
Eti Pronot Glutensiz Bitter Çikolatalı Tahıl Bar 35 G,"₺24,00"
Corny Kakaolu Kırmızı Meyve Bar 17 G,"₺19,50"
Fellas Fındıklı Kakaolu Kuruyemiş Bar 30 G,"₺42,50"
Züber Lokma Fındık Kaplı Meyve Topu 96 G,"₺59,50"
Fellas Kırmızı Meyveli Kuruyemiş Bar 30 G,"₺42,50"
Züber Kakaolu Yer Fıstıklı Bar 40 G,"₺27,00"
Eti Lifalif Çekirdekli Domatesli Tuzlu Yulaf Bar 30 G,"₺20,00"
Eti Lifalif Kajun Baharatlı Tuzlu Yulaf Bar 30 G,"₺20,00"
Ülker Go Ahead Yer Fıstıklı Protein Bar 45 G,"₺30,00"
Granio Portakal ve Yulaf Ezmeli Bar 40 G,"₺25,00"
Kenevirco Yer Fıstıklı Protein Bar 32 G,"₺15,00"
Fellas Yer Fıstıklı Yüksek Protein Bar 45 G,"₺59,50"
Fellas Fındıklı Kakaolu Protein Bar 32 G,"₺42,50"
Etli Lifalif Bitter Çikolatalı Müsli Bar 3x35 G,"₺69,50"
Züber Fındık Kakaolu Meyve Bar 40 G,"₺49,50"
Züber Antep Fıstıklı ve Kakaolu Meyve Bar 40 G,"₺32,00"
Riders Yer Fıstıklı Portakallı Protein Bar 50 G,"₺27,50"
Riders Ginsengli Enerji Bar 40 G,"₺19,50"
Tadım Portakallı Bademli Kuruyemiş Bar 30 G,"₺21,50"
Muscle Station Beyaz Çikolatalı Protein Bar 40 G,"₺25,00"
Tadımca Kuruyemişli Sportif Bar 30 G,"₺20,00"
Fellas Chia & Yaban Mersini Meyve Bar 40 G,"₺39,50"
Fellas Fıstık & Kakao Protein Bar 32 G,"₺39,50"
Fellas Kakaolu Meyveli Duble Bar 35 G,"₺24,00"
Fellas Yer Fıstıklı Kakaolu Vegan Protein Bar 40 G,"₺37,50"
Fellas Yer Fıstıklı Vegan Protein Bar 40 G,"₺37,50"
Fellas Vanilya & Kakao Protein Bar 32 G,"₺32,50"
Organuca Organik Zencefilli Shot İçecek 3x60 ml,"₺129,50"
Bang Fit Glutensiz Mısır & Pirinç Patlağı 32 G,"₺10,00"
Bang Fit Glutensiz Karabuğday Patlağı 32 G,"₺15,00"
Wefood Glutensiz Pirinç Patlağı 100 G,"₺39,00"
Wefood Çok Tahıllı Mısır & Pirinç Patlağı 100 G,"₺30,00"
Kaju Bang Thai Mısır & Pirinç Patlağı 32 G,"₺8,00"
Kaju Bang Krema Soğan Mısır & Pirinç Patlağı 32 G,"₺7,50"
Kaju Bang Baharatlı Mısır & Pirinç Patlağı 32 G,"₺8,00"
Glutensiz Fabrika Karabuğday Patlağı 24 G,"₺15,00"
Tadımca Fındıklı Kuruyemiş Bar 30 G,"₺35,00"
Tadım Antep Fıstıklı Kuruyemiş Bar 30 G,"₺65,00"
Richland Cookie Rings Kakaolu Tahıl Halkaları 150 G,"₺59,00"
Nestle Nesfit Kabak Çekirdekli Turna Yemişli Granola 300 G,"₺195,00"
Nestle Nesfit Çikolatalı Granola 300 G,"₺195,00"
Nestle Nesfit Ballı Granola 300 G,"₺195,00"
Ülker Kellogg's Beyaz Çikolatalı Antep Fıstıklı Granola 60 G,"₺14,00"
Nestle Nesfit Ballı Bademli Tam Tahıl ve Pirinç Gevreği 400 G,"₺195,00"
Nestle Nesfit Ballı Kırmızı Meyveli Tam Tahıl ve Pirinç Gevreği 400 G,"₺195,00"
Rolling Pops Süt Mısır Nohut Cipsi 56 G,"₺17,50"
Rolling Pops Kajun Baharat Nohut Cipsi 56 G,"₺20,00"
Züber Kajun Baharatlı Nohut Cipsi 55 G,"₺45,00"
Züber Ekşi Krema Soğan Çeşnili Nohut Cipsi 55 G,"₺55,00"
Potamya Deniz Tuzlu Baklagil Cipsi 50 G,"₺29,50"
Potamya Baklagil Baharatlı Baklagil Cipsi 50 G,"₺29,50"
Züber Noutos Ege Baharatlı Fırınlanmış Nohut Cipsi 55 G,"₺35,00"
Dubai Fusion Pesto Soslu Nohut Cipsi 135 G,"₺30,00"
Dubai Fusion Sarımsak ve Zeytinyağı Nohut Cipsi 135 G,"₺35,00"
Züber Noutos Yoğurt & Mevsim Yeşillikleri Çeşnili Fırınlanmış Nohut Cipsi 55 G,"₺39,50"
Züber Noutos Yer Fıstıklı Fırınlanmış Nohut Cipsi 55 G,"₺39,50"
Activia Probiyotikli Yoğurt Bowl Ananaslı & Hindistan Cevizli & Yulaflı 150 G,"₺39,50"
Fanta Zero Portakallı Gazlı İçecek 6x250 ml,"₺245,00"
Coca-Cola Zero Gazlı İçecek 6x250 ml,"₺245,00"
Sprite Gazlı İçecek 6x250 ml,"₺245,00"
Sprite Zero Gazoz 6x250 ml,"₺245,00"
Coca-Cola Orijinal Gazlı İçecek 6x250 ml,"₺245,00"
Fanta Gazlı İçecek 6x250 ml,"₺245,00"
Pepsi Max Gazlı İçecek 6x330 ml,"₺226,50"
Yedigün Gazlı İçecek 6x330 ml,"₺226,50"
"Fanta Mandalina 2,5 L","₺75,00"
"Coca-Cola 2,5 L","₺90,00"
"Kristal Şekersiz Kola 2,5 L","₺38,50"
"Coca-Cola Gazlı İçecek 1,75 L","₺75,00"
"Coca-Cola Gazlı İçecek 1,25 L","₺65,00"
"Coca-Cola Zero Gazlı İçecek 2,5 L","₺89,50"
Coca-Cola Orjinal Tat 2 L,"₺79,50"
"Cola Turka 2,5 L","₺70,00"
Coca-Cola Gazlı İçecek 3 L,"₺107,50"
"Coca-Cola Zero Gazlı İçecek 1,5 L","₺69,50"
Coca-Cola Gazlı İçecek 1 L,"₺60,00"
"Fanta Gazlı İçecek 1,25 L","₺65,00"
"Fanta Zero Portakal Gazlı İçecek 2,5 L","₺65,00"
"Fanta Portakal 2,5 L","₺80,00"
"Fanta Gazlı İçecek 1,75 L","₺75,00"
"Fanta Zero Portakal 1,5 L","₺65,00"
"Sprite Gazoz Gazlı İçecek 2,5 L","₺75,00"
Sprite Gazlı İçecek Gazoz 1 L,"₺60,00"
"Sprite Zero Gazoz 2,5 L","₺49,50"
Schweppes Mandalina Aromalı Gazlı İçecek 1 L,"₺75,00"
"Sprite Gazoz 1,5 L","₺55,00"
"Kristal Portakallı Gazlı İçecek 2,5 L","₺38,50"
Fanta Portakal Gazlı İçecek 2 L,"₺72,50"
Coca-Cola Zero Gazlı İçecek 1 L,"₺60,00"
Coca-Cola Light 1 L,"₺55,00"
"Pepsi Gazlı İçecek 1,5 L","₺57,00"
"Sarıyer Kola Gazlı İçecek 2,5 L","₺69,50"
"Yedigün Portakal Aromalı Gazlı İçecek 2,5 L","₺60,00"
Fanta Mandalina 1 L,"₺37,50"
Fanta Exotic 1 L,"₺37,50"
"Pepsi Gazlı İçecek 2,5 L","₺81,00"
Pepsi Kola 1 L,"₺57,00"
Pepsi Gazlı İçecek Kola 2 L,"₺62,00"
"Pepsi Zero Sugar Gazlı İçecek 1,5 L","₺65,00"
Pepsi Zero Sugar Gazlı İçecek 1 L,"₺47,00"
Cola Turka Kola 3 L,"₺49,50"
Coca-Cola 330 ml,"₺50,00"
Coca-Cola Şekersiz 200 ml,"₺40,00"
Pepsi Gazlı İçecek 330 ml,"₺47,50"
Fanta Portakal 200 ml,"₺35,00"
Bi Cola 330 ml,"₺25,00"
Bi Portakal Aromalı Gazlı İçecek 330 ml,"₺21,50"
Coca-Cola Gazlı İçecek 250 ml,"₺25,00"
Coca-Cola Gazlı İçecek Kola Cam 200 ml,"₺40,00"
Pepsi Gazlı İçecek 250 ml,"₺24,75"
Bi Cola 250 ml,"₺14,00"
Fanta Gazlı İçecek 250 ml,"₺20,00"
Yedigün Gazlı İçecek 250 ml,"₺15,75"
Coca-Cola 4x1 L,"₺133,00"
Pepsi Max 4x1 L,"₺110,00"
"Yedigün Portakal Aromalı Gazlı İçecek 1,5 L","₺65,00"
Fanta Gazlı İçecek Portakal 1 L,"₺50,00"
Çamlıca Gazoz 4x1 L,"₺95,00"
Kınık Sade Gazoz 6x200 ml,"₺70,00"
Serinoba Gazoz 250 ml,"₺16,50"
Fruko Gazoz 250 ml,"₺18,00"
Sprite Gazoz Gazlı İçecek 250 ml,"₺16,50"
"Fruko Gazoz 2,5 L","₺67,00"
"Bi Gazoz 1,5 L","₺33,00"
"Çamlıca Sade Gazoz Gazlı İçecek 1,5 L","₺55,00"
"Sarıyer Portakal Şekersiz Gazlı İçecek 1,5 L","₺42,50"
Niğde Gazozu Gazlı İçecek 6x250 ml,"₺119,00"
Niğde Gazozu Şekersiz Gazlı İçecek 6x250 ml,"₺79,00"
Sarıyer Kola 250 ml,"₺14,00"
"Sarıyer Portakal Gazlı İçecek 2,5 L","₺69,50"
"Sarıyer Portakallı Şekersiz Gazlı İçecek 2,5 L","₺39,50"
"Sarıyer Kola Şekersiz Gazlı İçecek 1,5 L","₺42,50"
"Sarıyer Karadut Aromalı Gazoz  2,5 L","₺70,00"
"Bi Portakal 2,5 L","₺61,00"
"Bi Cola 1,5 L","₺47,00"
"Bi Cola 2,5 L","₺64,00"
"Sarıyer Şekersiz Kola 2,5 L","₺39,50"
Sprite Şekersiz Limon Aromalı 1 L,"₺37,50"
"Sarıyer Mandalina Şekersiz Gazlı İçecek 1,5 L","₺35,00"
Bi Portakal 250 ml,"₺14,00"
Sarıyer Yaban Mersinli Gazlı İçecek 250 ml,"₺14,00"
Sarıyer Portakallı Gazlı İçecek 250 ml,"₺14,00"
Sarıyer Gazoz 250 ml,"₺14,00"
Balsa Limonlu Gazoz 250 ml,"₺22,50"
Sprite Cool Mint  Limon ve Nane Aromalı Gazoz 1 L,"₺59,50"
Pepsi Vanilya ve Krema Aromalı Gazlı İçecek 1 L,"₺55,00"
Pepsi Çilek ve Krema Aromalı Gazlı İçecek 1 L,"₺55,00"
"Kristal Gazlı İçecek Kola 1,5 L","₺45,00"
"Kristal Gazlı İçecek Portakal 1,5 L","₺45,00"
Kristal Gazoz 1 L,"₺25,00"
Nazilli Gazlı İçecek Gazoz Portakal,"₺35,00"
Sprite Gazlı İçecek Gazoz 2 L,"₺72,50"
Nazilli Gazlı İçecek Gazoz Sade,"₺35,00"
Meysu Kola Gazlı İçecek 1 L,"₺35,00"
Meysu Gazlı İçecek Portakal 1 L,"₺35,00"
Çamlıca Frambuaz Aromalı Gazoz 200 ml,"₺16,50"
Uludağ Gazoz Portakal 1 L,"₺42,50"
Damla Minera Elma Maden Suyu 6x200 ml,"₺69,50"
Uludağ Gazoz Sade 1 L,"₺42,50"
Togo Gazlı İçecek Gazoz Bubble Gum Aromalı 250 ml,"₺20,00"
Togo Gazlı İçecek Gazoz Mango Aromalı 250 ml,"₺20,00"
Togo Gazlı İçecek Gazoz Kavun Aromalı 250 ml,"₺20,00"
Sarıyer Şekersiz Gazlı İçecek Gazoz  1 L,"₺25,00"
Sarıyer Şekersiz Gazlı İçecek Portakal 1 L,"₺25,00"
Sarıyer Şekersiz Gazlı İçecek Kola 1 L,"₺25,00"
Coca-Cola Gazlı İçecek 6x450 ml,"₺100,00"
"Sarıyer Frambuaz Aromalı Gazoz 2,5 L","₺69,50"
"Coca-Cola Original Gazlı İçecek 1,5 L","₺69,50"
"Nazilli Gazozu Portakal Aromalı 1,5 L","₺40,00"
"Nazilli Gazozu Sade 1,5 L","₺40,00"
"Fanta Portakal Gazlı İçecek 1,5 L","₺69,50"
Sarıyer Mandalina Gazlı İçecek 250 ml,"₺12,50"
Kristal Gazlı İçecek Kola 1 L,"₺30,00"
Kristal Gazlı İçecek Portakal 1 L,"₺30,00"
Serinoba Yaban Mersini Aromalı Gazoz 200 ml,"₺15,00"
Serinoba Bubble Gum Aromalı Gazoz 200 ml,"₺15,00"
"Kristal Kola 2,5 L","₺65,00"
Predator Enerji İçeceği 250 ml,"₺25,00"
Pepsi Kola 4x1 L,"₺145,95"
Kınık Portakallı Gazoz 6x200 ml,"₺70,00"
Coca-Cola Zero Gazlı İçecek 2 L,"₺79,50"
Çamlıca Gazoz Gazlı İçecek 330 ml,"₺25,00"
Cola Turka Kola 330 ml,"₺37,00"
"Sprite Şekersiz Gazlı İçecek Gazoz 1,5 L","₺40,00"
"Fanta Gazlı İçecek Mandalina 1,5 L","₺40,00"
Dimes Sütlü İçecek Muz Kurabiye Milkshake 310 ml,"₺45,00"
Dimes Çilekli ve Beyaz Çikolata Milkshake 310 ml,"₺45,00"
Üstad Osmanlı Şerbeti 946 ml,"₺59,00"
Üstad Yeşil Şerbet 946 ml,"₺59,00"
Üstad %100 Organik Meyve Suyu Sarı Meyve 1 L,"₺119,00"
Üstad Organik %100 Portakal Suyu 1 L,"₺119,00"
Üstad %100 Organik Meyve Suyu Elma 1 L,"₺119,00"
Üstad %100 Organik Meyve Suyu Kırmızı Meyve 1 L,"₺119,00"
Fuse Tea Karpuzlu Soğuk Çay 6x330 ml,"₺245,00"
Fuse Tea Mango ve Ananas Soğuk Çay 6x330 ml,"₺245,00"
Fuse Tea Frambuaz ve Böğürtlen Soğuk Çay 6x330 ml,"₺245,00"
Fuse Tea Kavun ve Çilek Soğuk Çay 6x330 ml,"₺245,00"
Lipton Çilek Soğuk Çay 6x330 ml,"₺226,50"
Lipton Şeftali Şekersiz Soğuk Çay 6x330 ml,"₺226,50"
Lipton Mango Soğuk Çay 6x330 ml,"₺226,50"
Lipton Karpuz Soğuk Çay 6x330 ml,"₺226,50"
Jantea Bubble Karpuz-Çilek Aromalı İçecek 250 ml,"₺45,00"
Dimes Cool Karpuz Konsantre İçecek 310 ml,"₺30,00"
Dimes Cool Lime Şekersiz Konsantre Meyveli İçecek 310 ml,"₺39,50"
Dimes Cool Berry Konsantre Meyveli İçecek 310 Ml,"₺39,50"
Lipton Mango ve Egzotik Meyve Soğuk Çay  1 L,"₺57,00"
Lipton Ice Tea Şeftali Buzlu Çay 4x1 L,"₺110,00"
Dimes %100 Karışık Meyve Suyu 1 L,"₺79,50"
Didi Şeftalili Buzlu Çay 500 ml,"₺30,50"
"Fuse Tea Mango Ananas Soğuk Çay 1,5 L","₺52,00"
Lipton Şeftali Aromalı Soğuk Çay 2 L,"₺59,50"
Lipton Tropikal Meyve Aromalı Soğuk Çay 2 L,"₺59,50"
Lipton Yeşil Çay Çilek Soğuk Çay 1 L,"₺39,50"
"Doğuş Şeftali Aromalı Buzlu Çay 2,5 L","₺55,00"
"Fuse Tea Karpuz Soğuk Çay 1,5 L","₺52,00"
Lipton Ice Tea Şeftali Aromalı Soğuk Çay 1 L,"₺57,00"
"Juss Tea Şeftali Aromalı Buzlu Çay 2,5 L","₺52,50"
"Juss Tea Karpuz Çilek Aromalı Soğuk Çay 2,5 L","₺55,00"
"Juss Tea Şeftali Aromalı Soğuk Çay 1,5 L","₺42,50"
Fuse Tea Kavun Çilek Soğuk Çay 1 L,"₺55,00"
Juss Tea Karpuz Çilek Pet Buzlu Çay 250 ml,"₺11,00"
"Juss Tea Karpuz & Çilek Aromalı Soğuk Çay 1,5 L","₺35,00"
"Didi Şeftali Buzlu Çay 1,5 L","₺44,50"
Bi Şeftali Buzlu Çay 1 L,"₺30,00"
Fuse Tea Frambuaz Böğürtlen Aromalı İçecek 1 L,"₺55,00"
Fuse Tea Mango Ananas Aromalı Soğuk Çay 1 L,"₺60,00"
Fuse Tea Şeftali Aromalı Soğuk Çay 1 L,"₺60,00"
Fuse Tea Karpuz Aromalı Soğuk Çay 1 L,"₺60,00"
Lipton Karpuz ve Nane Soğuk Çay 1 L,"₺57,00"
Lipton Soğuk Çay Karpuz & Nane 330 ml,"₺35,00"
Juss Tea Mango Ananas Pet Buzlu Çay 250 ml,"₺11,00"
Dooy Yeşil Şerbet 1 L,"₺22,50"
Lipton Ice Tea Şeftali Aromalı Soğuk Çay  330 ml,"₺47,50"
Fuse Tea Kavunlu Çilekli Buzlu Çay 330 ml,"₺50,00"
Bi Ice Tea Limon Buzlu Çay 330 ml,"₺24,50"
Bi Mango Exotic Buzlu Çay 330 ml,"₺21,00"
Bi Ice Tea Şeftali Buzlu Çay 330 ml,"₺24,50"
Tamek Karpuz Çilek Aromalı Buzlu Çay 200 ml,"₺13,50"
Tamek Şeftali Aromalı Buzlu Çay 200 ml,"₺13,50"
Tamek Elmalı Limonata 200 ml,"₺9,00"
Fuse Tea Karpuz Aromalı Soğuk Çay 330 ml,"₺35,00"
Cappy Pulpy Portakal Aromalı İçecek 330 ml,"₺40,00"
Dooy Vişne Meyve Nektarı 1 L,"₺55,00"
Dimes Ananas & Hindistan Cevizi Meyveli İçecek 1 L,"₺40,00"
Dimes %100 Meyve Suyu Karışık Kırmızı Meyveler 1 L,"₺75,00"
Lavi Portakal Meyveli İçecek 1 L,"₺40,00"
Cappy Vişne Meyveli İçecek Pet 1 L,"₺70,00"
Cappy Cool Hibiscus Aromalı İçecek 1 L,"₺65,00"
Cappy Cool Şekersiz Pink Çilekli Limonata 1 L,"₺45,00"
Cappy Cool Nane Aromalı Limonlu Limonata 1 L,"₺39,50"
Juss Tropikal Meyveli İçecek Pet 1 L,"₺30,00"
Dooy Osmanlı Şerbeti 1 L,"₺27,50"
Yakamoz Karadut İçecek 5 L,"₺85,00"
Dimes Smoothie %100 Karpuz Meyve Suyu 310 ml,"₺32,50"
Juss Armutlu Meyveli İçecek 1 L,"₺30,00"
Dimes Buzz Böğürtlen ve Lime Meyveli İçecek 1 L,"₺47,50"
Dimes Meyveli İçecek Ekşi Elma 1 L,"₺55,00"
Dimes Şeftali Nektarlı Meyveli İçecek 1 L,"₺70,00"
Dimes Vişne Meyveli İçecek 1 L,"₺70,00"
Dimes 7/24 Karışık Meyveli İçecek 1 L,"₺55,00"
Juss Çilekli Meyveli İçecek 1 L,"₺50,00"
Lavi Ekşi Elma Meyveli İçecek 1 L,"₺40,00"
Cappy Pulpy Şeftali Aromalı İçecek 1 L,"₺69,50"
Dooy %100 Organik Sarı Meyveler Meyve Suyu 1 L,"₺65,00"
Dooy %100 Organik Kırmızı Meyveler Meyve Suyu 1 L,"₺59,00"
Booly Mandalina Aromalı İçecek 3 L,"₺55,00"
Cappy Şeftali Meyve Nektarı 1 L,"₺70,00"
Cappy Kayısı Meyve Nektarı 1 L,"₺65,00"
Cappy Karışık Meyve Nektarı 1 L,"₺45,00"
Dimes Nar Meyveli İçecek 1 L,"₺29,50"
Yeni Kavaklıdere Efor Limonata 3 L,"₺55,00"
Yeni Kavaklıdere Mandalina Aromalı İçecek 3 L,"₺55,00"
Sarıyer Gül Şerbeti 1 L,"₺22,50"
Cappy Pulpy Portakal Aromalı İçecek 1 L,"₺75,00"
Dooy Şeftali Meyve Nektarı 1 L,"₺45,00"
Dooy Ananas Meyve Aromalı İçecek 1 L,"₺45,00"
Dooy Kayısı Meyve Nektarı 1 L,"₺45,00"
Dooy Sarı Meyveli Meyve Suyu %100 6x200 ml,"₺69,00"
Dooy Kırmızı Meyveli Meyve Suyu %100 6x200 Ml,"₺49,00"
Dooy Karışık Meyve Nektarı 1 L,"₺45,00"
Dooy Karpuz-Çilek Meyveli İçecek 200 ml,"₺11,50"
Dooy Şeftali Kayısı Kavun Meyveli İçecek 200 ml,"₺10,50"
Cappy Vişne Meyveli İçecek 200 ml,"₺17,50"
Cappy Şeftali Meyve Nektarı 200 ml,"₺17,50"
Cappy Karışık Meyve Nektarı 200 ml,"₺17,50"
Cappy Atom Meyve Nektarı 200 ml,"₺17,50"
Dimes Vişne Meyve Nektarı 200 ml,"₺17,50"
Dimes Karışık Meyve Nektarı 200 ml,"₺17,50"
Dooy Kayısı Meyve Nektarı 200 ml,"₺11,00"
Dooy Vişne Meyve Nektarı 200 ml,"₺15,00"
Dooy Şeftali Meyve Nektarı 200 ml,"₺11,00"
Dooy Karışık Meyve Nektarı 200 ml,"₺11,00"
Booly Karadut Aromalı İçecek 3 L,"₺55,00"
Capri Sun Safari Meyveli İçecek 200 ml,"₺18,50"
Capri Sun Mystic Dragon Meyveli İçecek 200 ml,"₺18,50"
Dooy Sihirli Ejderha Meyveli İçecek 200 ml,"₺10,50"
Dooy Safari Meyveleri Meyveli İçecek 200 ml,"₺10,50"
Jantea Yaban Mersinli Fesleğen Aromalı İçecek 250 Ml,"₺25,00"
Dimes Şeftali Meyve Nektarı 200 Ml,"₺17,50"
Tamek Çilek Aromalı Limonata 200 Ml,"₺9,00"
Dimes Buzz Mango & Portakal Meyveli İçecek 1 L,"₺40,00"
Dimes Buzz Ekşi Elma & Kivi Meyveli İçecek 1 L,"₺40,00"
Cappy Pulpy Karışık Aromalı İçecek  1 L,"₺69,50"
Fuse Tea Exotic Buzlu Çay 1 L,"₺35,00"
"Fuse Tea Şeftali Soğuk Çay 1,5 L","₺52,00"
"Fuse Tea Kavun Çilek Soğuk Çay 1,5 L","₺70,00"
Benorganic %100 Şeftali Kayısı Elma Meyve Suyu 946 Ml,"₺99,50"
Juss Karışık Meyveli İçecek 200 ml,"₺12,00"
Dimes Portakal Suyu 1 L,"₺70,00"
Juss Şeftali Meyveli İçecek 200 ml,"₺12,00"
"Juss Tea Mango Ananas Aromalı Soğuk Çay 2,5 L","₺55,00"
Yeni Kavaklıdere Efor Karadut Aromalı İçecek 3 L,"₺55,00"
Cappy Serin Narenciye Aromalı İçecek 1 L,"₺40,00"
Juss Elma Vişne Meyveli İçecek 200 ml,"₺12,00"
Tamek Meyve Nektarı Şeftali 200 ml,"₺16,00"
"Juss Tea Mango & Ananas Aromalı Soğuk Çay 1,5 L","₺42,50"
Dimes Smoothie %100 Mor Meyveli Meyve Suyu 310 ml,"₺35,00"
Juss Tea Şeftali Pet Buzlu Çay 250 ml,"₺11,00"
Fuse Tea Şeftali Buzlu Çay 330 ml,"₺50,00"
Tamek Tropik Meyve Aromalı Limonata 200 Ml,"₺9,00"
Dimes Smoothie Karadut Böğürtlen Meyve Suyu 310 ml,"₺30,00"
Kahve Dünyası Çokoliko Toz İçecek 100 G,"₺22,50"
Dimes Limonata 1 L,"₺43,50"
Nestle Toz Sıcak Çikolata 224 G,"₺65,00"
"Let's Choco Kakaolu Toz İçecek 14,5 G","₺7,50"
Dimes Şekersiz Limonata 1 L,"₺49,50"
Doğanay Limonata 300 ml,"₺15,00"
Cappy Limonata 1 L,"₺45,00"
Doğanay Şekersiz Limonata 1 L,"₺47,50"
Sırma Limonata 1 L,"₺29,50"
Doğanay Sade Limonata 1 L,"₺47,50"
Bi Limonata 1 L,"₺32,00"
Booly Limonata 3 L,"₺55,00"
Doğanay Lita Limon Çilek Karpuz Meyve Aromalı Şekersiz Limonata 1 L,"₺30,00"
Sarıyer Karadut Aromalı Limonata 1 L,"₺37,50"
Bahçeden Çilek Aromalı İçecek 250 ml,"₺14,00"
Booly Ananas Aromalı İçecek 3 L,"₺49,50"
Yakamoz Limonata 5 L,"₺85,00"
Doğanay Gurme Acılı Şalgam Suyu 2 L,"₺65,00"
Doğanay Acılı Şalgam Suyu 1 L,"₺54,00"
Serfressh Acılı Şalgam Suyu 2 L,"₺79,50"
Serfressh Acılı Şalgam Suyu 1 L,"₺54,00"
Benorganic Kırmızı Meyveler %100 Meyve Suyu 946 ml,"₺99,50"
Dimes Smoothie Acai Yaban Mersini Meyve Suyu 310 ml,"₺25,00"
Kahve Dünyası Salep Toz İçecek 400 G,"₺99,00"
Kahve Dünyası Sıcak Çikolata Toz İçecek 400 G,"₺99,00"
Red Bull Enerji İçeceği 355 ml,"₺57,50"
Fuse Tea Limon Aromalı Soğuk İçecek 1 L,"₺55,00"
Sek Çarkıfelek Meyveli ve Yuzu Aromalı İçilebilir Yoğurt 250 ml,"₺22,50"
Bi Ice Tea Karpuz 1 L,"₺25,00"
Bi Ice Tea Böğürtlen Frambuaz 1 L,"₺25,00"
Kızılay Acılı Şalgam Suyu 1 L,"₺35,00"
Kızılay Şalgam Suyu 1 L,"₺35,00"
Kızılay Limonata 1 L,"₺35,00"
Dooy Atom Aromalı İçecek 7x200 ml,"₺60,00"
Pin Çilek & Vanilya Soğuk Çay 1 L,"₺45,00"
Kavaklıdere Acılı Şalgam Suyu 3 L,"₺55,00"
Dooy Elma Muz Çilek Aromalı İçecek 7x200 ml,"₺60,00"
Yeni Kavaklıdere Efor Mango & Ananas Aromalı İçecek 3 L,"₺49,50"
Bi Limonata 200 ml,"₺10,50"
Bi Ice Tea Şeftali Aromalı İçecek 200 ml,"₺10,50"
Dimes Meyveli İçecek Mango Portakal 200 ml,"₺12,50"
Dooy Elma Çilek Böğürtlen Aromalı İçecek 7x200 ml,"₺60,00"
Sarıyer Limonata 6x1 L,"₺125,00"
Dimes Meyveli İçecek Karadut Ahududu 200 ml,"₺12,50"
Bahçeden Çilek Aromalı İçecek 1 L,"₺30,00"
Sarıyer Şekersiz Limonata 6x1 L,"₺125,00"
Lipton Orman Meyveli Soğuk Çay 1 L,"₺57,00"
Bobatea Yaban Mersini Aromalı Bubble Tea 350 ml,"₺59,50"
Tamek %100 Meyve Suyu Karışık 200 ml,"₺14,00"
Serfressh Şalgam Suyu Acılı 330 ml,"₺20,00"
Bi Ice Tea Çilek Kavun 1 L,"₺25,00"
Jantea Karpuz Çilek Aromalı İçecek 250 ml,"₺29,50"
Bi Buzlu Çay Frambuaz Böğürtlen 330 ml,"₺21,00"
Bi Buzlu Çay Karpuz 330 ml,"₺21,00"
Pin Beyaz Şeftali Soğuk Çay 1 L,"₺45,00"
Juss Tea Şeftali Aromalı Buzlu Çay 6x1 L,"₺125,00"
Bi Buzlu Çay Kavun Çilek 330 ml,"₺21,00"
Lipton Soğuk Çay Ahududu 330 ml,"₺35,00"
Kızılay Şeftali Aromalı Soğuk Çay 1 L,"₺35,00"
Dimes Meyveli İçecek Tropik Meyveler 1L,"₺55,00"
Dimes Meyveli İçecek Nar 1 L,"₺50,00"
Dimes Buzz Kivi-Lime Meyveli İçecek 1 L,"₺43,00"
Dimes Meyveli İçecek Orman Meyveleri 1 L,"₺55,00"
Torku Sütlü Kahveli İçecek Latte 500 ml,"₺49,50"
Cappy %100 Elma Suyu 1 L,"₺60,00"
Dimes Meyveli İçecek Portakal 1 L,"₺50,00"
Dimes Cool Sour Böğürtlen Aromalı Meyveli Konsantre İçecek 310 ml,"₺39,50"
Dimes Cool Mango ve Çarkıfelek Aromalı Meyveli Konsantre İçecek 310 ml,"₺39,50"
Cappy Serin Misket Limonu Aromalı İçecek 1 L,"₺49,50"
Activia Shot Probiyotik İçecek Ahududu & Hibiskus 4x80 ml,"₺75,00"
Lipton Ice Tea Ahududu Aromalı Soğuk Çay 1 L,"₺43,00"
Lavi %100 Meyve Suyu Elma Kayısı 1 L,"₺65,00"
Lavi %100 Meyve Suyu Elma Şeftali 1 L,"₺65,00"
Dimes Pop Charm Meyveli İçecek Böğürtlen Lime 250 ml,"₺22,50"
Dimes %100 Meyveli İçecek Elma Armut 1 L,"₺75,00"
Dimes Pop Charm Meyveli İçecek Karadut Lime 250 ml,"₺22,50"
Uludağ Limonata 2 L,"₺99,00"
Sırma Doğal Mineralli Şeftali Aromalı Soğuk Çay 1 L,"₺27,50"
Nesquik Kakao Toz İçecek 450 G,"₺95,00"
Togo Karışık Meyveli İçecek Karpuz Çilek Limon 1 L,"₺50,00"
Togo Karışık Meyveli İçecek Elma Çilek Böğürtlen 1 L,"₺50,00"
Togo Karışık Meyveli İçecek Elma Muz Çilek 1 L,"₺50,00"
Togo Limonata Kavun Aromalı 1 L,"₺35,00"
Togo Ice Tea Böğürtlen Frambuaz Aromalı 330 ml,"₺30,00"
Togo Ice Tea Çilek Kavun 330 ml,"₺30,00"
Togo Limonata Çilek Aromalı 1 L,"₺35,00"
Togo Ice Tea Karpuz Aromalı 1 L,"₺35,00"
Togo Limonata Kivi Aromalı 1 L,"₺35,00"
Togo Limonata Karpuz Aromalı 1 L,"₺35,00"
Togo Ice Tea Karpuz Aromalı 330 ml,"₺30,00"
Togo Limonata Çilek Aromalı 200 ml,"₺12,50"
Togo Ice Tea Çilek Kavun Aromalı 1 L,"₺35,00"
Ara Karpuz Çilek Soğuk Çay  1 L,"₺35,00"
Bobatea Bubble Mango Aromalı İçecek 350 ml,"₺54,50"
Ara Mango Ananas Soğuk Çay 1 L,"₺35,00"
Ara Şeftali Soğuk Çay 1 L,"₺35,00"
Lipton Limon Soğuk Çay 6x330 ml,"₺226,50"
Lipton Şeftali Soğuk Çay 6x330 ml,"₺226,50"
Sek Creme Brulee Aromalı Sütlü İçecek 330 ml,"₺29,50"
Dimes Sade Limonata 1 L,"₺49,50"
Sek Vanilya ve Beyaz Çikolata Aromalı Çilekli Milkshake 285 ml,"₺45,00"
Dimes Meyveli İçecek Mango 1 L,"₺55,00"
Serfressh Şalgam Suyu Acısız 330 ml,"₺20,00"
Tamek %100 Meyve Suyu Elma 200 ml,"₺14,00"
Togo Limonata Kavun Aromalı 200 ml,"₺12,50"
Doğanay Lita Limon Nane Lime Meyve Aromalı Şekersiz Limonata 1 L,"₺30,00"
Kristal Limonata 1 L,"₺35,00"
Dimes Vişne Meyveli İçecek 1 L,"₺49,50"
Activiashot Shot Çilek & Muz Probiyotik İçecek 80 ml,"₺32,00"
Togo Ice Tea Frambuaz Böğürtlen Aromalı 1 L,"₺35,00"
Togo Limonata Karpuz Aromalı 200 ml,"₺12,50"
Fuse Tea Mango Ananas Soğuk Çay 330 ml,"₺50,00"
Doğanay Acılı Tablacı Şalgam Suyu 2 L,"₺65,00"
Danone Yoshake Böğürtlen & Çilek & Hibiskus Aromalı 200 ml,"₺27,00"
Togo Limonata Kivi Aromalı 200 ml,"₺12,50"
Ara Karadut Frenk Üzümü Soğuk Çay 1 L,"₺35,00"
Tamek Şeftali Elma %100 Meyve Suyu 1 L,"₺94,50"
Sarıyer Karadut Aromalı Limonata 250 ml,"₺12,50"
Togo Pina Colada Karışık Aromalı İçecek 1 L,"₺35,00"
Togo Pina Colada Hindistan Cevizi & Ananas Aromalı İçecek 1 L,"₺35,00"
Lipton Ahududu Aromalı Hibiskuslu İçecek 1 L,"₺57,00"
Sarıyer Çilek Aromalı Limonata 250 ml,"₺12,50"
Dimes Antep Fıstığı & Beyaz Çikolata Milkshake 310 ml,"₺45,00"
Sek Muzlu ve Bisküvi Aromalı Milkshake 285 G,"₺49,50"
Üstad Tam Yağlı Ayran 1 L,"₺65,00"
Üstad Kara Maya Tam Yağlı Ayran 1 L,"₺95,00"
Üstad Sade Kefir 1 L,"₺85,00"
"Birşah Tam Yağlı Ayran 1,5 L","₺59,00"
"Birşah Tam Yağlı Ayran 1,5 L","₺59,00"
"Torku Ayran 2,5 L","₺117,50"
Torku Ayran 1 L,"₺47,50"
Yörsan Susurluk Ayran 1 L,"₺59,50"
Pınar Ayran 1 L,"₺49,95"
"Eker Ayran 1,5 L","₺85,00"
Sütaş Ayran 1 L,"₺49,95"
Birşah Ayran 200 ml,"₺10,00"
Birşah İnek ve Manda Sütlü Ayran 200 ml,"₺7,50"
Yörükoğlu Şişe Ayran 250 ml,"₺10,00"
Sütaş Şişe Ayran 250 ml,"₺19,50"
Yörükoğlu Ayran 285 G,"₺14,00"
Yörsan Yarım Yağlı Ayran 170 ml,"₺6,00"
Eker Ayran 300 ml,"₺24,50"
Sütaş Ayran 300 ml,"₺18,95"
Eker Ayran 6x195 ml,"₺59,50"
Birşah Sade Kefir 1 L,"₺59,50"
Altınkılıç Kefirim Çilekli Kefir 1 L,"₺65,00"
Birşah Çilekli Kefir 200 ml,"₺28,50"
Eker Sade Kefir 200 Ml,"₺32,50"
Eker Orman Meyveli Kefir 200 Ml,"₺32,50"
Eker Detoks Havuç & Zerdeçal Kefir 290 ml,"₺35,00"
Birşah Sade Kefir 1 L,"₺59,50"
Altınkılıç Laktozsuz Kefir 1 L,"₺99,50"
Altınkılıç Kefirim Orman Meyveli Kefir 1 L,"₺99,50"
Eker Sade Kefir 1 L,"₺87,50"
Altınkılıç Kefirix Ballı Muzlu Kefir 250 ml,"₺44,50"
Sütaş Orman Meyveli Kefir 1 L,"₺55,00"
Altınkılıç Kefirix Çilekli Kefir 250 ml,"₺44,50"
Altınkılıç Kefirix Orman Meyveli Kefir 250 ml,"₺44,50"
Altınkılıç Sade Kefir 250 ml,"₺44,50"
Altınkılıç Laktozsuz Sade Kefir 250 ml,"₺44,50"
Eker Detoks Kefir Yeşil Çay & Elma 290 ml,"₺41,50"
Eker Çilekli Kefir 200 Ml,"₺32,50"
"Sütaş Ayran 2,5 L","₺117,50"
Altınkılıç Sade Kefir 1 L,"₺99,50"
Sütaş Laktozsuz Kefir 1 L,"₺95,00"
Sek Yarım Yağlı Ayran 200 ml,"₺10,00"
Altınkılıç Kara Maya Ayran 1 L,"₺79,50"
Torku Sade Kefir 1 L,"₺79,50"
Yörükoğlu Şişe Ayran 6x250 ml,"₺95,00"
Yörsan Yarım Yağlı Ayran 170 ml,"₺10,00"
Altınkılıç Kara Maya Ayran 6x250 ml,"₺119,50"
Sek Ekşi Lezzet Ayran 6x250 ml,"₺95,00"
Altınkılıç Kefirix Yaban Mersinli Kefir 250 ml,"₺32,50"
Altınkılıç Kefirix Kayısı & Keten Tohumlu Kefir 250 ml,"₺44,50"
Sek Ekşi Maya Ayran 250 ml,"₺13,50"
Sek Naneli Ayran 300 ml,"₺19,50"
Sütaş Çilekli Kefir 1 L,"₺69,00"
Altınkılıç Detoks Yeşil Elma & Yeşil Çay Kefir 250 ml,"₺34,50"
Altınkılıç Detoks Zencefil & Ballı Kefir 250 ml,"₺34,50"
Sütaş Ayran 10x175 ml,"₺75,00"
Beypazarı Sade Maden Suyu 200 ml,"₺9,50"
Sarıkız Sade Maden Suyu 250 ml,"₺9,50"
Kınık Sade Maden Suyu 20x200 ml,"₺150,00"
Beypazarı Sade Maden Suyu 6x200 ml,"₺51,00"
Sarıkız Sade Maden Suyu 6x250 Ml,"₺45,00"
Akmina Sade Maden Suyu 1 L,"₺37,50"
Akmina Mango & Ananas Maden Suyu 1 L,"₺40,00"
Akmina Vişne & Karadut Maden Suyu 1 L,"₺39,50"
Akmina Mango & Şeftali Maden Suyu 1 L,"₺35,00"
Akmina Karpuz & Çilek Maden Suyu 1 L,"₺39,50"
Akmina Elma C+ Maden Suyu 1 L,"₺40,00"
Akmina Mandalina Maden Suyu 1 L,"₺37,50"
Akmina Karadut & Frenk Üzümü Aromalı Maden Suyu 1 L,"₺37,50"
Sırma Karma Mango Mürver Çiçeği Şeftali Aromalı Maden Suyu 250 ml,"₺20,00"
Sırma Ananas Mango Maden Suyu 6x200 Ml,"₺45,00"
Sırma Sade Maden Suyu 6x200 Ml,"₺34,00"
Akmina Karpuz Çilek Maden Suyu 6x200 ml,"₺72,00"
Sırma Mandalina Maden Suyu 6x200 Ml,"₺42,50"
Kızılay Mango ve Ananas Aromalı Maden Suyu 6x200 ml,"₺72,00"
Kızılay Karadut ve Frenk Üzümü Aromalı Doğal Maden Suyu 6x200 ml,"₺72,00"
Akmina C Vitaminli Limon Maden Suyu 6x200 ml,"₺72,00"
Avoya Limon-Limon Çiçeği Maden Suyu 6x200 ml,"₺75,00"
Avoya Elma Adaçayı Maden Suyu 6x200 ml,"₺69,50"
Avoya Sade Maden Suyu 6x200 ml,"₺45,00"
Kızılay Karpuz Çilek Aromalı Doğal Maden Suyu 6x200 ml,"₺72,00"
Damla Minera Karpuz & Çilek Maden Suyu 6x200 ml,"₺69,50"
Serinoba Elmalı Maden Suyu 6x200 Ml,"₺41,50"
Serinoba Limonlu Maden Suyu 6x200 ml,"₺55,00"
Damla Minera Limon Maden Suyu 6x200 ml,"₺69,50"
Kızılay Şeftali & Mango Aromalı Doğal Maden Suyu 6x200 ml,"₺72,00"
Beypazarı Co'Ala Maden Suyu 6x200 ml,"₺72,00"
Beypazarı Sarı Co'Ala Maden Suyu 6x200 ml,"₺72,00"
Avoya Elma Tarçın Karanfil Maden Suyu 6x200 ml,"₺69,50"
Kızılay Plus Karışık Meyve Aromalı Maden Suyu 200 ml,"₺19,50"
Kızılay Plus Yeşil Çay & Limon Aromalı Maden Suyu 200 ml,"₺19,50"
Kızılay Plus Açai & Çilek Aromalı Maden Suyu 200 ml,"₺19,50"
Kızılay Plus Kara Mürver & Çilek & Mürver Çiçeği Aromalı Maden Suyu 200 ml,"₺19,50"
Avoya Çilek-Gül Maden Suyu 6x200 ml,"₺75,00"
Kınık Karadut & Frenk Üzümü Aromalı Maden Suyu 6x200 ml,"₺60,00"
Kınık Cool Lime Aromalı Maden Suyu 6x200 ml,"₺60,00"
Kızılay Portakal Bisküvi Elma Aromalı Doğal Maden Suyu 6x200 ml,"₺65,00"
Kızılay Cool Lime Maden Suyu 6x200 ml,"₺65,00"
Avoya Papatya Frenk Üzümü Maden Suyu 6x200 ml,"₺69,50"
Kınık Mango Ananas Maden Suyu 6x200 ml,"₺55,00"
Kınık Karpuz Çilek Maden Suyu 6x200 ml,"₺55,00"
Kızılay Maden Suyu 24x200 ml,"₺170,00"
Sırma Churchill Maden Suyu 250 ml,"₺20,00"
Sırma Karma Portakal Çiçeği ve Misket Limonu Aromalı Maden Suyu 250 ml,"₺25,00"
Kuzeyden Tropical Maden Suyu 6x200 ml,"₺50,00"
Kuzeyden Berry Mix Maden Suyu 6x200 ml,"₺50,00"
Serinoba C Vitaminli Limon Aromalı Maden Suyu 6x200 ml,"₺50,00"
Serinoba Mango & Şeftali Aromalı Maden Suyu 6x200 ml,"₺50,00"
Serinoba Greyfurt Maden Suyu 6x200 ml,"₺55,00"
Çaykur Tiryaki Çay 5 Kg,"₺1.175,00"
Doğuş Karadeniz Demlik Poşet Çay 100'lü,"₺99,00"
Çaykur Tiryaki Siyah Çay 1 Kg,"₺295,00"
Çaykur Rize Turist Çayı 1 Kg,"₺299,00"
Çaykur Çaycı Siyah Çay 1 Kg,"₺199,95"
Lipton Doğu Karadeniz Siyah Çay 1 Kg,"₺249,00"
Lipton Yellow Label Siyah Çay 1 Kg,"₺279,00"
Doğuş Gurme Çay 1 Kg,"₺299,00"
Doğuş Karadeniz Çayı 1 Kg,"₺279,00"
Doğuş Rize Çayı 1 Kg,"₺279,00"
Doğuş Siyah Çay 1 Kg,"₺299,00"
Karadem Harman Çay 1000 G,"₺219,00"
Karadem Filiz Çay 1000 G,"₺235,00"
Karadem Rize Çayı 1000 G,"₺225,00"
Çaykur Filiz Çay 500 G,"₺165,95"
Ofçay Tiryakisine Çay 1 KG,"₺149,00"
Çaykur Tomurcuk Çay 125 G,"₺89,00"
Karadem Filiz Çay 500 G,"₺120,00"
Çaykur Tiryaki Siyah Çay 500 G,"₺125,00"
Bentota Opa Seylan Çayı 500 G,"₺285,00"
Karadem Tomurcuk Çay Ekonomik Paket 100 G,"₺31,50"
Çaykur Rize Turist Çay 500 G,"₺150,95"
Çaykur Kamelya Çayı 1000 G,"₺279,95"
Çaykur 42 No'lu Tirebolu Çayı 500 G,"₺159,00"
Çaykur Altınbaş Çay 500 G,"₺189,95"
Çaykur Mezopotamya Çayı 400 G,"₺109,00"
Doğuş Black Label Demlik Poşet Çay 100'lü,"₺190,00"
Lipton Yellow Label Demlik Poşet Çay 100'lü,"₺240,00"
Doğuş Earl Grey Demlik Poşet Çay 100'lü,"₺190,00"
"Karadem Demlik Poşet Çay 48'li 163,2 G","₺52,00"
Doğuş Black Label Poşet çay 25'li,"₺65,50"
Lipton Yellow Label Demlik Poşet Çay 48'li,"₺119,00"
Lipton Yellow Label Bardak Poşet Çay 25'li,"₺79,00"
Karadem Bardak Poşet Çay 25'li,"₺30,00"
Ofçay Tiryaksine Demlik Poşet Çay 100'lü,"₺99,50"
Çaykur Altınbaş Demlik Poşet Çay 40'lı,"₺110,95"
Lipton Early Grey Tomurcuk Bergamot Aromalı Siyah Çay 100 G,"₺59,50"
Doğuş Demli Yoğun Lezzet Demlik Poşet Çay 30x15 G,"₺129,00"
Çaykur Rize Turist Çayı 2 Kg,"₺590,00"
Lipton Early Grey Demlik Poşet Çay 100'lü,"₺240,00"
Çaykur Tiryaki Çay 2 Kg,"₺499,00"
Doğadan Gizli Bahçe Poşet Demlik Çay 100'lü,"₺99,50"
Bentota Seylan Bardak Poşet Çay 25'li,"₺39,50"
Bentota Seylan Demlik Poşet Çay 48'li,"₺64,50"
Doğuş Gurme Demlik Poşet Çay 100'lü,"₺225,00"
Efor Geleneksel Karadeniz Çayı 1 Kg,"₺249,95"
Ahmadtea English Breakfast Bardaklı Poşet Çay 25'li,"₺55,00"
Çaykur Altınbaş Çayı 2 KG,"₺590,00"
Jacobs 3'ü 1 Arada Kahve 16'lı,"₺85,00"
Jacobs 2'si 1 Arada Kahve 16'lı,"₺85,00"
Nescafe Cappuccino 14 G,"₺14,50"
"Nescafe Latte 14,5 G","₺14,50"
Nescafe Mocha 17 G,"₺14,50"
Nescafe Blend 37 Granül Kahve 80 G,"₺135,00"
Kurukahveci Mehmet Efendi Türk Kahvesi 100 G,"₺73,00"
Kahve Dünyası Türk Kahvesi 100 G,"₺93,00"
Keyfe Türk Kahvesi 100 G,"₺59,50"
Kocatepe Türk Kahvesi 100 G,"₺89,50"
Kocatepe Türk Kahvesi 3x100 G,"₺175,00"
Keyfe Özel Seri Türk Kahvesi 100 G,"₺79,95"
Keyfe Özel Seri Türk Kahvesi 250 G,"₺159,00"
Keyfe Sütlü Osmanlı Dibek Kahvesi 200 G,"₺99,50"
Keyfe Dibek Kahvesi 200 G,"₺99,50"
Keyfe Sütlü Menengiç Kahvesi 150 G,"₺95,50"
Keyfe Damla Sakızlı Kahve Türk 100 G,"₺50,00"
Keyfe Güllü Lokumlu Türk Kahvesi 100 G,"₺50,00"
Keyfe Sade Hazır Türk Kahvesi 7 G,"₺11,50"
Keyfe Orta Hazır Türk Kahvesi 9 G,"₺11,50"
"Keyfe Hazır Sütlü Şekerli Türk Kahvesi 22,5 G","₺9,50"
"Keyfe Şekersiz Sütlü Hazır Türk Kahvesi 19,5 G","₺4,90"
Dr. Oetker Salep Toz Karışım 243 G,"₺55,00"
Kocatepe Teneke Türk Kahvesi 250 G,"₺159,00"
Nescafe Gold Kahve 100 G,"₺299,50"
Nescafe 2'si 1 Arada Zengin Tat Kahve 10'lu,"₺105,00"
Nescafe 3'ü 1 Arada Original Kahve 10'lu,"₺105,00"
Nescafe 3'ü 1 Arada Extra Kahve 10'lu,"₺105,00"
Nescafe 3'ü 1 Arada Sütlü Köpüklü Kahve 10'lu,"₺105,00"
Nescafe 2'si 1 Arada Sütlü Köpüklü Kahve 10'lu,"₺105,00"
Kahve Dünyası 3'ü 1 Arada Toz Kahve 8'li,"₺39,50"
Cafex 2'si 1 Arada Kahve 400 G,"₺123,50"
Cafex 3'ü 1 Arada Kahve 500 G,"₺123,50"
Cafex 3'ü 1 Arada Kahve 18 G,"₺5,00"
Cafex 3'ü 1 Arada Kahve 18 G,"₺5,00"
Cafex 2'si 1 Arada Kahve 12 G,"₺5,00"
Cafex 2'si 1 Arada Kahve 12 G,"₺5,00"
Cafex Mocha Çikolatalı Sütlü Kahve 18 G,"₺5,50"
Cafex Instant Latte Sütlü Köpüklü Kahve 17 G,"₺5,50"
Cafex 3'ü 1 Arada Fındıklı Kahve 18 G,"₺5,00"
Cafex Instant Latte Sütlü Köpüklü Kahve 17 G,"₺5,50"
Cafex 3'ü 1 Arada Fındıklı Kahve 18 G,"₺5,00"
"Cafex 3'ü 1 Arada Sütlü Köpüklü Kahve 17,4 G","₺5,00"
"Nescafe 3'ü 1 Arada Original Kahve 17,5 G","₺12,25"
Nescafe 3'ü 1 Arada Fındıklı Kahve 17 G,"₺12,25"
Nescafe 2'si 1 Arada Kahve 10 G,"₺12,25"
"Nescafe 3'ü 1 Arada Sütlü Köpüklü Kahve 17,4 G","₺12,25"
Nescafe 2'si 1 Arada Sütlü Köpüklü Kahve 10 G,"₺12,25"
Nescafe Gold Kahve 2 G,"₺14,50"
Cafex Gold Kahve 2 G,"₺7,00"
Nestle 2'si 1 Arada 20'li+Kırmızı Kupa,"₺109,00"
Tchibo Gold Selection Kahve 150 G,"₺159,00"
Tchibo Gold Selection Kahve 75 G,"₺219,00"
Tchibo Gold Selection Kahve 100 G,"₺299,00"
Nescafe 3'ü 1 Arada Fındık Aromalı Kahve 10'lu,"₺69,50"
Nescafe Toffee Nut Ice Kahve 10'lu,"₺45,00"
Nescafe Choco Ice Kahve 10'lu,"₺55,00"
Nescafe Mocha 9'lu,"₺69,50"
Nescafe 3'ü 1 Arada Sütlü Köpüklü Kahve 20'li,"₺119,00"
Cafex Cappuccino Çikolata Parçacıklı Kahve 25 G,"₺12,00"
Nescafe Klasik Kahve 100 G,"₺189,00"
Nescafe Taster's Choice Granül Kahve 100 G,"₺264,50"
Jacobs Cronat Gold Kahve 100 G,"₺299,00"
Jacobs Selection Filtre Kahve 250 G,"₺339,00"
Cafex Gold Çözünebilir Kahve 100 G,"₺109,00"
Jacobs Velvet Instant Kahve 95 G,"₺175,50"
Nescafe Matinal Kahve 100 G,"₺189,00"
Cafex Klasik Çözünebilir Kahve 100 G,"₺105,00"
Cafex Medium Roast Tek İçimlik Filtre Kahve 8 G,"₺12,50"
Cafex Hazır Cappuccino 18 G,"₺7,00"
Cafex Sütlü Çikolata Aromalı Filtre Kahve Tek İçimlik 8 G,"₺5,90"
Kahve Dünyası Türk Kahvesi 4x100 G,"₺370,00"
Kahve Dünyası Türk Kahvesi 3x100 G+Draje 60 G,"₺119,00"
Jacobs 2'si 1 Arada Kahve 10'lu,"₺65,00"
Jacobs 3'ü 1 Arada Kahve 10'lu,"₺65,00"
Tchibo Türk Kahvesi 100 G,"₺55,00"
Starbucks Coffe Mocha Tekli Kahve Karışımı 22 G,"₺19,50"
Cafex Beyazlatıcısı Kahve 200 G,"₺47,50"
Starbucks Caffe Latte Tekli Kahve Karışımı 18 G,"₺19,50"
Starbucks Caramel Latte Tekli Kahve Karışımı 23 G,"₺19,50"
Cafex Fındık Aromalı Filtre Kahve 8 G,"₺5,90"
Cafex Medium Roast Tek İçimlik Filtre Kahve 8 G,"₺12,50"
Cafex Fındık Aromalı Filtre Kahve 8 G,"₺5,90"
Cafex Sütlü Çikolata Aromalı Filtre Kahve Tek İçimlik 8 G,"₺5,90"
Nescafe Taster's Choice Kahve 100 G,"₺75,00"
Nestle Coffee Mate Kahve Beyazlatıcı 625 G,"₺160,00"
Cafex Dark Roast Tek İçimlik Filtre Kahve 8 G,"₺12,50"
Torku Mocha Kahveli Sütlü İçecek 230 ml,"₺44,50"
Torku Macchiato Sütlü İçecek 230 ml,"₺44,50"
Torku Kahveli Sütlü İçecek 230 ml,"₺44,50"
Nescafe Xpress Karamel Soğuk Kahve 250 ml,"₺55,00"
Tchibo Black'n White Filtre Kahve 250 G,"₺105,00"
Nescafe Sütlü Köpüklü Latte 9'lu,"₺105,00"
Cafex Dark Roast Tek İçimlik Filtre Kahve 8 G,"₺12,50"
Jacobs Monarch Gold Kahve 100 G,"₺249,00"
Cafex Kahve Beyazlatıcısı 200 G,"₺47,50"
Nestle Coffee Mate Kahve Beyazlatıcısı 200 G,"₺131,50"
Nescafe Xpress Orijinal Soğuk Kahve 250 ml,"₺55,00"
Nescafe Xpress Kakaolu Soğuk Kahve 250 ml,"₺55,00"
Nescafe Xpress Coconatte Soğuk Kahve 250 ml,"₺65,00"
Cafex Soğuk Kahve Latte 250 ml,"₺35,00"
Cafex Mocha Soğuk Kahve 250 ml,"₺35,00"
Obsesso Şekersiz Soğuk Kahve 250 ml,"₺39,50"
Koffo Şekersiz Soğuk Kahve Cappuccino 250 Ml,"₺19,00"
Koffo Şekersiz Soğuk Kahve Latte 250 Ml,"₺19,00"
Obsesso Latte Soğuk Kahve 250 ml,"₺65,00"
Obsesso Pumpkin Spice Frappe Soğuk Kahve 250 Ml,"₺20,00"
Obsesso Toffee Nut Frappe Soğuk Kahve 250 Ml,"₺20,00"
Obsesso Frappe Vanilyalı Soğuk Kahve 250 ml,"₺32,50"
Obsesso Çikolatalı Frappe Soğuk Kahve 250 ml,"₺65,00"
Obsesso Frappe Çilekli Soğuk Kahve 250 ml,"₺32,50"
Obsesso White Choco Mocha Soğuk Kahve 250 Ml,"₺65,00"
Obsesso Latte Coconut Soğuk Kahve 250 ml,"₺32,50"
Obsesso Çikolata Mocha Soğuk Kahve 250 ml,"₺50,00"
Obsesso Karamel Macchiato Soğuk Kahve 250 ml,"₺32,50"
Obsesso Frappe Muzlu Soğuk Kahve 250 ml,"₺32,50"
Sek Kahveli Sütlü İçecek White Chocolate Mocha 330 ml,"₺45,00"
Tchibo Gold Selection Filtre Kahve 250 G,"₺349,95"
Cafex Kahveli Sütlü İçecek Vanilya 250 ml,"₺35,00"
Cafex Kahveli Sütlü İçecek Karamel 250 ml,"₺35,00"
Kahve Dünyası 2'si 1 Arada Toz Kahve 8'li,"₺39,50"
Kahve Dünyası Filtre Kahve 250 G,"₺149,00"
Dripon Pratik Filtre Kahve 8 G,"₺10,00"
Dripesso No:4 Kahve Filtre Kağıdı 80'li,"₺99,00"
Dripesso Special Blend Filtre Kahve 250 G,"₺199,00"
Jacobs Barista Medium Filtre Kahve 200 G,"₺239,00"
Starbucks White Mocha Tekli Kahve Karışımı 24 G,"₺18,50"
Cafe Crown Hindiba Çözünebilir Kahve 150 G,"₺155,00"
Cafe Crown Fındıklı Çözünebilir Kahve 18'li,"₺115,00"
Cafe Crown Çilek Aromalı Matcha Latte 8 G,"₺25,00"
"Cafe Crown Caramel Latte 21,5 G","₺49,50"
"Cafe Crown Nut Latte 21,5 G","₺49,50"
Cafe Crown Vanilya Aromalı Matcha Latte 8 G,"₺25,00"
Cafe Crown Türk Kahvesi 100 G,"₺65,00"
Jacobs Southeast Origins Kahve 95 G,"₺195,00"
Jacobs Gold Velvet Foam Eko 70 G,"₺69,50"
Şekeroğlu Minnettar Hindiba Kahvesi 150 G,"₺119,50"
Nescafe 2'si 1 Arada Kahve 20'li,"₺200,00"
Kahve Dünyası Türk Kahvesi 4x100 G + Kutu Fincan Hediyeli,"₺275,00"
Nescafe 3'ü 1 Arada Original Kahve 20'li,"₺200,00"
Nescafe Klasik 200 G,"₺450,00"
Dripesso Colombia Filtre Kahve 250 G,"₺139,00"
Üstad Türk Kahvesi 100 G,"₺89,50"
Nescafe Gold Kahve 100 G + Bardak Hediyeli,"₺189,00"
Nescafe Classic Kavanoz Kahve 100 G + Kırmızı Kupa,"₺149,00"
Nescafe Kahve Classic & Gold & Coffee Mate 15'li,"₺119,00"
Nescafe Black Roast Kahve 50 G,"₺47,50"
Davidoff Gold Select Eko Paket Kahve 100 G,"₺249,50"
Tchibo Gold Selection Çekirdek Kahve 500 G,"₺479,00"
Davidoff Espresso Fine Kapsül Kahve 10'lu,"₺149,00"
Nescafe 2'si 1 Arada Zengin Tat Kahve 15'li,"₺99,00"
Cafe Crown Tahinli Türk Kahvesi 100 G,"₺35,00"
Cafex Filtre Kahve 250 G,"₺149,00"
Cafex Çekirdek Kahve 250 G,"₺159,00"
Cafex Çekirdek Kahve 250 G,"₺159,00"
Cafex Filtre Kahve 250 G,"₺149,00"
Nescafe Fine Blend Yumuşak İçim Kahve 70 G,"₺119,00"
Obsesso Karamel Frappe 330 ml,"₺55,00"
Obsesso Vanilya Frappe 330 ml,"₺55,00"
Nescafe Xpress Vanilya Soğuk Kahve 250 ml,"₺55,00"
Cafex Frappe Çikolata Soğuk Kahve 250 ml,"₺35,00"
Cafex Double Shot Soğuk Kahve 250 ml,"₺35,00"
Cafex Frappe Çilek Soğuk Kahve 250 ml,"₺35,00"
Nescafe Gold 100 G,"₺450,00"
Nescafe 3'ü 1 Arada Original Kahve 15'li,"₺99,00"
Doğadan Açai ve Ananaslı Yeşil Poşet Çay 20'li,"₺87,50"
Doğadan Form Kayısılı Poşet Çay 20'li,"₺87,50"
Doğadan Yumuşak İçimli Poşet Çay 20'li,"₺87,50"
Doğadan Ihlamur Çayı 18'li,"₺40,00"
Doğadan Ayvalı Ihlamur Çayı 20'li,"₺89,50"
Doğadan Nar ve Yaban Mersinli Çay 20'li,"₺35,00"
Doğadan Papatya Çay 20'li,"₺87,50"
Doğadan Form Kiraz Saplı Çay 20'li,"₺87,50"
İnci Ihlamur 50 G,"₺125,00"
Mest Nane Limonlu Yeşil Çay 20'li,"₺22,50"
Mest Form Karışık Bitki Çayı 20'li,"₺22,50"
Mest Kuşburnu Çayı 20'li,"₺39,50"
Mest Form Kayısılı Bitki Çayı 20'li,"₺49,50"
Mest Yeşil Çay 20'li,"₺35,00"
Doğadan Limonlu Yeşil Çay 20'li,"₺35,00"
Teekanne Yaban Mersini Karışık Meyve Çayı 20'li,"₺69,50"
Teekanne Şeftali Karışık Meyve Çayı 20'li,"₺69,50"
Doğadan Mango & Lime Yeşil Çay 18'li,"₺49,50"
Mest Açai Ananaslı Yeşil Çay 20'li,"₺35,00"
Su 5 L,"₺36,00"
"Su 1,5 L","₺11,50"
"Su 1,5 L","₺11,50"
"Su 0,5 L","₺5,75"
"Su 0,5 L","₺5,75"
Hayat Su 5 L,"₺50,50"
"Hayat Su 1,5 L","₺27,50"
Hayat Su 500 ml,"₺14,00"
Hayat Su 6x1 L,"₺95,00"
Su 12x330 ml,"₺53,00"
Hayat Su 12x330 ml,"₺62,50"
Red Bull Enerji İçeceği 473 ml,"₺105,00"
Black Bruin Enerji İçeceği Açai 250 ml,"₺29,50"
Jack Wrestler Enerji İçeceği 250 ml,"₺38,50"
Monster Ultra Şekersiz Enerji İçeceği 500 ml,"₺69,50"
Monster Karpuz Enerji İçeceği 500 ml,"₺65,00"
Monster Pipeline Punch Enerji İçeceği 500 ml,"₺69,50"
Jantea Bubble Yaban Mersini Aromalı İçecek 300 Ml,"₺54,50"
Jack Wrestler Enerji İçeceği 500 ml,"₺49,00"
Black Bruin Enerji İçeceği 330 ml,"₺36,50"
Black Bruin Enerji İçeceği Şekersiz 250 ml,"₺29,50"
Red Bull Enerji İçeceği 250 ml,"₺60,00"
Red Bull Blue Edition Enerji İçeceği 250 Ml,"₺35,00"
Red Bull Şekersiz Enerji İçeceği 250 ml,"₺60,00"
Predator Enerji İçeceği 250 ml,"₺35,00"
Red Bull Enerji İçeceği White Edition 250 ml,"₺60,00"
Predator Enerji İçeceği 1 L,"₺40,00"
Jack Wrestler Vitamin C Fonskiyonel İçecek 250 ml,"₺15,00"
Redbull Enerji İçeceği 4x250 ml,"₺150,00"
Red Bull Şeftalili Enerji İçeceği 250 Ml,"₺45,00"
Monster Mango Loco Enerji İçeceği 500 ml,"₺65,00"
You Can Blue Enerji İçeceği 500 ml,"₺30,00"
Jack Wrestler Zero Enerji İçeceği 500 ml,"₺49,00"
Dark Blue Enerji İçeceği 1 L,"₺49,90"
Hotline Enerji İçeceği 1 L,"₺55,00"
Black Eagle Enerji İçeceği 1 L,"₺35,00"
Black Bruin Enerji İçeceği Mango 250 ml,"₺29,50"
Red Bull Lilac Edition Pomelo Aromalı Enerji İçeceği 250 ml,"₺55,00"
Gorilla Enerji İçeceği 500 ml,"₺35,00"
Sting Enerji İçeceği 500 ml,"₺45,00"
Black Bruin Enerji İçeceği 6x330 ml,"₺150,00"
Red Bull Peach Edition Şeftali Aromalı Enerji İçeceği 250 ml,"₺50,00"
Monster Aussie Lemonade Enerji İçeceği 500 ml,"₺69,50"
Monster Ultra Sunrise Enerji İçeceği 500 ml,"₺45,00"
Monster Ultra Tropical Island Punch Enerji İçeceği 500 ml,"₺45,00"
Black Bruin Cool Lime Enerji İçeceği 4x1L,"₺120,00"
Dark Blue Cool Lime Enerji İçeceği 1 L,"₺35,00"
Sting Enerji İçeceği 330 ml,"₺25,00"
Üstad Dana Kıymalı Boşnak Mantısı Dondurulmuş 600 G,"₺299,00"
Superfresh İnce Çıtır Patates Dondurulmuş 1 Kg,"₺164,00"
Nimet Patates Dondurulmuş 1000 G,"₺75,00"
Pidemiss Margarita Pide Dondurulmuş 400 G,"₺109,00"
"SuperFresh Patates Dondurulmuş 2,5 Kg","₺183,00"
Feast Churros Patates Dondurulmuş 1000 G,"₺88,00"
Feast Crinky Patates Dondurulmuş 1 Kg,"₺129,00"
Nimet Mini Rulo Börek Patlıcanlı Dondurulmuş 500 G,"₺79,50"
Nimet Mini Rulo Börek Patatesli Dondurulmuş 500 G,"₺79,50"
Pratiko Tırtıklım Patates Dondurulmuş 1000 G,"₺59,00"
SuperFresh Pratik Sebze Mix Dondurulmuş 450 G,"₺59,50"
SuperFresh Kıymalı Pelmeni Mantı Dondurulmuş 400 G,"₺99,50"
Superfresh Orman Meyveleri Dondurulmuş 300 G,"₺245,00"
Nimet Mini Rulo Börek Ispanaklı Peynirli Dondurulmuş 500 G,"₺79,50"
Superfresh Mantı Dondurulmuş 1 Kg,"₺189,00"
Aktaşlar Pidemiss Kaşarlı Pide Dondurulmuş 375 G,"₺120,00"
Nimet Soğan Halkası Dondurulmuş 450 G,"₺47,50"
Nimet Milföy Hamuru Dondurulmuş 1000 G,"₺75,00"
Nimet Pizza Dondurulmuş 4x205 G,"₺129,00"
Nimet Pizza Dondurulmuş 4x205 G,"₺129,00"
Aktaşlar Pidemiss Kıymalı Pide Dondurulmuş 375 G,"₺189,00"
Veggy Vegan Köfte Dondurulmuş 220 G,"₺25,50"
Rozen Belçika Çikolatalı Waffle Dondurulmuş 320 G,"₺145,00"
Superfresh Pizza King Extra Dondurulmuş 475 G,"₺165,00"
Çokça Mısır Dondurulmuş 450 G,"₺52,50"
Ponti Sebzeli Kol Böreği Dondurulmuş 500 G,"₺79,50"
Superfresh Milföy Hamuru Dondurulmuş 1 Kg,"₺189,90"
Ponti Kıymalı Patatesli Tepsi Böreği Dondurulmuş 800 G,"₺199,00"
Hacıoğlu İçli Köfte Dondurulmuş 240 G,"₺79,50"
Dr. Oetker Pizza Dondurulmuş 4'lü 676 G,"₺329,50"
Feast İnce Çıtır Patates Dondurulmuş 1 Kg,"₺74,50"
Balık Dünyası Sardalya Dondurulmuş 500 G,"₺99,50"
Torku Pratiko İnce Kesim Patates Dondurulmuş 1 KG,"₺65,50"
Superfresh Parmak Patates Dondurulmuş 1 Kg,"₺79,50"
Ponti Patatesli Kol Böreği Dondurulmuş 500 G,"₺69,50"
Feast Bezelye Dondurulmuş 450 G,"₺29,50"
Çokça Bezelye Dondurulmuş 450 G,"₺44,50"
Superfresh Ispanak Dondurulmuş 450 G,"₺35,00"
Beşler Mantı Dondurulmuş 350 G,"₺85,00"
Nimet Kayseri Mantısı 450 G,"₺37,50"
Nimet Kayseri Mantısı 450 G,"₺37,50"
Nimet Soyalı Mantı Dondurulmuş 450 G,"₺37,50"
Dr. Oetker Guseppe Karışık Pizza Dondurulmuş 405 G,"₺215,50"
Sinangil Çeşidim Simit Dondurulmuş 4x100 G,"₺82,00"
Superfresh Pizza King Pizza İnce Dondurulmuş 600 G,"₺139,00"
Nimet Ispanaklı Tepsi Böreği Dondurulmuş 800 G,"₺122,00"
Nimet Peynirli Tepsi Börek Dondurulmuş 800 G,"₺122,00"
Levent Börek 3 Peynirli Börek Dondurulmuş 400 G,"₺89,50"
Ponti Peynirli Çıtır Milföy Dondurulmuş 500 G,"₺59,00"
Nimet Su Böreği Dondurulmuş 800 G,"₺199,00"
Nimet Kalem Böreği Dondurulmuş 400 G,"₺47,50"
Feast Kaplamalı Peynir Çubukları Dondurulmuş 300 G,"₺119,00"
SuperFresh Mantı Dondurulmuş 400 G,"₺89,50"
Nimet Peynirli Tepsi Böreği Dondurulmuş 650 G,"₺99,00"
Superfresh Taze Fasulye Dondurulmuş 450 G,"₺112,50"
"Plate Patates Dondurulmuş 2,5 Kg","₺169,00"
Pekfood Klasik Lahmacun Dondurulmuş 400 G,"₺179,00"
Nimet Ispanaklı Tepsi Böreği Dondurulmuş 650 G,"₺99,00"
Bolca Food Karışık Pizza Dondurulmuş 545 G,"₺159,50"
Froland Su Böreği Dondurulmuş 800 G,"₺86,00"
Superfresh Kumru King Pizza Dondurulmuş 485 G,"₺99,50"
Sushida California Sushi Dondurulmuş 140 G,"₺189,00"
Bonfilet Dana Döner Dondurulmuş 250 G,"₺235,00"
Ponti Küpmix Rulo Börek Dondurulmuş 500 G,"₺99,50"
SuperFresh Barbunya Dondurulmuş 450 G,"₺79,50"
Levent Börek Ispanaklı Peynirli Börek Dondurulmuş 400 G,"₺115,00"
Lezita Acılı Piliç Kebap Dondurulmuş 1 Kg,"₺89,50"
Ettat Dana Döner Kebap Dondurulmuş 450 G,"₺219,00"
Gedik Çok Tahıllı Çıtır Piliç Fileto Dondurulmuş 700 G,"₺159,00"
Pekfood Artizan Pizza Mix Dondurulmuş 560 G,"₺119,50"
Superfresh Jumbo Patates Dondurulmuş 1000 G,"₺119,00"
Superfresh Böğürtlen Dondurulmuş 300 G,"₺189,00"
Dr.Oetker Ristorante Mozzarella Pizza Dondurulmuş 325 G,"₺109,50"
Froland Su Böreği Dondurulmuş 600 G,"₺117,50"
Pekfood Cevizli Nar Ekşili Lahmacun Dondurulmuş 4x100 G,"₺145,00"
Levent Börek Kıymalı Börek Dondurulmuş 400 G,"₺149,00"
Superfresh Frambuaz Dondurulmuş 300 G,"₺319,00"
Aktaşlar Pidemiss Kavurmalı Kaşarlı Açık Pide Dondurulmuş 250 G,"₺123,50"
Nimet İnce Çıtır Patates Dondurulmuş 1 Kg,"₺85,00"
Özpan Dana Kuzu Kebap Dondurulmuş 160 G,"₺99,50"
SuperFresh Pizza King Extra Bol Malzemeli Dondurulmuş 510 G,"₺169,00"
Sushida Ton Sushi Dondurulmuş 140 G,"₺99,50"
SuperFresh Çilek Dondurulmuş 300 G,"₺99,50"
Gedik Piliç Acılı Kebap Dondurulmuş 1 Kg,"₺109,50"
Lezita Piliç Izgara Köfte Dondurulmuş 1 Kg,"₺139,50"
Lezita Piliç Çıtır Fileto Dondurulmuş 700 G,"₺109,50"
Şampiyon Dana Islak Hamburger Dondurulmuş 2x135 G,"₺79,50"
Feast Tırtıklı Ufo Patates Dondurulmuş 1 Kg,"₺119,00"
Muti Mısır Dondurulmuş 450 G,"₺59,50"
Froland Kıymalı Kol Böreği Dondurulmuş 500 G,"₺239,00"
Superfresh Yaban Mersini Dondurulmuş 300 G,"₺249,00"
Feast Acılı Soğan Halkası Dondurulmuş 450 G,"₺54,50"
Keskinoğlu Acılı Piliç Kebap Dondurulmuş 1 Kg,"₺139,50"
Bonfilet Smoked Dana Burger Dondurulmuş 2x120 G,"₺259,00"
Hastavuk Piliç Döner Dondurulmuş 1 Kg,"₺269,00"
Burcu Yaprak Sarma 200 G,"₺99,50"
Tat Etli Kuru Fasulye Hazır Yemek 200 G,"₺37,50"
Bahar Konserve Hindi Tantuni 120 G,"₺49,90"
Yurt Konserve Yaprak Sarma 400 G,"₺69,50"
Yayla Barbunya Pilaki 400 G,"₺39,90"
Çokça Barbunya Pilaki 400 G,"₺40,00"
Yurt Kuru Fasulye 400 G,"₺69,90"
Burcu Hazır Yemek Barbunya Pilaki 200 G,"₺39,90"
Tada Zeytinyağlı Kuru Patlıcan Dolması 200 G,"₺64,50"
Lievito Artizan Pizza Dana Jambon Cheddar Dondurulmuş 480 G,"₺239,00"
Porsion İçli Köfte Dondurulmuş 320 G,"₺119,50"
Mezzet Çiğköfte Dürüm 180 G,"₺17,50"
Tommis Piliç Füme Sandviç 150 G,"₺39,50"
Mr.No Tavuk Nugget Sandviç 165 G,"₺39,50"
Annemin Mutfağı Kuru Patlıcan ve Biber Dolma 200 G,"₺189,00"
Ant Bahar Hindi Tandır Konserve 2x120 G,"₺149,00"
Annemin Mutfağı Konserve Yaprak Sarma 200 G,"₺109,50"
Dardanel Mısırlı Ton Balığı 160 G,"₺99,00"
Beşler Bi' Öğün Tavuklu Nohutlu Pilav 200 G,"₺44,50"
Yurt Çiğköfte Dürüm 170 G,"₺26,50"
Burcu Tavuklu Pilav 200 G,"₺69,50"
Burcu Sumaklı Kuru Patlıcan Dolma 200 G,"₺99,50"
Tada Sebzeli Bulgur Pilavı 250 G,"₺34,50"
Tada Salsa Soslu Patatesli Tavuk 250 G,"₺84,50"
Tada Hindili Bulgur Pilavı 200 G,"₺64,90"
Tada Etli Kuru Fasulye 250 G,"₺64,50"
Tada Zeytinyağlı Taze Fasulye 250 G,"₺49,90"
Tada Tereyağlı Çayeli Fasulyesi 250 G,"₺88,50"
Tada Zeytinyağlı Garnitürlü Enginar 200 G,"₺54,50"
Birinci Süt Mudurnu Hazır Mıhlama Kuymak 250 G,"₺139,50"
Beşler Sosico Piliç Sosisli Sandviç 130 G,"₺60,00"
Isushi California Roll Sushi Dondurulmuş 145 G,"₺149,50"
Dardanel Mr. No Köz Biberli Humus 130 G,"₺55,00"
Mezzet Meze Rus Salatası 250 G,"₺31,50"
Çokça Çiğ Köfte 1 Kg,"₺65,00"
Çokça Meze Çiğ Köfte 384 G,"₺32,50"
Burcu Köz Patlıcan Salatası 560 G,"₺49,50"
Aila Humus 350 G,"₺65,00"
Çokça Meze Çiğköfte Dürüm 260 G,"₺27,00"
Tommis Riva Çıtır Tavuk Burger 180 G,"₺43,50"
Beşler Tavuk Döner Dürüm 170 G,"₺65,00"
Eker Hazır Tatlı Sütlaç 500 G,"₺49,50"
Özsüt Limonlu Cheesecake 650 G,"₺199,00"
Danone Çilek ve Vanilyalı Milkshake 188 ml,"₺42,50"
Milkten Çikolatalı Puding 4x100 G,"₺52,00"
Milkten Çikolatalı Puding 375 G,"₺47,50"
Sütaş Hazır Tatlı Kakaolu Puding 200 G,"₺15,00"
Danone Muzlu Puding 210 G,"₺24,50"
Hanımdan Kadife Tatlısı 140 G,"₺39,50"
Hanımdan Hazır Tatlı Ekler 240 G,"₺62,50"
Hanımdan Hazır Tatlı Ejder 190 G,"₺39,50"
Hanımdan Hazır Tatlı Kazandibi 180 G,"₺35,00"
Hanımdan Fırın Sütlaç 200 G,"₺35,00"
Hanımdan Profiterol 200 G,"₺45,00"
Özsüt Sefer Usta Şam Tatlısı 350 G,"₺69,50"
Eker Çikolatalı Puding 500 G,"₺69,50"
Danette Çikolatalı Puding 8x100 G,"₺99,50"
Hanımdan Peynir Helvası 250 G,"₺47,50"
Özsüt Sefer Usta Şam Tatlısı 140 G,"₺25,00"
Malatya Pazarı Fındıklı Cezerye 50 G,"₺17,50"
Malatya Pazarı Antep Fıstıklı Cezerye 50 G,"₺22,50"
Mehmet Reis Boncuklu Beze 100 G,"₺59,50"
Kenton Çikolatalı Puding 100 G 2'li+Vanilyalı Puding 125 G Hediye,"₺57,50"
Dr. Oetker İrmik Helvası Sade 360 G,"₺47,50"
Dr. Oetker Waffle 210 G,"₺24,50"
Dr. Oetker Profiterol 305 Gr,"₺75,00"
Mehmet Reis Mix Beze 80 G,"₺47,50"
Burcu Hazır Konserve Aşure 200 G,"₺54,50"
Premialle Yüksek Proteinli Belçika Çikolatalı Puding 200 G,"₺59,50"
Üstatlım Revani 200 G,"₺29,50"
Özsüt Sefer Usta Hindistan Cevizli Spoonful Pasta 150 G,"₺35,00"
Pastat Sütlü ve Ballı Pankek 150 G,"₺39,50"
Özsüt Sefer Usta Hurmalı Cheesecake 150 G,"₺49,50"
Özsüt Orman Meyveli Cheesecake 150 G,"₺49,50"
Özsüt Karamelli Pasta 150 G,"₺49,50"
Özsüt Sefer Usta Orman Meyveli Cheesecake 150 G,"₺54,50"
Sek Muzlu Puding 200 ml,"₺17,50"
Özsüt Sefer Usta Tiramisu 150 G,"₺45,00"
Kaanlar Çikolatalı Puding 375 G,"₺49,50"
Özsüt Sefer Usta Limonlu Tiramisu 150 G,"₺35,00"
Üstad Çömlek Sütlaç 180 G,"₺59,00"
Üretici Höşmerim 100 G,"₺17,00"
Danissimo Yoğurtlu Limonlu Cheesecake 125 G,"₺25,00"
Sinangil Soğuk Baklava 400 G,"₺239,00"
Kekspır Çikolatalı Sufle Dondurulmuş 2x100 G,"₺47,50"
Özsüt Frambuazlı Cheescake 650 G,"₺199,00"
Özsüt Dubai Çikolatalı Pasta Dondurulmuş 600 G,"₺149,00"
Sam Künefe Dondurulmuş 135 G,"₺35,50"
Özsüt Sefer Usta Çikolatalı Pasta Dondurulmuş 650 G,"₺219,00"
Mühür Künefe 135 G,"₺35,50"
Coquette Çikolatalı Pasta Dondurulmuş 650 G,"₺219,00"
Coquette Limonlu Cheesecake Dondurulmuş 650 G,"₺199,00"
Coquette Frambuazlı Cheesecake Dondurulmuş 650 G,"₺199,00"
Özsüt Sefer Usta Tiramisu Dondurulmuş 600 G,"₺219,00"
Sam Kakao Kremalı Muska Katmer Dondurulmuş 200 G,"₺94,50"
Hanımdan Künefe Dondurulmuş 135 G,"₺35,50"
Pekfood Kakao Kremalı Berliner Dondurulmuş 2x80 G,"₺37,50"
Hatay Asi Tepsi Künefe Dondurulmuş 500 G,"₺110,00"
Coquette Dubai Cheesecake Dondurulmuş 600 G,"₺159,00"
Çıtırtat Dubai Baklava Dondurulmuş 220 G,"₺99,50"
Feast Elmalı Crumble Tart Dondurulmuş 500 G,"₺279,00"
Artmac Makaron Dondurulmuş 9'lu 135 G,"₺149,00"
Patiswiss Juva Antep Fıstıklı Pasta Dondurulmuş 150 G,"₺250,00"
Özsüt Sefer Usta Krokanlı Pasta Dondurulmuş 600 G,"₺149,00"
Feast Zengin Pasta Dondurulmuş 550 G,"₺239,00"
Artmac Makaron 5x15 G,"₺85,00"
Patiswiss Berry Mix Çikolata Kaplı Orman Meyveleri 250 G,"₺149,00"
BKE Gurme Pastel De Nata Dondurulmuş 240 G,"₺100,00"
Koket Limonlu Haşhaşlı Pasta Dondurulmuş 500 G,"₺120,00"
Özsüt Vişneli Kadife Kalp Pasta Dondurulmuş 350 G,"₺89,00"
Özsüt Karamelli Cheesecake Dondurulmuş 600 G,"₺125,00"
Şanal Şekerpare 250 G,"₺29,00"
Abdullah Saffet Oğulları Güllaç 100 G,"₺69,50"
Bizim Güllaç 300 G,"₺69,50"
Şanal Tepsi Kadayıf 400 G,"₺49,50"
Şanal Kalburabastı 200 G,"₺29,00"
Ege Tepsi Kadayıf 200 G,"₺29,50"
Nimet Muhallebilik Kadayıf 200 G,"₺20,00"
Abdullah Saffet Oğulları Güllaç 300 G,"₺145,00"
Öğün Kemalpaşa 140 G,"₺39,50"
Bompi Karışık Aromalı Beze 90 G,"₺50,00"
Algida Twister Ocean 65 ml,"₺15,00"
Algida Classics Kakao 65 ml,"₺20,00"
Algida Classics Vanilya 65 ml,"₺20,00"
Algida Classics Antep Fıstığı 65 ml,"₺20,00"
Freedo Dolce Badem 100 ml,"₺45,00"
Freedo Dolce Classic 100 ml,"₺45,00"
Freedo Dolce Beyaz 100 ml,"₺45,00"
Freedo Dolce Karadut 100 ml,"₺45,00"
Algida Keyif Kornet Kakao Vanilya 110 ml,"₺25,00"
Algida Cornetto Classico Çilek 120 ml,"₺50,00"
Algida Cornetto Disc Choco Coffee 130 ml,"₺75,00"
Freedo Fantastico Çikolatalı Kaymaklı 120 ml,"₺14,50"
Algida Nogger Sandwich Çikolata Kaymak 145 ml,"₺65,00"
Algida Nogger Sandwich Çikolata Karamel 145 ml,"₺65,00"
Algida Viennetta Stick 90 ml,"₺30,00"
Algida Max Gökkuşağı 59 ml,"₺15,00"
Algida Frigola Bar 65 ml,"₺40,00"
Algida Magnum Badem 100 ml,"₺85,00"
Algida Cornetto Classico Çikolatalı 125 ml,"₺50,00"
Algida Cornetto Classico Kaymak 125 ml,"₺50,00"
Freedo Fantastico Kaymak Dondurulmuş 120 ml,"₺14,50"
Algida Magnum Double Karadut Böğürtlen 95 ml,"₺85,00"
Algida Milka Stick 82 ml,"₺50,00"
Algida Boom Boom Kakao Fındık 80 ml,"₺50,00"
Algida Frigola Stick 60 ml,"₺40,00"
Algida Max Buz Parmak 60 ml,"₺10,00"
Algida Maraş Cup 100 ml,"₺40,00"
Algida Maraş Usulü Kornet 115 ml,"₺65,00"
Algida Max Mini Milk Sade 35 ml,"₺10,00"
Algida Magnum Classic 100 ml,"₺85,00"
Algida Cornetto Disc Oreo 130 ml,"₺75,00"
Algida Magnum Beyaz 100 ml,"₺85,00"
Algida Disc Cornetto Vanilya Karamel 130 ml,"₺75,00"
Algida Conboo Kakao Vanilya 60 ml,"₺15,00"
Algida Conboo Çilek Vanilya 60 ml,"₺15,00"
Algida Max Minimilk Kakao 35 ml,"₺10,00"
Eti Alaska Frigo Sütlü 60 ml,"₺32,50"
Eti Alaska Frigo Bitter 60 ml,"₺54,00"
Freedo Enjoy Çilekli 70 ml,"₺9,75"
Freedo Enjoy Kakaolu 70 ml,"₺9,75"
Freedo Enjoy Vanilyalı 70 ml,"₺9,75"
Xroll Kağıt Helva 45 G,"₺12,50"
Miskos Külah 10'lu 36 G,"₺23,50"
Algida Magnum Signature Antep Fıstığı 90 ml,"₺90,00"
Algida Max Gökkuşağı Çatapat 62 ml,"₺15,00"
Algida Vişi Max 60 ml,"₺10,00"
Algida Buz Parmak Limon Max 50 ml,"₺10,00"
Algida Magnum Mini Sandwich Badem 4x100 ml,"₺300,00"
Algida Maraş Fıstık Cenneti 460 ml,"₺250,00"
Algida Magnum Badem 140 ml,"₺90,00"
Algida Viennetta Çikolata Vanilya 100 ml,"₺30,00"
Algida Volcano Beyaz 86 ml,"₺50,00"
Algida Cornetto Disc Double Antep Fıstığı 130 ml,"₺75,00"
Eti Alaska Frigo Karamelli 47 ml,"₺26,00"
Algida Magnum Mini Classic 330 ml,"₺325,00"
Algida Magnum Mini Badem 330 ml,"₺325,00"
Algida Magnum Mini Cookie Badem 338 ml,"₺325,00"
Algida Magnum Mini Double Çikolata Karadut Karamel 345 ml,"₺325,00"
Algida Magnum Mini Classic Badem Beyaz 330 ml,"₺325,00"
Algida Twister Ocean 72 ml,"₺15,00"
Algida Twister Forest 72 ml,"₺15,00"
Algida Volcano 83 ml,"₺50,00"
Algida Porti 55 ml,"₺5,00"
Algida Magnum Utopia Double Ahududu 85 ml,"₺85,00"
Algida Minecraft 78 ml,"₺25,00"
"Algida Magnum Mini Utopia Ahududu Badem 337,5 ml","₺325,00"
Algida Magnum Utopia Karamel 85 ml,"₺85,00"
Algida Cornetto Disc Max Mangolu 130 ml,"₺75,00"
Sambella Çikolata Kaplı Meyve Çıtırları Dondurulmuş 116 G,"₺169,00"
Magnum Mini Badem 330 ml,"₺325,00"
Algida Boncremo Kakao Vanilya Çilek 1400 ml,"₺105,00"
Algida Boncremo Kakao Vanilya Fıstık 1400 ml,"₺105,00"
Algida Boncremo Kakao Vanilya 1400 ml,"₺105,00"
Algida Dövme 1400 ml,"₺150,00"
Freedo Vini Gold Antep Fıstıklı Kaymaklı 1000 ml,"₺131,00"
Algida Usta Usulü Baklavalı Antep Fıstığı Parçalı 460 ml,"₺250,00"
Algida Kaymaklı 1000 ml,"₺150,00"
Algida Carte D'or Belçika Rüyası 800 ml,"₺295,00"
Algida Magnum Mini Classic Badem Beyaz 330 ml,"₺325,00"
Algida Magnum Mini Double Çikolata Karadut Karamel 345 ml,"₺325,00"
Algida Carte d'Or İsviçre Çikolatası Karamel Muz 850 ml,"₺275,00"
Algida Carte d'Or Classic Vişne Bitter Çikolata Vanilya 850 ml,"₺275,00"
Algida Carte d'Or Classic Bal Badem Vanilya Karamel 850 ml,"₺275,00"
Algida Magnum Mini Classic 330 ml,"₺325,00"
Algida Mini Nogger 6'lı Çikolata Karamel 360 ml,"₺225,00"
Freedo Dolce Mini Badem 6x60 ml,"₺161,50"
Freedo Dolce Mini Classic Beyaz Badem 6x60 ml,"₺161,50"
Freedo Dolce Mini Classic Badem Karadutlu 6x60 ml,"₺161,50"
Algida Carte D'or Patisserie 800 ml,"₺295,00"
Algida Kadayıflı Fındıklı Maraş 500 ml,"₺250,00"
Algida Keyif Vişne Limon 750 ml,"₺100,00"
Algida Usta Usulü Çifte Dövülmüş Sade 500 ml,"₺225,00"
Algida Usta Usulü Bol Kaymak Dondurma 500 ml,"₺225,00"
Algida Maraş Usulü Sade 500 ml,"₺165,00"
Algida Carte D'or Selection Çikolata Karnavalı 800 ml,"₺295,00"
Algida Keyif Kakao Vanilya 750 ml,"₺100,00"
Algida Max Twister Mini Island Forest 400 ml,"₺150,00"
Algida Viennetta Çikolata Vanilya 800 ml,"₺200,00"
Algida Carte D'or Selection Meyve Şöleni 800 ml,"₺295,00"
Algida Keyif Vanilya 750 ml,"₺100,00"
Freedo Vini Fıstık/Vanilya/Kakao 1500 ml,"₺74,50"
Algida Maraş Usulü Sade Çikolatalı 500 ml,"₺165,00"
Algida Keyif Kakao Vanilya 1800 ml,"₺169,00"
Algida Maraş Usulü Kesme 650 ml,"₺200,00"
Algida Keyif Antep Fıstığı Vanilya 750 ml,"₺100,00"
Freedo Vini Vanilyalı Kakaolu 1000 ml,"₺61,50"
Freedo Vini Vişne Çilek 1500 ml,"₺74,50"
Freedo Vini Kakao Çilek Vanilya 1500 ml,"₺74,50"
Freedo Selection Çikolata Rüyası 900 ml,"₺142,50"
Freedo Vini Gold Kaymaklı 1000 ml,"₺123,50"
Freedo Vini Vanilya 1000 ml,"₺61,50"
Algida Carte D'or Çilekli Milföy 800 ml,"₺295,00"
Algida Carte D'or Profiterol 800 ml,"₺295,00"
Algida Carte D'or Petitebar Berry 6x46 ml,"₺250,00"
Algida Spoonful 770 ml,"₺230,00"
Algida Almido Vanilya 500 ml,"₺150,00"
Algida Keyif Çilek Vanilya Kakao 1400 ml,"₺140,00"
Algida Keyif Fıstık Vanilya Kakao 1400 ml,"₺140,00"
"Algida Magnum Mini Dubai Badem 337,5 ml","₺350,00"
Algida Carte D'or Classic Sorbe 850 ml,"₺275,00"
Kemsan İlikli Kemik Suyu 105 ml,"₺22,50"
Algida Maraş Sade 650 ml,"₺165,00"
Freedo Selection Meyve Sepeti 900 ml,"₺142,50"
Karpedo Sade Maraş 500 ml,"₺149,00"
"Bingo Mandalina Kokulu Bulaşık Deterjanı 1,5 L","₺169,00"
"Bingo Sensitive Bulaşık Deterjanı 1,5 L","₺169,00"
"Bingo Limon Kokulu Bulaşık Deterjanı 1,5 L","₺169,00"
Asperox Sparx Diamond Bulaşık Makinesi Kapsülü 40'lı,"₺329,00"
Bingo Pro Max Bulaşık Makinesi Kapsülü 32'li,"₺179,00"
Bingo Pro Bulaşık Makinesi Kapsülü 36'lı,"₺284,50"
Logi Bulaşık Deterjanı 4 KG,"₺95,00"
Fairy Bulaşık Deterjanı 2x1500 Ml,"₺169,00"
Fairy Bulaşık Deterjanı 6x650 Ml,"₺214,90"
"Pril Sıvı Bulaşık Deterjanı 2,5 Kg","₺245,00"
Pril H1A Bulaşık Makinesi Jeli 1080 ml,"₺149,00"
"Fairy Platinum Bulaşık Deterjanı 1,5 L","₺167,50"
Finish Quantum Max Soda Bulaşık Makinesi Tableti 62'li,"₺558,50"
Fairy Hepsi 1 Arada Bulaşık Makinesi Kapsülü 60'lı,"₺445,00"
Fairy Hepsi Bir Arada Bulaşık Makinesi Kapsülü 36'lı,"₺159,00"
Fairy Platinum Plus Bulaşık Makinesi Kapsülü 40'lı,"₺199,00"
Finish Quantum Bulaşık Makinesi Kapsülü 40'lı,"₺329,00"
Finish Quantum Max Limonlu Bulaşık Makinesi Tableti 48'li,"₺239,00"
Renax Gold Bulaşık Makinesi Kapsülü 30'lu,"₺145,00"
Tems Bulaşık Makinesi Kapsülü 36'lı,"₺149,00"
Finish Ultimate Bulaşık Makinesi Tableti 40'lı,"₺365,00"
Finish Quantum Max Bulaşık Makinesi Kapsül Tableti 48'li,"₺239,00"
Finish Quantum Max Soda Bulaşık Makinesi Kapsül Tableti 30'lu,"₺299,00"
Finish Quantum Özel Seri Bulaşık Makinesi Kapsül Tableti 36'lı,"₺159,00"
Renax Bulaşık Makinesi Kapsülü 33'lü,"₺139,00"
Asperox Sparx Diamond Bulaşık Makinesi Kapsülü 30'lu,"₺229,00"
Fairy Elma Bulaşık Deterjanı 1500 Ml,"₺89,00"
Fairy Sıvı Bulaşık Deterjanı 1 L,"₺85,00"
Çiçeğim Portakal Bulaşık Deterjanı 750 Ml,"₺35,00"
Çiçeğim Nar Bulaşık Deterjanı 750 Ml,"₺35,00"
Pril Bulaşık Deterjanı 4 Kg,"₺249,90"
Pril Bulaşık Deterjanı 2x675 Ml+750 Ml,"₺119,00"
Çiçeğim Bulaşık Deterjanı 4 Kg,"₺159,00"
Miss Bulaşık Deterjanı 4 Kg,"₺109,00"
Yetiş Bulaşık Deterjanı 4 Kg,"₺79,00"
Sio Bulaşık Deterjanı 4 Kg,"₺72,50"
Pril Bulaşık Deterjanı 653 ml,"₺89,90"
Fairy Ultra Hızlı Bulaşık Deterjanı 1500 ml,"₺175,00"
Fairy Platinum Bulaşık Deterjanı 500 Ml,"₺45,00"
Çiçeğim Limonlu Bulaşık Deterjanı 750 Ml,"₺40,00"
Çiçeğim Limon Bulaşık Deterjanı 750 Ml,"₺52,00"
Çiçeğim Limonlu Bulaşık Deterjanı 750 Ml,"₺52,00"
Çiçeğim Elma Bulaşık Deterjanı 750 Ml,"₺52,00"
Çiçeğim Elmalı Bulaşık Deterjanı 750 Ml,"₺40,00"
Çiçeğim Elmalı Bulaşık Deterjanı 750 Ml,"₺52,00"
Mr. Oxy Limonlu Bulaşık Deterjanı 500 ml,"₺39,00"
Mr. Oxy Yaban Mersinli Bulaşık Deterjanı 500 M,"₺39,00"
Miss Bulaşık Deterjanı 1 L,"₺72,50"
Miss Limon Kokulu Bulaşık Deterjanı 500 Ml,"₺25,00"
Miss Bubble Bulaşık Deterjanı 500 Ml,"₺25,00"
Fairy Sıvı Bulaşık Deterjanı 650 ml,"₺59,90"
Fairy Sıvı Bulaşık Deterjanı 2600 ml,"₺339,90"
Fairy Green Bulaşık Makinesi Tableti 90'lı,"₺450,00"
Fairy Platinum Bulaşık Makinesi Kapsülü 33'lü,"₺207,00"
Finish Quantum Özel Seri Bulaşık Makinesi Kapsülü 50'li,"₺419,00"
Fairy Platinum Bulaşık Makinesi Kapsülü 90'lı,"₺489,00"
Finish Quantum Bulaşık Makinesi Tableti 30'lu,"₺149,00"
Finish Quantum Max Bulaşık Makinesi Kapsülü 65'li,"₺299,00"
Finish Hepsi 1 Arada Bulaşık Makinesi Tableti 110'lu,"₺329,00"
Pril Excellence Bulaşık Makinesi Kapsülü 40'lı,"₺149,00"
Finish Quantum Max Bulaşık Makinası Tableti 22'li,"₺109,00"
Finish Bulaşık Makinesi Tableti 101'li,"₺194,25"
Brid Bulaşık Makinesi Tableti 50'li,"₺150,00"
Sır Bio Bulaşık Makinesi Jeli 1 L+Parlatıcı 500 Ml,"₺119,50"
Finish Hepsi 1 Arada Jel Bulaşık Makinesi Deterjanı 1000 Ml,"₺199,00"
Finish Hepsi 1 Arada Limonlu Jel Bulaşık Makinesi Deterjanı 1000 Ml,"₺199,00"
Finish Limon Ferahlığı Bulaşık Makinesi Parlatıcı ve Kurutucu 400 Ml,"₺89,90"
Finish Bulaşık Makinesi Parlatıcı ve Kurutucu 400 ml,"₺89,90"
Finish Limon Kokulu Bulaşık Makinesi Parlatıcısı 250 ml,"₺124,90"
Finish Bulaşık Makinesi Parlatıcı ve Kurutucu 250 Ml,"₺100,00"
Brid Bulaşık Makinası Parlatıcı 450 Ml,"₺42,00"
Pril Bulaşık Makinesi Parlatıcısı 750 Ml,"₺59,75"
Finish Limon Bulaşık Makinesi Parlatıcısı 800 Ml,"₺36,50"
"Brid Bulaşık Makinesi Tuzu 1,5 Kg","₺39,00"
"Finish Bulaşık Makinesi Tuzu 1,3 Kg","₺124,90"
Finish Limon Kokulu Bulaşık Makinesi Temizleyici 250 ml,"₺124,90"
Brid Bulaşık Makinesi Temizleyici 250 Ml,"₺39,50"
Finish Limonlu Bulaşık Makinesi Temizleyici 250 ml,"₺89,90"
Finish Bulaşık Makinesi Temizleyici 250 ml,"₺89,90"
Clean&Fun Renkli Konfor Bulaşık Süngeri 3'lü,"₺65,00"
Clean&Fun Bulaşık Ovma Teli 4x20 G,"₺28,00"
Clean&Fun Mucize Bulaşık Süngeri,"₺18,00"
Parex Trend Konfor Oluklu Bulaşık Süngeri 4'lü,"₺29,95"
Clean&Fun Bulaşık Eldiveni,"₺37,50"
Clean&Fun Oluklu Bulaşık Süngeri 5'li,"₺34,00"
Macromax Konfor Bulaşık Süngeri 2'li,"₺18,00"
Macromax Bubble Bulaşık Süngeri 5'li,"₺19,90"
Miss Flora Bulaşık Makinası Kokusu,"₺29,50"
Finish Deo Limon Ferahlığı Bulaşık Makinesi Kokusu 4 Ml,"₺64,00"
Sparx Sıvı Bulaşık Deterjanı Losyon 1200 ml,"₺119,00"
Sparx Sıvı Bulaşık Deterjanı Limon 1200 ml,"₺119,00"
Sparx Sıvı Bulaşık Deterjanı Elma 1200 ml,"₺119,00"
Asperox Sparx Diamond Plus Bulaşık Makinesi Kapsülü 50'li,"₺499,00"
All Natura Sıvı Bulaşık Deterjanı 750 ml,"₺59,00"
Bingo Bulaşık Makinesi Temizleyici 50 ml,"₺65,00"
"Bingo Bulaşık Makinesi Tuzu 1,5 Kg","₺65,00"
Bingo Bulaşık Makinesi Parlatıcısı 400 ml,"₺65,00"
"Pril Sıvı Bulaşık Deterjanı Limon 1,5 L","₺179,00"
"Pril Sıvı Bulaşık Deterjanı Sirke Etkili 1,5 L","₺179,00"
Bingo Pro Max Bulaşık Makinesi Kapsülü 60'lı,"₺599,00"
Fairy Platinum Bulaşık Makinesi Kapsülü 30'lu,"₺299,00"
Logi Bulaşık Deterjanı Elma 750 ml,"₺29,50"
Logi Bulaşık Deterjanı Limon 750 ml,"₺29,50"
Sparx Bulaşık Makinesi Parlatıcısı 400 ml,"₺65,00"
Sparx Bulaşık Makinesi Temizleyici 250 ml,"₺65,00"
"Sparx Bulaşık Makinesi Tuzu 1,5 Kg","₺65,00"
Finish Quantum Özel Seri Bulaşık Makinesi Kapsülü 45'li,"₺389,00"
Çiçeğim Elma Kokulu Bulaşık Deterjanı 750 ml,"₺52,00"
Çiçeğim Limon Kokulu Bulaşık Deterjanı 750 ml,"₺52,00"
Omo Sık Yıkananlar Toz Deterjan 3 Kg,"₺279,00"
Perwoll Siyah Sıvı Deterjan 2 L,"₺190,00"
Perwoll Renkli Sıvı Deterjan 2 L,"₺190,00"
Perwoll Beyaz Sıvı Deterjan 2 L,"₺190,00"
Bingo Yıpranma Karşıtı Sıvı Deterjan 2 L,"₺259,00"
Bingo Renkliler İçin Sıvı Deterjan 2 L,"₺259,00"
Bingo Siyahlar İçin Sıvı Deterjan 2 L,"₺259,00"
Bingo Canlandırıcı Sıvı Deterjan 2 L,"₺259,00"
Bingo Soft Manolya Konsantre Yumuşatıcı 960 ml,"₺159,50"
Bingo Gül Konsantre Yumuşatıcı 960 ml,"₺159,50"
Bingo Soft Lovely Konsantre Yumuşatıcı 960 ml,"₺159,50"
Bingo Soft Lilyum Konsantre Yumuşatıcı 960 ml,"₺159,50"
Logi Beyaz & Renkli Toz Deterjan 10 Kg,"₺239,00"
"Logi Sensitive Konsantre Yumuşatıcı 1,5 L","₺75,00"
"Logi Okyanus Esintisi Konsantre Yumuşatıcı 1,5 L","₺75,00"
"Logi Manolya Çiçeği Konsantre Yumuşatıcı 1,5 L","₺75,00"
"Logi Bahar Esinitisi Konsantre Yumuşatıcı 1,5 L","₺75,00"
Bingo Soft Sensitive Konsantre Yumuşatıcı 960 ml,"₺159,50"
Perwoll Siyah Sıvı Deterjan 1 L,"₺79,00"
Perwoll Renkli Sıvı Deterjan 1 L,"₺79,00"
Persil Renkliler İçin Sıvı Deterjan 1690 ml,"₺229,90"
Persil Grileşme Karşıtı Sıvı Deterjan 1690 ml,"₺264,90"
Bingo Premium Beyaz Toz Deterjan 7 Kg,"₺269,00"
Bingo Premium Renkli Toz Deterjan 7 Kg,"₺269,00"
Ariel Toz Deterjan 9 Kg,"₺439,00"
Ariel Toz Deterjan 12 Kg,"₺449,00"
Persil Sık Yıkananlar Toz Deterjan 9 KG,"₺299,00"
Çiçeğim Renkli Toz Deterjan 8 Kg,"₺305,00"
Çiçeğim Beyaz Toz Deterjan 8 Kg,"₺305,00"
ABC Beyazlar & Renkliler Sık Yıkananlar Toz Deterjan 10 Kg,"₺259,00"
Persil Beyazlar İçin Toz Deterjan 9 Kg,"₺279,00"
Çiçeğim Beyaz Toz Deterjanı 12 Kg,"₺279,00"
Çiçeğim Renkli Toz Deterjan 12 Kg,"₺279,00"
Peros Renkli Toz Deterjan 12 Kg,"₺299,00"
"Omo Beyazlar Toz Deterjan 5,5 Kg","₺548,00"
Omo Beyazlar ve Renkliler Toz Deterjan 9 Kg,"₺439,00"
Rinso Beyaz Sirke&Çamaşır Sodası Toz Deterjan 4 Kg,"₺125,00"
Omo Active Oxygen Beyaz Toz Deterjan 6 Kg,"₺249,00"
"Omo Active Oxygen Beyazlar İçin Toz Deterjan 7,5 Kg","₺269,00"
Omo Renkli Toz Deterjanı 9 Kg,"₺325,00"
Peros Toz Deterjan Beyaz 12 Kg,"₺299,00"
Persil Renkliler ve Beyazlar Toz Deterjan 7 Kg,"₺209,00"
Alo Toz Deterjan 10 Kg,"₺419,00"
Bingo Toz Deterjan 10 Kg,"₺389,00"
"Omo Renkliler Toz Deterjan 5,5 Kg","₺548,00"
Rinso Toz Deterjan 10 Kg,"₺329,00"
Alo Toz Deterjan 4 Kg,"₺319,50"
Peros Canlı Renkler Toz Deterjan 7 Kg,"₺392,50"
"Bingo Toz Deterjan 5,5 Kg","₺469,00"
Ariel Dağ Esintisi Renkliler Toz Deterjan 4 Kg,"₺362,90"
Tursil Toz Deterjan 10 Kg,"₺459,50"
Rinso Toz Deterjan 8 Kg,"₺249,00"
Yetiş Renkliler için Toz Deterjan 9 Kg,"₺159,00"
"Tursil Toz Deterjan 1,5 KG","₺119,50"
Renax Beyazlar ve Renkliler İçin Toz Deterjan 8 Kg,"₺149,00"
Renax Renkli Toz Deterjan 8 Kg,"₺149,00"
"Persil Hijyen Toz Deterjan 6,5 Kg","₺269,00"
Yetiş Beyazlar için Toz Deterjan 9 Kg,"₺159,00"
Halk Beyaz ve Renkliler için Toz Deterjan 9 Kg,"₺169,00"
Alley Toz Deterjan 9 Kg,"₺124,00"
ABC Canlı Renkler Toz Deterjan 10 Kg,"₺259,00"
Peros Siyahlar Sıvı Deterjan 2 L,"₺185,00"
Peros Sık Yıkananlar Yıldız Çiçeği Toz Deterjan 10 Kg,"₺319,00"
Bingo Mutlu Yuvam Beyazlar ve Renkliler Toz Deterjan 3 Kg,"₺250,00"
Peros Sık Yıkananlar Yasemin Çiçeği Toz Deterjan 10 Kg,"₺319,00"
ABC Renkli Toz Deterjan 8 Kg,"₺379,00"
Aquabor Renkli Toz Deterjan 6 Kg,"₺159,90"
Aquabor Beyaz Toz Deterjan 6 Kg,"₺159,90"
ABC Elde Yıkama Soda Etkili Toz Deterjan 600 G,"₺29,50"
Peros Renkliler Sıvı Deterjan 2 L,"₺185,00"
"Perwoll Siyahlar Sıvı Çamaşır Deterjanı 2,97 L","₺365,00"
"Perwoll Renkliler Sıvı Çamaşır Deterjanı 2,97 L","₺365,00"
"Perwoll Siyah Sıvı Deterjan 3,96 L","₺175,00"
"Perwoll Renkli Sıvı Deterjan 3,96 L","₺175,00"
"Perwoll Sport Sıvı Deterjan 2,97 L","₺145,00"
Omo Express Fresh Beyaz ve Renkliler Sıvı Çamaşır Deterjanı 1480 ml,"₺344,00"
Omo Express Fresh Renkli ve Siyahlar Sıvı Çamaşır Deterjanı 1480 ml,"₺344,00"
Peros Narinler Sıvı Deterjan 2 L,"₺185,00"
Bingo Renkli Sıvı Çamaşır Deterjanı 3 L,"₺345,00"
Bingo Tüm Renkler Sıvı Çamaşır Deterjanı 3 L,"₺345,00"
Rinso Argan Özlü Sıvı Deterjan 5 L,"₺179,50"
Rinso Aloe Vera Sıvı Deterjan 3 L,"₺145,00"
"Rinso Aloe Vera Sıvı Çamaşır Deterjanı 1,5 L","₺89,50"
Rinso Argan Sıvı Deterjan 3 L,"₺274,50"
"Rinso Argan Özü Sıvı Çamaşır Deterjanı 1,5 L","₺89,50"
Omo Active Oxygen Etkisi Sıvı Deterjan 1690 Ml,"₺215,00"
Ariel Oxi Sıvı Deterjan 1200 Ml,"₺199,00"
Peros Renkliler Sıvı Deterjan 3 L,"₺179,00"
Peros Narinler Sıvı Deterjan 3 L,"₺149,00"
Peros Siyahlar Sıvı Deterjan 3 L,"₺149,00"
Çiçeğim Renkli Sıvı Deterjan 3 L,"₺109,00"
Çiçeğim Hassas Sıvı Deterjan 3 L,"₺109,00"
Çiçeğim Siyah Sıvı Deterjan 3 L,"₺109,00"
Rinso Aloe Vera Sıvı Deterjan 5 L,"₺144,50"
Tursil Sıvı Çamaşır Deterjanı Leylak Bahçesi 2145 ml,"₺239,90"
Renax Siyah Sıvı Deterjan 2520 Ml,"₺79,00"
Renax Renkli&Beyaz Sıvı Deterjan 2520 Ml,"₺79,00"
Omo Sıvı Deterjan 1690 Ml,"₺335,00"
Omo Sık Yıkananlar İçin Sıvı Deterjan 2470 Ml,"₺119,00"
Omo Renkliler Sıvı Deterjan 1690 Ml,"₺335,00"
Rinso Kömür Siyahlığı Sıvı Deterjan 3 L,"₺149,75"
HighGenic Siyah Sıvı Deterjan 3 L,"₺99,00"
HighGenic Renkli Sıvı Deterjan 3 L,"₺99,00"
"Viking Tüm Renkler Sıvı Deterjan 2,7 L","₺71,90"
"Viking Sonbahar Tüm Renkler Sıvı Deterjan 2,7 L","₺72,50"
Ariel Siyahlar Sıvı Deterjan 1595 Ml,"₺149,00"
Bingo Onaran Koruma Sıvı Deterjan 2 L,"₺259,00"
Persil Renkli Sıvı Deterjanı 2460 Ml,"₺140,00"
ABC Sıvı Çamaşır Deterjanı 3 L,"₺239,00"
Yumoş Uzman Açık Hava Etkisi Konsantre Yumuşatıcı 1200 ml,"₺219,00"
Yumoş Uzman Kolay Ütü Konsantre Yumuşatıcı 1200 ml,"₺219,00"
Yumoş Uzman Renk Koruma Konsantre Yumuşatıcı 1200 ml,"₺219,00"
Yumoş Çiçek Bahçesi Yumuşatıcı 5 L,"₺129,00"
Bingo Soft Sensitive Yumuşatıcı 5 L,"₺224,00"
Yumoş Lotus Konsantre Yumuşatıcı 1440 Ml,"₺114,00"
Peros Yasemin & Neroli Çiçeği Konsantre Yumuşatıcı 1440 ml,"₺119,00"
Viking Soft Ruby Yumuşatıcı 5 L,"₺100,00"
Peros Lavanta Bahçesi Yumuşatıcı 5 L,"₺135,00"
Peros Pembe Güller Yumuşatıcı 5 L,"₺135,00"
Peros Beyaz Çiçekler Yumuşatıcı 5 L,"₺135,00"
Yumoş Konsantre Yumuşatıcı 1200 Ml,"₺59,50"
Viking Aroma Konsantre Yumuşatıcı 750 Ml,"₺39,90"
Viking Therapy Konsantre Yumuşatıcı 750 Ml,"₺39,90"
Viking Sensitive Konsantre Yumuşatıcı 1400 ml,"₺75,00"
Vernel Yumuşatıcı Gülün Büyüsü 3 L,"₺159,00"
Viking Gül ve Zambaklı Konsantre Yumuşatıcı 1400 Ml,"₺54,75"
Viking Leylak ve Lavantalı Konsantre Yumuşatıcı 1400 Ml,"₺75,00"
Vernel Gül Yumuşatıcı Konsantre 1300 Ml,"₺75,00"
Vernel Sensitive Yumuşatıcı Konsantre 1300 Ml,"₺75,00"
Viking Tutkulu Yumuşatıcı 3 L,"₺49,50"
Yetiş Soft Yumuşatıcı 4 L,"₺87,50"
Vernel Lavanta Yumuşatıcı Konsantre 1300 Ml,"₺75,00"
Çiçeğim Çiçek Buketi Konsantre Yumuşatıcı 1500 Ml,"₺101,00"
Çiçeğim Orkide Ferahlığı Konsantre Yumuşatıcı 1500 ml,"₺101,00"
Viking Sensitive Yumuşatıcı 3 L,"₺49,50"
Çiçeğim Lavanta Çamaşır Yumuşatıcısı 6 Kg,"₺145,00"
Wind Magic Konsantre Yumuşatıcı 1500 Ml,"₺59,00"
Çiçeğim Gül Çamaşır Yumuşatıcısı 6 Kg,"₺145,00"
Wind Prestige Konsantre Yumuşatıcı 1500 Ml,"₺59,00"
Yetiş Magical Yumuşatıcı 4 L,"₺87,50"
Wind Fantastic Konsantre Yumuşatıcı 1500 Ml,"₺59,00"
Viking Yumuşatıcı Konsantre 1440 Ml,"₺110,00"
Çiçeğim Sensitive Konsantre Yumuşatıcı 1500 ml,"₺101,00"
Peros Amber Çiçeği & Sandal Ağacı Konsantre Yumuşatıcı 1440 ml,"₺119,00"
Vernel Çamaşır Yumuşatıcısı 2 L,"₺26,60"
ABC Ege Sahilleri Yumuşatıcı 5 L,"₺119,00"
Viking Soft Gül Zambak Yumuşatıcı 5 L,"₺109,00"
Yumoş Pouch Amber Konsantre Yumuşatıcı 1200 ml,"₺95,00"
Doa Lilyumlu Lotuslu Konsantre Yumuşatıcı 1500 Ml,"₺69,00"
Doa Orkideli Konsantre Yumuşatıcı 1500 Ml,"₺69,00"
Bingo Lovely Konsantre Yumuşatıcı 1440 ml,"₺239,00"
Peros Lavanta Konsantre Yumuşatıcı 960 ml,"₺130,00"
Vernel Gül Konsantre Yumuşatıcı 960 ml,"₺129,00"
Vernel Sensitive Konsantre Yumuşatıcı 960 ml,"₺129,00"
Bingo Manolya Konsantre Yumuşatıcı 1440 ml,"₺239,00"
Peros Yasemin Konsantre Yumuşatıcı 960 ml,"₺130,00"
Peros Amber Konsantre Yumuşatıcı 960 ml,"₺130,00"
Peros Orkide Konsantre Yumuşatıcı 960 ml,"₺130,00"
Bingo Gül Konsantre Yumuşatıcı 1440 Ml,"₺149,00"
ABC Manolya Konsantre Yumuşatıcı 1200 Ml,"₺65,00"
ABC Gül Konsantre Yumuşatıcı 1440 ml,"₺159,00"
ABC Lotus Konsantre Yumuşatıcı 1440 ml,"₺159,00"
Vernel Lavanta Konsantre Yumuşatıcı 960 ml,"₺129,00"
Çiçeğim Çamaşır Sodası 500 G,"₺55,00"
Miss Soda Plus Çamaşır Sodası 500 G,"₺49,00"
"Vanish Multipower Beyazlar İçin Leke Çıkarıcı 1,4 L","₺109,00"
"Vanish Multipower Renkliler İçin Leke Çıkarıcı 1,4 L","₺109,00"
Vanish Kosla Oxi Action Beyaz Leke Çıkarıcı 3 L,"₺207,75"
Vanish Kosla Leke Çıkarıcı Sprey 500 Ml,"₺55,25"
Vanish Kosla Beyazlar İçin Leke Çıkarıcı 1 L,"₺249,00"
Vanish Kosla Oxi Action Renkliler Leke Çıkarıcı 3 L,"₺207,75"
Vanish Kosla Renkliler İçin Leke Çıkarıcı 1 L,"₺249,00"
Domestos Ultra Çamaşır Suyu 5 L,"₺199,00"
"Çiçeğim Ultra Çamaşır Suyu 3,7 L","₺153,00"
Domestos Ultra Çamaşır Suyu 3240 ml,"₺199,00"
Ace Çamaşır Suyu 5 L,"₺179,00"
Çiçeğim Çamaşır Suyu Ultra 1250 ml,"₺65,50"
Domestos Ultra Dağ Esintisi Çamaşır Suyu 750 ml,"₺90,00"
Hypo Çamaşır Suyu 1 Kg,"₺15,75"
ABC Çamaşır Suyu 4 L,"₺75,00"
Çiçeğim Çamaşır Suyu 3740 Ml,"₺96,00"
Ace Çamaşır Suyu 4 L,"₺215,00"
Domestos Ultra Kar Beyazı Çamaşır Suyu 750 ml,"₺90,00"
Çiçeğim Ultra Limon Çamaşır Suyu 1250 Ml,"₺65,50"
Bingo Oxyjen Oksijenli Çamaşır Suyu 750 ml,"₺50,00"
Hyper Hypo Ultra Lavanta Çamaşır Suyu 694 ml,"₺29,50"
Hypo Ultra Beyaz Sabun Çamaşır Suyu 3240 Ml,"₺95,00"
Yetiş Okyanus Esintisi Ultra Çamaşır Suyu 4 Kg,"₺87,50"
ABC Huzur Yumuşatıcı 5 L,"₺119,00"
Yetiş Dağ Esintisi Ultra Çamaşır Suyu 4 Kg,"₺87,50"
Domestos Ultra Beyaz Sabun Çamaşır Suyu 1850 ml,"₺155,00"
Domestos Ultra Çam Ferahlığı Çamaşır Suyu 1850 ml,"₺155,00"
Hyper Hypo Çam Ultra Çamaşır Suyu 3 Kg,"₺62,50"
Domestos Ultra Çamaşır Suyu 750 Ml,"₺45,90"
Hyper Hypo Ultra Çam Çamaşır Suyu 694 ml,"₺29,50"
"Hypo Çamaşır Suyu 2,5 L","₺69,50"
Hypo Çamaşır Suyu 4 Kg,"₺72,50"
Klorak Çamaşır Suyu 2 L,"₺85,00"
Hyper Hypo Kızılçam Ultra Çamaşır Suyu 3 Kg,"₺61,50"
Hyper Hypo Lavanta Ultra Çamaşır Suyu 3 Kg,"₺62,50"
Calgon 3'ü 1 Arada Kireç Önleyici 500 G,"₺80,00"
Çiçeğim Çamaşır Makinesi Temizleyici 250 Ml,"₺39,50"
Marc Çamaşır Makinesi Temizleyici 250 ml,"₺75,00"
Marc Çamaşır Makinesi Temizleyici 500 ml,"₺89,90"
Marc Çamaşır Makinesi Temizleyici 500 ml,"₺89,90"
Calgon Kireç Önleyici 250 G,"₺125,00"
Duru Granül Matik Sabun 1 Kg,"₺175,00"
Klorak Çamaşır Suyu & Beyaz Sabun Jel 1 L,"₺54,50"
Yumoş Extra Konsantre Yumuşatıcı 1440 ml + Yumoş Uzman Açık Hava Etkisi Konsantre Yumuşatıcı 1200 ml,"₺259,00"
Vernel Lilyum Konsantre Yumuşatıcı 1440 ml,"₺199,90"
Vernel Orkide Konsantre Yumuşatıcı 1440 ml,"₺199,90"
"Hyper Hypo Ultra Çam Tazeliği Çamaşır Suyu 3,24 L","₺95,00"
"Hyper Hypo Ultra Lavanta Bahçesi Çamaşır Suyu 3,24 L","₺95,00"
Ariel Dağ Esintisi Beyazlar Toz Deterjan 4 Kg,"₺362,90"
Peros Pratik Çamaşır Kapsülü Siyahlar 26'lı,"₺199,00"
Peros Pratik Çamaşır Kapsülü Beyazlar 26'lı,"₺199,00"
Peros Pratik Çamaşır Kapsülü Renkliler 26'lı,"₺199,00"
Omo Express Fresh Sensitive Sıvı Çamaşır Deterjanı 1480 ml,"₺344,75"
Bingo Soft Begonvil Konsantre Yumuşatıcı 960 ml,"₺159,50"
Vanish Kosla Leke Çıkarıcı Renkli Kıyafetler 2000 ml,"₺475,00"
Vanish Kosla Leke Çıkarıcı Kristal Beyaz 2000 ml,"₺475,00"
"Yumoş Ekstra Konsantre Yumuşatıcı Orkide 2,5 L","₺209,90"
"Yumoş Ekstra Konsantre Yumuşatıcı Lilyum 2,5 L","₺209,90"
Ariel Pods Kapsül Çamaşır Deterjanı 25'li,"₺209,00"
Omo Express Fresh Sıvı Çamaşır Deterjanı 1480 ml + Yumoş Açık Hava Etkisi Konsantre Yumuşatıcı 1440 ml,"₺274,90"
Omo Beyaz & Renkliler Sıvı Deterjan 1500 ml,"₺199,00"
Bingo Canlandırıcı Etki Sıvı Deterjan 2 L,"₺259,00"
Bingo Kırışıklık Karşıtı Sıvı Deterjan 2 L,"₺259,00"
Omo Express Leke Çıkarıcı Renkliler 1 L,"₺119,00"
Persil Okyanus Ferahlığı Sıvı Çamaşır Deterjanı 1690 ml,"₺314,90"
"Perwoll Açık Renkliler Sıvı Deterjan 2,97 L","₺329,00"
"Rinso Sıvı Deterjan Argan Özü 2,5 L","₺284,90"
Bingo Sensitive Konsantre Yumuşatıcı 1440 ml,"₺239,00"
Çiçeğim Lavanta Yumuşatıcı 3 L,"₺120,00"
Çiçeğim Sensitive Yumuşatıcı 3 L,"₺120,00"
Çiçeğim Gül Yumuşatıcı 3 L,"₺120,00"
Persil Sık Yıkananlar Sıvı Deterjan 2470 ml,"₺159,00"
Perwoll Hızlı Yıkama Sıvı Deterjan 2 L,"₺190,00"
Yumoş Tüm Renkliler Sıvı Çamaşır Deterjanı 1690 ml,"₺119,50"
Omo Express Fresh Beyazlar Sıvı Deterjan 1480 ml,"₺189,00"
Vernel Konsantre Yumuşatıcı Sensitive 1440 ml,"₺199,90"
Vernel Lavanta Konsantre Yumuşatıcı 1440 ml,"₺199,90"
"Alo Beyaz&Renkli Toz Deterjan 1,5 Kg","₺115,00"
Vanish Kosla Konsantre Leke Çıkarıcı 200 ml,"₺239,00"
ABC Frezya Yumuşatıcı 5 L,"₺119,00"
ABC Toz Deterjan 3 KG Beyazlar & Renkliler,"₺79,50"
Vernel Konsantre Yumuşatıcı Gül 1440 ml,"₺199,90"
Bref Power Aktiv Klozet Blok 3'lü,"₺179,00"
Hyper Active Lavabo Açıcı Jel 750 G,"₺42,50"
Asperox Sarı Güç Ultra Yağ Sökücü Sprey 1 L,"₺99,00"
Asperox Mavi Güç Ultra Kireç ve Pas Sökücü Sprey 1 L,"₺99,00"
Çiçeğim Cam Temizleyici 1 L,"₺50,00"
Cif Power&Shine Mutfak veya Banyo Temizleyici Sprey+Serum 750 Ml,"₺89,75"
Çiçeğim Lavabo Açıcı 3x70 G,"₺44,00"
Cif Banyo&Mutfak Krem Temizleyici 2x750 Ml,"₺109,00"
Cif Banyo&Mutfak Krem Temizleyici 750+750 Ml,"₺95,00"
Cif Krem 2x750 ml + Domestos Ultra Çamaşır Suyu 750 ml,"₺199,00"
Çiçeğim Narlı Banyo&Mutfak Krem Temizleyici 750 Ml,"₺27,00"
Çiçeğim Portakallı Banyo&Mutfak Krem Temizleyici 750 Ml,"₺27,00"
"Cif Banyo&Mutfak Krem Temizleyici 1,5 L","₺48,00"
Sır Fırın Ocak Temizleme Köpüğü 500 ml,"₺75,00"
Cif Ultra Anında Etki Kir ve Yağ Çözücü Sprey 1025 ml,"₺90,00"
Fairy Power Sprey 500 ml,"₺144,00"
Por-Çöz Fırın ve Ocak Temizleyici Sprey 750 Ml,"₺39,75"
Doa Arap Sabunu 1 L,"₺39,00"
Asperox Sarı&Mavi Güç Genel Amaçlı Temizleyici 1+1,"₺139,00"
"Doa Hanımeli Yüzey Temizleyici 2,5 L","₺49,00"
"Doa Pudralı Yüzey Temizleyici 2,5 L","₺49,00"
Hypo Gider Açıcı Çamaşır Suyu 750 G,"₺35,00"
Cif Mutfak Temizleme Spreyi+Serum 750 Ml,"₺89,75"
Alley Genel Amaçlı Sıvı Temizlik 5 L,"₺115,00"
HighGenic Sirkelim Silikonlu Yüzey Temizleyici 1 L,"₺69,00"
Porçöz Pas ve Kireç Çözücü 1 L,"₺109,90"
Viking Premium Mutfak Temizlik Spreyi 1 L,"₺17,70"
Viking Premium Sprey Banyo Temizleyici 1 L,"₺17,70"
Viking Premium Çok Amaçlı Sprey 750 Ml,"₺45,00"
Viking Premium Mutfak Spreyi 750 Ml,"₺34,50"
Viking Premium Banyo Spreyi 750 Ml,"₺34,50"
Highgenic Fırın & Ocak Köpük Temizleyici 500 ml,"₺49,00"
Sır Asprins Çok Amaçlı Sprey Temizleyici 750 ml,"₺45,00"
Biotol Yağ Çözücü Sprey 1 L,"₺39,00"
Çiçeğim Kireç Çözücü 1000 Ml,"₺54,50"
Çiçeğim Yağ Çözücü Sprey 750 Ml,"₺39,00"
Çiçeğim Limonlu Yağ Çözücü Sprey 750 Ml,"₺39,00"
Asperox Sarı Güç&Yüzey Temizleyici 1+1 L,"₺119,00"
Çiçeğim Silikonlu Yüzey Temizleyici 1 L,"₺65,00"
Çiçeğim Sirkeli Yüzey Temizleyici 750 Ml,"₺25,00"
Porçöz Yağ Çözücü 2000 Ml,"₺49,75"
Çiçeğim Amonyaklı Krem Temizleyici 750 Ml,"₺64,50"
Çiçeğim Limonlu Krem Temizleyici 750 Ml,"₺64,50"
Cif Gold Banyo&Mutfak Krem Temizleyici 750 Ml,"₺57,50"
Çiçeğim Banyo ve Mutfak Krem Temizleyici 750 Ml,"₺64,50"
Çiçeğim Çiçek Bahçesi Banyo & Mutfak Jel Temizleyici 750 ml,"₺39,50"
"Çiçeğim Yüzey Temizleyici 1,5 L","₺55,00"
"Çiçeğim Yüzey Temizleyici 1,5 L","₺40,75"
Çiçeğim Lavanta Yüzey Temizleyici 4 L,"₺95,00"
"Bingo Ferah Evim Yüzey Temizleyici 2,5 L","₺94,75"
Çiçeğim Gül Yüzey Temizleyici 4 L,"₺95,00"
"Bingo Pembe Düşler Yüzey Temizleyici 2,5 L","₺109,00"
"Simpak Çam Yüzey Temizleyici 2,5 L","₺29,90"
"Simpak Maria Yüzey Temizleyici 2,5 L","₺29,90"
"ABC Yüzey Temizleyici 2,5 L","₺54,00"
"Bingo Mutlu Yuvam Yüzey Temizleyici 2,5 L","₺94,75"
Dixi Bref Gül Yüzey Temizleyici 5 L,"₺92,50"
Dixi Yabangülü Yüzey Temizleyici 5 L,"₺71,50"
"Asperox Gün Işığı Yüzey Temizleyici 2,5 L","₺99,00"
"HighGenic Pembe Aşk Yüzey Temizleyici 2,5 L","₺59,00"
"HighGenic Beyaz Sabun Yüzey Temizleyici 2,5 L","₺59,00"
"Asperox Aşk Masalı Yüzey Temizleyici 2,5 L","₺109,00"
Viking Fresh Yüzey Temizleyici 4 L,"₺59,00"
"Asperox Bahar Esintisi Yüzey Temizleyici 2,5 L","₺99,00"
"Çiçeğim Lavanta Yüzey Temizleyici 1,5 L","₺55,00"
Viking Floral Yüzey Temizleyici 4 L,"₺59,00"
"Çiçeğim Gül Yüzey Temizleyici 1,5 L","₺55,00"
"Asperox Temizliğin Kokusu Yüzey Temizleyici 2,5 L","₺99,00"
Domestos Klozet Blok 3'lü Çam Ormanı,"₺95,00"
Çiçeğim Bahar Esintisi Banyo & Mutfak Jel Temizleyici 750 ml,"₺39,50"
"Viking Gül ve Sardunya Yüzey Temizleyici 2,5 L","₺65,00"
Klorak Sprey Duşakabin Temizleyici 750 Ml,"₺65,00"
"Viking Yasemin ve Vanilya Yüzey Temizleyici 2,5 L","₺65,00"
Bref Okyanus Kokulu Jel Klozet Blok 2'li,"₺42,75"
"Fakir Ahşap Temizleyici 2,5 L","₺72,50"
Narsprin Genel Amaçlı Temizlik Sıvısı 5 L,"₺149,00"
Bref Power Aktiv Klozet Bloğu,"₺52,90"
Bref Power Aktiv Klozet Blok 2'li,"₺99,90"
Bref Power Aktiv Klozet Blok 4'lü,"₺119,00"
Miss Arap Sabunu 1 L,"₺52,50"
Bref Power Aktiv Klozet Bloğu 2'li,"₺49,90"
Bionet Rezervuar Blok 2x50 G,"₺50,50"
Bref Perfume Switch Klozet Bloğu 2'li,"₺17,20"
HighGenic Leke Çıkarıcı Sprey 1 L,"₺52,50"
Q Clean Tuz Ruhu 2 Kg,"₺65,00"
Vip Ahmet Temizlik Seti Mop+ Yüzey Temizleme Mendili 50'li,"₺279,00"
Sleepy Yüzey Temizleme Havlusu Doğal Aloe Vera Özü 100'lü,"₺100,00"
Sleepy Yüzey Temizlik Havlusu Lavanta 100'lü,"₺100,00"
Sleepy Yüzey Temizlik Havlusu Doğal Limon Yağı 100'lü,"₺100,00"
Sleepy Beyaz Sabun Katkılı Yüzey Temizlik Havlusu 100'lü,"₺99,75"
Sleepy Çamaşır Suyu Katkılı Yüzey Temizlik Havlusu 100'lü,"₺99,75"
Logi Limon Kokulu Yüzey Temizleme Havlusu 100'lü,"₺60,00"
Sleepy Kireç Sökücü Yüzey Temizleme Havlusu 30'lu,"₺85,00"
Sleepy Yağ Çözücü Yüzey Temizleme Havlusu 30'lu,"₺85,00"
Mr. Oxy Lavantalı Yüzey Temizleme Havlusu 100'lü,"₺75,00"
Mr. Oxy Sabunlu Yüzey Temizleme Havlusu 100'lü,"₺75,00"
Turco Çam Yüzey Temizleme Havlusu 100'lü,"₺55,00"
Sleepy Mop Yüzey Temizleme Havlusu XL 50'li,"₺109,00"
Sleepy Arap Sabunlu Mop Yüzey Temizleme Havlusu XL 50'li,"₺109,00"
Sleepy Çamlı Mop Yüzey Temizleme Havlusu XL 50'li,"₺109,00"
Sleepy Lilyum Buketi Yüzey Temizlik Havlusu 100'lü,"₺99,75"
Sleepy Orkide Bahçesi Yüzey Temizlik Havlusu 100'lü,"₺99,75"
Sleepy Kiraz Çiçeği Yüzey Temizlik Havlusu 100'lü,"₺99,75"
Turco Lavanta Yüzey Temizleme Havlusu 100'lü,"₺55,00"
Solo Yaseminli Yüzey Temizleme Havlusu 100'lü,"₺89,00"
Clean&Fun Yüzey Temizleme Havlusu 100'lü,"₺95,00"
Pass Pırıl Pırıl Mucize Köpük Temizleyici 500 ml,"₺89,50"
Pass Pırıl Pırıl Mucize Temizleme Pastası 500 G,"₺69,50"
Dory Tüy Toplama Rulosu 60 Yaprak,"₺34,50"
Bingo Lovely Yüzey Temizleme Havlusu 96'lı,"₺79,00"
Bingo Ferah Evim Yüzey Temizleme Havlusu 96'lı,"₺79,00"
Bingo Mutlu Yuvam Yüzey Temizleme Havlusu 96'lı,"₺79,00"
Turco Lotus Yüzey Temizleme Havlusu 100'lü,"₺55,00"
Sleepy Yüzey Temizlik Havlusu Şakayık 100'lü,"₺100,00"
Logi Beyaz Sabun & Okaliptus Yüzey Temizleme Havlusu 100'lü,"₺60,00"
Fairy Yasemin Çiçeği Yüzey Temizlik Havlusu 100'lü,"₺89,50"
Fairy Limon Yüzey Temizlik Havlusu 100'lü,"₺99,00"
Turco Limon Yüzey Temizleme Havlusu 100'lü,"₺55,00"
Bingo Yüzey Temizlik Havlusu Beyaz Sabun 96'lı,"₺120,00"
Bingo Yüzey Temizlik Havlusu Lavanta 96'lı,"₺120,00"
Fairy Yüzey Temizleme Havlusu 100'lü,"₺99,50"
Sleepy Yüzey Temizlik Havlusu Yasemin 100'lü,"₺100,00"
Logi Islak Havlu 50'li,"₺12,50"
Cif Ultra Anında Etki Kireç ve Pas Çözücü Sprey 1 L,"₺89,00"
Pronto Mobilya Spreyi 300 ml,"₺99,50"
Miss Arap Sabunu Sprey 750 ml,"₺49,00"
Fakir Parkett Ahşap Yüzey Temizleyici  1 L,"₺65,00"
Fakir Çok Amaçlı Temizleyici Beyaz Sabun Mucizesi 1 L,"₺65,00"
"Asperox Okyanus Maviliği Yüzey Temizleyici 2,5 L","₺94,75"
"Asperox Doğaya Kaçış Yüzey Temizleyici 2,5 L","₺94,75"
All Natura WC Temizleyici 750 ml,"₺75,00"
All Natura Banyo Spreyi 750 ml,"₺69,00"
All Natura Çok Amaçlı Temizleyici 750 ml,"₺75,00"
All Natura Mutfak Spreyi 750 ml,"₺69,00"
Domestos Ultra Beyaz Çamaşır Suyu 1850 ml,"₺155,00"
Cokhosh Çok Amaçlı Temizleyici Sprey 700 ml,"₺64,50"
Cif Ultra Anında Etki Kir ve Yağ Çözücü Sprey Sakura Parfümlü 1025 ml,"₺90,00"
Cillit Bang Lavabo Açıcı Jel 1 L,"₺75,00"
Bingo Tek Fısta Sprey Kireç Çözücü Temizleyici 900 ml,"₺65,00"
Bingo Tek Fısta Sprey Yağ Çözücü Temizleyici 900 ml,"₺65,00"
Asperox Sarı Güç & Mavi Güç Sprey Temizleyici 650 ml + 650 ml,"₺165,00"
Domestos Banyo & Mutfak Köpük Gücü 450 ml,"₺109,90"
Hypo Lavabo Açıcı Jel 560 ml,"₺40,00"
Miss Banyo Temizleyici Sprey 750 ml,"₺49,50"
ABC Ultra Çamaşır Suyu 1850 ml,"₺69,50"
Miss Derz Temizleyici Sprey 750 ml,"₺49,50"
Miss Yağ Çözücü Sprey 750 ml,"₺49,50"
Miss Mutfak Temizleyici Sprey 750 ml,"₺49,50"
Raid Elektro Mat Tablet 20 Gece,"₺229,95"
Raid Elektro Likit 30 Gece 21 ml,"₺319,90"
Raid Elektro Isıtıcı + 10 Mat Tablet,"₺289,95"
Raid Yedek Şişe Elektrolikit 45 Gece,"₺329,95"
Raid Sineksavar Aerosol 300 ml,"₺183,95"
Off! Sinek Kovar Sprey 100 ml,"₺199,95"
Raid Böceksavar İlacı 300 ml,"₺279,95"
Raıd Böcek Yemi,"₺91,50"
Raid Karınca Yemi,"₺91,50"
Spon Büyük Boy Çöp Torbası 20'li,"₺65,00"
Spon Jumbo Boy Çöp Torbası 10'lu,"₺129,00"
Spon Orta Boy Çöp Torbası 30'lu,"₺53,50"
Spon Mini Çöp Torbası 40'lı,"₺46,00"
Clean&Fun Temizlik Bezi 5'li,"₺34,50"
Sufy Mercan Polar Mikrofiber Bez 30x30 2'li,"₺49,50"
Clean&Fun Mikrofiber Temizlik Bezi 10'lu,"₺152,50"
Clean&Fun Mikrofiber Temizlik Bezi 3'lü 30x30 Cm,"₺55,00"
Clean&Fun Cam Bezi 2'li 30x40,"₺37,50"
Clean&Fun Desenli Mikrofiber Temizlik Bezi 3'lü 40x40,"₺80,00"
Clean&Fun Mikrofiber Temizlik Bezi 5'li,"₺115,00"
Clean&Fun Mikrofiber Temizlik Bezi 30x30 Cm 3'lü,"₺55,00"
Clean&Fun Cam Bezi 30x40 3'lü,"₺29,90"
Clean&Fun Mikrofiber Temizlik Bezi 5'li,"₺115,00"
Scotch Brite Sünger Bez 3'lü,"₺11,00"
Clean&Fun Cam Bezi 2'li 30x40,"₺37,50"
Vip Mop Temizlik Kova Seti,"₺569,00"
Vip Ahmet Yedek Bez 2'li,"₺109,00"
Parex Cam Sileceği Teleskopik Saplı,"₺26,95"
Clean&Fun Pratik Mop,"₺19,95"
Clean&Fun Deterjan Hazneli Cam Temizleyici,"₺89,75"
Kiwi KSC 4215 Buharlı Temizleyici Mop,"₺1.799,00"
Meltblownlu Çocuk Maskesi 10'lu,"₺2,90"
Sera Orta Boy Büzgülü Çöp Torbası 15'li,"₺49,50"
Koroplast Dolap İçi Çöp Torbası 10'lu,"₺14,15"
Koroplast Orta Boy Çöp Torbası 40'lı,"₺39,50"
Koroplast Lavanta Kokulu Banyo Çöp Torbası,"₺15,20"
Vip Junior Mop Temizlik Kova Seti,"₺399,00"
Macromax Clean&Crystal Sprey Mop,"₺199,00"
Koroplast Banyo Islak Havlu 30'lu,"₺29,75"
Clean & Fun Mercan Polar Mikrofiber Bez 30x30 2'li,"₺49,50"
Asterion Mikrofilament Temizleme Bezi 4'lü,"₺19,95"
Acord Perforeli Temizlik Bezi 20 Yaprak,"₺18,95"
Parex Bulaşık Altlığı 30x46 Cm,"₺15,25"
Clean&Fun Desenli Mikrofiber Temizleme Bezi 3'lü,"₺23,90"
Sufy Kendinden Sıkmalı Mop,"₺209,00"
Parex Windy Sprey Deterjan Hazneli Mop,"₺202,35"
VIP Ahmet Kova Twister Temiz Su Set,"₺699,00"
Macromax Pratik Desenli Temizlik Bezi 10’lu,"₺29,90"
Koroplast Mikrofiber Temizlik Bezi 2'li 30x30 Cm,"₺20,25"
Macromax Multi Yedek Mop,"₺99,50"
Macromax Clean & Wonder Sprey Mop,"₺249,00"
Macromax Temizlik Seti 13 L,"₺249,00"
Cif Sakura & Ultra Anında Etki Kir ve Yağ Sökücü Sprey 2x750 ml,"₺174,50"
Parex Eco Mikrofiber Temizlik Bezi 3'lü,"₺49,50"
Clean & Fun Cam Bezi 2'li 30x40,"₺37,50"
Porçöz Leke Çıkarıcı Sprey 750 ml,"₺72,50"
Airwick Elektrikli Oda Kokusu Kit Temizliğin Esintisi 19 ml,"₺239,00"
Airwick Stick Ups Jel Oda Kokusu Lavanta 2x30 G,"₺109,50"
Elseve Total Repair Şampuan 285 ml,"₺149,00"
Elseve Dream Long Şampuan 285 ml,"₺149,00"
Elseve Color Vive Şampuan 285 ml,"₺149,00"
Elseve Arginine Şampuan 285 ml,"₺149,00"
Elseve Oil Şampuan 285 ml,"₺149,00"
Bioblas Keratin & Biotin Onarıcı Bakım Şampuanı 900 ml,"₺329,00"
Bioblas Argan & Badem Yağı Besleyici Bakım Şampuanı 900 ml,"₺329,00"
Bioblas Kepeğe Karşı Çinko & Kafein Şampuan 900 ml,"₺329,00"
Elseve Arginine Şampuan 450 ml,"₺149,00"
Bioblas Sarımsak Şampuanı 1000 ml,"₺149,90"
Bioblas Argan Şampuanı 1000 ml,"₺149,90"
Gliss Oil Nutritive Besleyici Şampuan 400 ml,"₺89,00"
Gliss Ultimate Repair Güçlendirici Şampuan 400 ml,"₺89,00"
Head & Shoulders Kadınlara Özel Dökülme Karşıtı Şampuan 330 ml,"₺199,00"
Head & Shoulders 2 In 1 Klasik Şampuan 330 ml,"₺199,00"
Head & Shoulders Dökülme Karşıtı Şampuan 330 ml,"₺199,00"
Head & Shoulders 2 In 1 Mentol Şampuan 330 ml,"₺199,00"
Head&Shoulders Supreme Şampuan 300 Ml,"₺109,00"
Head&Shoulders Old Spice Şampuan 300 Ml,"₺109,00"
Elidor Kepek Karşıtı Şampuan 400 ml,"₺199,00"
Clear Erling Haaland Şampuan 350 Ml,"₺105,00"
Elidor Dökülme Karşıtı Şampuan 400 ml,"₺199,00"
Elidor Onarıcı Şampuan 400 ml,"₺199,00"
Elidor Güçlü Parlak Şampuan 400 ml,"₺199,00"
Clear Men Saç Dökülmesine Karşı Etkili Şampuan 350 ml,"₺229,00"
Clear Men Cool Sport Menthol Şampuan 350 ml,"₺229,00"
Clear Kadın Dökülme Karşıtı Şampuan 350 ml,"₺199,00"
Clear Yumuşak Ve Parlak Kiraz Çiçeği Şampuan 350 ml,"₺199,00"
Duru Dökülmeye Karşı Şampuan 500 Ml,"₺64,90"
Clear Ultra Hydro Boost Vini Jr. Şampuan 350 ml,"₺139,00"
Blendax Yasemin Özlü Şampuan 500 ml,"₺149,00"
Blendax Isırgan Özlü Şampuan 500 ml,"₺149,00"
Blendax Limon Özlü Şampuan 500 ml,"₺149,00"
Elidor Anında Onarıcı Şampuan 650 ml,"₺149,00"
Elidor Güçlü ve Parlak Şampuan 650 ml,"₺149,00"
İpek Normal Saçlar İçin Şampuan 480 Ml,"₺65,90"
İpek Saç Kremi 480 Ml,"₺99,50"
İpek Koparak Dökülen Saçlar İçin Şampuan 480 Ml,"₺65,90"
Dove Yoğun Onarıcı Şampuan 350 ml,"₺159,00"
Duru Kepeğe Karşı Etkili Şampuan 500 Ml,"₺64,90"
Duru Kuru ve Normal Saçlar Şampuan 500 Ml,"₺64,90"
İpek Yıpranmış Saçlar İçin Şampuan 480 Ml,"₺65,90"
Hobby Kepeğe Karşı Şampuan 500 ml,"₺69,50"
Hobby Normal Saçlar İçin Şampuan 500 ml,"₺69,50"
Elseve Hydra Şampuan 360 Ml,"₺99,50"
Restorex Saç Dökülmesine Karşı Pompalı Şampuan 1000 Ml,"₺129,00"
Restorex Kuru ve Yıpranmış Saçlar için Pompalı Şampuan 1000 Ml,"₺129,00"
Blendax Mentollü Şampuan 500 Ml,"₺133,00"
Elseve Mucizevi Yağ Saç Kremi 150 ml,"₺329,00"
Elidor Saç Dökülmelerine Karşı Saç Kremi 350 Ml,"₺199,00"
Taft Ultimate Saç Spreyi 250 ml,"₺347,90"
Taft Power Cashmere Saç Spreyi 250 ml,"₺347,90"
Restorex Kolajen Saç Kremi 250 Ml,"₺99,50"
Restorex Saç Kremi 200 Ml,"₺99,50"
Restorex Speed Strong Saç Kremi 250 Ml,"₺99,50"
Elidor 7/24 Saç Kremi 240 ml,"₺149,50"
Elseve Dream Long Saç Bakım Yağı 100 Ml,"₺119,00"
Morfose Milk Therapy Fön Suyu 240 Ml,"₺129,90"
Palette Blonde Saç Açıcı Sprey 150 Ml,"₺199,00"
Taft Curl Extra Saç Köpüğü 150 ml,"₺347,90"
Mara Saç Sabitleme Jeli,"₺99,50"
Palette Göz Alıcı Renkler Kumral Saç Boyası 7-0,"₺167,00"
Palette Göz Alıcı Renkler Yoğun Kızıl Saç Boyası 6-88,"₺167,00"
Palette Göz Alıcı Renkler Kestane Saç Boyası 5-68,"₺167,00"
Palette Göz Alıcı Renkler Küllü Kumral Saç Boyası 7-1,"₺167,00"
Palette Göz Alıcı Renkler Açık Sarı Saç Boyası 10-1,"₺167,00"
Palette Göz Alıcı Renkler Siyah Saç Boyası 1-0,"₺167,00"
Palette Göz Alıcı Renkler Çikolata Kahve Saç Boyası 3-65,"₺167,00"
Palette Basic Gümüş Sarı Saç Boyası 12-21,"₺146,50"
Palette Göz Alıcı Renkler Yoğun Bakır Saç Boyası 7-77,"₺167,00"
Palette Göz Alıcı Renkler Koyu Kahve Saç Boyası 3-0,"₺167,00"
Palette Göz Alıcı Renkler Koyu Sarı Saç Boyası 8-0,"₺167,00"
Garnier Color Naturals Sultan Bakırı Saç Boyası 7.4,"₺79,00"
Hekimce Baharat Hindistan Cevizi Yağı 150 G,"₺79,50"
Palette Deluxe Gece Mavisi Saç Boyası 1-1,"₺219,00"
Palette Deluxe Çikolata Kahve Saç Boyası 3-65,"₺219,00"
Palette Deluxe Yoğun Bakır Saç Boyası 7-77,"₺219,00"
Palette Deluxe Küllü Sarı Saç Boyası 10-1,"₺219,00"
Agiva Milk Protein Kremsi Saç Bakım Köpüğü 200 ml,"₺129,50"
Agiva Milk Protein Çift Fazlı Fön Suyu 250 ml,"₺99,50"
Agiva Milk Protein Şekillendirici Saç Spreyi 200 ml,"₺129,50"
Clear Men Ultra Hacim Şampuan Kenan 350 ml,"₺139,00"
L'Oreal Paris Elseve Hydra Saç Kremi 250 ml,"₺139,00"
Duru Güçlü ve Parlak Şampuan 400 ml,"₺119,90"
Duru Yoğun Onarım Şampuan 400 ml,"₺119,90"
Daily Perfection Saç Bakım Yağı Argan & E Vitamini 100 ml,"₺149,50"
Pantene Isıyla Aktifleşen Nem Takviyesi Saç Kremi 135 ml,"₺399,00"
Pantene Nem Takviyesi Şampuan 400 ml,"₺199,00"
Pantene Nem Takviyesi Saç Kremi 275 ml,"₺183,00"
Morfose Keratin Saç Maskesi 25 ml,"₺18,50"
Morfose Milk Therapy Kremsi Saç Maskesi 25 ml,"₺18,50"
Clear Men Hızlı Stil 2'si 1 Arada Şampuan 350 ml,"₺229,00"
Clear Men Kepeğe Karşı Etkili Şampuan 350 ml,"₺229,00"
Bioblas Güçlendirici Biberiye & Biotin Şampuan 900 ml,"₺329,00"
Bioblas Nemlendirici Keratin & Hyaluronik Asit Şampuan 900 ml,"₺329,00"
Head & Shoulders DermaXpro Şampuan 300 ml,"₺129,00"
Bioblas Dolgunlaştırıcı Kolajen & Pantenol Şampuan 900 ml,"₺329,00"
İpek Zayıf ve Dökülen Saçlar İçin Şampuan 480 ml,"₺99,50"
İpek Normal Saçlar İçin Şampuan 480 ml,"₺99,50"
İpek Kuru ve Yıpranmış Saçlar İçin Şampuan 480 ml,"₺99,50"
Duru Nem Bombası Şampuan Tüm Saçlar 600 ml,"₺179,00"
Duru Nem Bombası Şampuan Yıpranmış Saçlar 600 ml,"₺179,00"
Duru Nem Bombası Şampuan Kepekli Saçlar 600 ml,"₺179,00"
Sebamed Şampuan Kepeğe Karşı 400 ml,"₺399,00"
Sebamed Şampuan Saç Dökülmesine Karşı 400 ml,"₺399,00"
Morfose Supreme Çift Bazlı Fön Suyu 240 ml,"₺179,50"
Morfose Supreme Saç Köpüğü 200 ml,"₺179,50"
L'Oreal Paris Elseve Hydra Şampuan 300 ml,"₺139,00"
Dove Dökülme Karşıtı Şampuan 350 ml,"₺159,00"
Dove Güçlendirici Bakım Şampuan 350 ml,"₺159,00"
Gliss Full Hair Dökülme Karşıtı Şampuan 400 ml,"₺89,00"
Gliss Full Hair Saç Maskesi 400 ml,"₺195,00"
Gliss Full Hair Saç Serumu 100 ml,"₺125,00"
Gliss Full Hair Sıvı Saç Kremi 200 ml,"₺125,00"
Morfose Milk Therapy Saç Köpüğü 200 Ml,"₺139,00"
Pantene Güç & Parlaklık Şampuan 400 ml,"₺199,00"
Pantene Onarıcı & Koruma Şampuan 400 ml,"₺199,00"
Pantene Kepek Karşıtı Şampuan 400 ml,"₺199,00"
Pantene Dökülme Karşıtı Şampuan 400 ml,"₺199,00"
Hobby Islak Görünüm Saç Jölesi 250 ml,"₺99,50"
Klar Love Bomb Duş Jeli 500 ml,"₺69,50"
Klar My Aura Duş Jeli 500 ml,"₺69,50"
Logi Zeytinyağlı Sıvı Sabun 4 L,"₺94,50"
Logi Mango & Kavun Sıvı Sabun 4 L,"₺94,50"
Logi Gül Bahçesi Sıvı Sabun 4 L,"₺94,50"
Logi Okyanus Esintisi Sıvı Sabun 4 L,"₺94,50"
Logi Mango & Kavun Sıvı Sabun 750 ml,"₺32,50"
Logi Zeytinyağlı Sıvı Sabun 750 ml,"₺32,50"
Logi Okyanus Esintisi Sıvı Sabun 750 ml,"₺32,50"
Logi Gül Bahçesi Sıvı Sabun 750 ml,"₺32,50"
Aqualin Zeytinyağlı Sıvı Sabun 750 Ml,"₺48,00"
Aqualin Vanilya Sıvı Sabun 750 Ml,"₺48,00"
Aqualin Manolya Sıvı Sabun 750 Ml,"₺48,00"
Komili Zeytin Çiçeği Sıvı Sabun 4 L,"₺85,00"
Komili Gül Bahçesi Sıvı Sabun 4 L,"₺85,00"
Aqualin Zeytinyağlı Sıvı Sabun 2000 Ml,"₺85,00"
Aqualin Vanilya Sıvı Sabun 2000 Ml,"₺85,00"
Aqualin Manolya Sıvı Sabun 2000 Ml,"₺85,00"
Peros Aqua & Sea Breze Sıvı Sabun 3 Kg,"₺157,50"
Peros Amber & Rose Sıvı Sabun 3 Kg,"₺157,50"
Peros Zeytinyağlı Bergamotlu Sıvı Sabun 3 Kg,"₺119,00"
Duru Okyanus Sıvı Sabun 3 L,"₺299,00"
Duru Değerli Çiçek Bahçesi Sıvı Sabun 3 L,"₺299,00"
Max Rosa Zeytinyağlı Sıvı Sabun 4 L,"₺79,00"
Max Rosa Lavantalı Sıvı Sabun 4 L,"₺79,00"
Duru Zeytinyağı Özlü Sıvı Sabun 3 L,"₺299,00"
Aqualin Manolyalı Sıvı Sabun 2000 Ml,"₺85,00"
Aqualin Zeytinyağlı Sıvı Sabun 2000 Ml,"₺85,00"
Aqualin Vanilyalı Sıvı Sabun 2000 Ml,"₺85,00"
Dalan Family Zeytin Mucizesi Sıvı Sabun 3 L,"₺99,50"
Activex Antibakteriyel Sıvı Sabun 1 L,"₺89,50"
Aqualin Zeytinyağlı Köpük Sabun 400 ml,"₺45,00"
Aqualin Manolya Köpük Sabun 400 ml,"₺45,00"
Aqualin Manolya Sıvı Sabun 750 Ml,"₺48,00"
Aqualin Zeytinyağlı Sıvı Sabun 750 Ml,"₺48,00"
Aqualin Amethyst Köpük Sabun 400 Ml,"₺39,00"
Aqualin Emerald Köpük Sabun 400 Ml,"₺39,00"
Aqualin Ruby Köpük Sabun 400 Ml,"₺39,00"
Aqualin Vanilya Sıvı Sabun 750 Ml,"₺48,00"
Aqualin Beyaz Sabun Köpük Sabun 400 ml,"₺45,00"
Aqualin Manolya Sıvı Sabun 750 Ml,"₺34,00"
Aqualin Zeytinyağlı Sıvı Sabun 750 Ml,"₺34,00"
Aqualin Vanilya Sıvı Sabun 750 Ml,"₺34,00"
Duru Hydro Pure Sabun 2x135 G,"₺74,90"
Duru Türk Hamamı Banyo Sabunu 4x200 G,"₺135,00"
Dalan Sultan Hamamı Klasik Banyo Sabunu 4x200 G,"₺142,00"
Dalan Zeytinyağlı Banyo Sabunu 4x175 G,"₺115,00"
Duru Okyanus Tazeliği Duş Sabunu 4x150 G,"₺174,00"
Duru Zeytinyağı Özlü Duş Sabunu 4x150 G,"₺174,00"
Duru Lüks Parfüm Lotus Duş Jeli 650 ml,"₺299,00"
Aqualin Banyo Sabunu 4x200 G,"₺109,00"
Duru Lüks Parfüm Orkide Özleri Duş Jeli 650 ml,"₺299,00"
Aqualin Zeytinyağlı Sabun Banyo  4x175 G,"₺109,00"
Duru Micellar Duş Jeli 650 Ml,"₺229,00"
Duru Okyanus Duş Jeli 650 Ml,"₺229,00"
Axe Duş Jeli 250 ml,"₺79,00"
Fax Zeytinyağlı Güzellik Sabunu 5x70 G,"₺85,00"
Fax Klasik Güzellik Sabunu 5x70 G,"₺85,00"
Fax Lavanta Güzellik Sabunu 5x70 G,"₺85,00"
Dove Sıvı Sabun 450 Ml,"₺154,50"
Fax Ayvalık Zeytin Bahçesi Katı Banyo Sabunu 4x150 G,"₺75,00"
Fax Klasik Saf Katı Banyo Sabunu 4x150 G,"₺75,00"
Duru Body Scrub Duş Jeli Gold 650 ml,"₺349,00"
Duru Body Scrub Duş Jeli Pink Delight 650 ml,"₺349,00"
Dove Sugar Cookie Duş Köpüğü 200 ml,"₺169,00"
Dove Sugar Cookie Sıvı Sabun 450 ml,"₺109,00"
Dove Sugar Cookie Duş Jeli 450 ml,"₺169,00"
Dalan Zeytinyağlı Banyo Sabunu 4x200 G,"₺142,00"
Pereja Sıvı Sabun Pudra 500 Ml,"₺69,50"
Pereja Sıvı Sabun Gizemli Misk 500 Ml,"₺69,50"
Pereja Sıvı Sabun Portakal 500 Ml,"₺69,50"
Dalan D'Olive Sıvı Sabun 750 ml,"₺79,50"
Balmy Doğal Kabak Lifli Sabun 125 G,"₺149,50"
Palmolive Relaxed Duş Jeli 750 ml,"₺279,00"
Duru Floral Sensation Mor Buket Duş Jeli 650 ml,"₺170,00"
Palmolive Energy Duş Jeli 750 ml,"₺279,00"
Palmolive Massage Duş Jeli 750 ml,"₺279,00"
Duru Floral Sensation Turkuaz Buket Duş Jeli 650 ml,"₺170,00"
Peros Bal Pamuk Çiçeği Sıvı Sabun 3 Kg,"₺157,50"
Palmolive Glow Duş Jeli 750 ml,"₺279,00"
Peros Lavanta & Neroli Çiçeği Sıvı Sabun 3 Kg,"₺157,50"
Duru Floral Sensation Kırmızı Buket Duş Jeli 650 ml,"₺170,00"
Head&Shoulders Erkekler İçin Dökülme Karşıtı Şampuan 330 ml,"₺134,00"
Head&Shoulders Men Ultra Spor Ferahlığı Şampuan 330 ml,"₺134,00"
Elidor Belirgin Bukleler Saç Kremi 350 ml,"₺119,50"
Elidor Belirgin Bukleler Şampuan 400 ml,"₺119,50"
Elidor Belirgin Bukleler Deniz Tuzu Etkili Sprey 190 ml,"₺169,50"
Duru Lüks Parfüm Jasmin Amber Duş Jeli 650 ml,"₺299,00"
Colgate Total Diş Macunu 150 ml,"₺99,90"
Signal Diş Fırçası Performance Black 1+1 Bedava,"₺99,00"
Colgate Superclean Black Diş Fırçası 1+1,"₺79,90"
Colgate Super Clean Black Diş Fırçası 2+1,"₺99,90"
Colgate White Teeth Diş Macunu 2x75 Ml,"₺79,90"
Signal Beyazlatıcı Sistem Diş Macunu 2x75 ml,"₺79,00"
Colgate Visible White Diş Macunu 2x75 ml,"₺79,50"
Colgate Çürüklere Karşı Koruma Diş Macunu 150 ml,"₺89,90"
Signal White System Diş Macunu 75 ml,"₺119,00"
Colgate Charcoal Diş Macunu 75 ml,"₺129,50"
Sensodyne Ekstra Ferah Diş Macunu 100 ml,"₺178,50"
Sensodyne Hassas Beyazlık Diş Macunu 75 ml,"₺215,00"
Colgate Max White Kalıcı Beyazlık Diş Macunu 75 ml,"₺147,00"
Colgate Total Advanced White Diş Macunu 50 ml,"₺59,00"
Parodontax Diş Macunu 50 Ml,"₺116,50"
Sensodyne Naneli Diş Macunu 100 Ml,"₺178,50"
Oral-B Diş Eti Bakımı Diş Macunu 65 Ml,"₺109,90"
Colgate Anticavity Çocuk Diş Macunu 50 ml,"₺95,00"
Colgate Max Beyazlık Diş Macunu 50 ml,"₺85,00"
Colgate Max White Kahve Çay ve Tütün Kullananlar İçin Diş Macunu 75 ml,"₺147,00"
Paradontax Diş Macunu 75 Ml+Sensodyne Diş Fırçası,"₺149,00"
Oral-B Pro-3D White Advanced Diş Macunu 75 Ml,"₺129,90"
Signal Çürüklere Karşı Diş Macunu 100 ml,"₺59,50"
Oral-B Easy Clean Diş Fırçası D16,"₺899,00"
Colgate Extra Clean Diş Fırçası 2+1,"₺149,50"
Colgate Fresh 360 Diş Fırçası 1+1,"₺79,50"
Sensodyne Derin Temizlik Diş Fırçası 1+1,"₺185,00"
Listerine Cool Mint Hafif Tat Ağız Bakım Suyu 250 ml,"₺150,00"
Colgate Üçlü Etki Ağız Bakım Suyu 500 ml,"₺160,00"
Mis İp Kürdanlı Diş İpi 50'li,"₺47,50"
Kiwi KTB-6506 Diş Fırçası Başlık Seti 6'lı,"₺179,00"
Difaş Lisanslı Çocuk Diş Fırçası,"₺79,50"
Signal White Now Color Correct Diş Macunu 75 ml,"₺99,00"
Sensodyne Ekstra Beyaz Diş Macunu 75 ml,"₺215,00"
Colgate Max White Ağız Bakım Suyu 500 ml,"₺199,50"
Colgate Max White Kahve Çay Kullananlar İçin Diş Macunu 75 ml+75 ml,"₺199,50"
Colgate Brilliant Diş Fırçası 1+1,"₺199,50"
Colgate Max White Beyaz Kalıcı Beyazlık Diş Macunu 75 ml+75 ml,"₺199,50"
Banat Kalpli Diş Fırçası 2'li,"₺69,50"
Colgate Ağız Bakım Suyu 500 ml,"₺99,50"
Sensodyne Diş Fırçası 1+1,"₺150,00"
Sensodyne Diş Macunu 75 ml,"₺150,00"
Listerine Cool Mint Ağız Bakım Suyu 250 ml,"₺150,00"
Colgate Sensitive Diş Macunu 2x75 ml,"₺79,90"
Signal White Now Diş Fırçası+Diş Macunu 50 ml,"₺149,50"
Signal White Now Extra Fresh Diş Macunu+Diş Fırçası 50 Ml,"₺149,50"
La Belle Ultra Gece Hijyenik Ped 28'li,"₺72,50"
La Belle Ultra Normal Hijyenik Ped 40'lı,"₺72,50"
Orkid Platinum Gece&Gündüz Hijyenik Ped 24'lü,"₺186,95"
Kotex Natural Gece Hijyenik Ped 14'lü,"₺169,00"
Molped Yoğun Koruma Günlük Hijyenik Ped 60'lı,"₺139,00"
Orkid Platinum Gece Hijyenik Ped 16'lı,"₺121,75"
Orkid Platinum Gece Extra Hijyenik Ped 10'lu,"₺81,00"
Molped Supernight Gece Hijyenik Ped 14'lü,"₺119,00"
Sleepy Bio Gece Hijyenik Ped 30'lu,"₺79,00"
Kotex Parfümsüz Hijyenik Günlük Ped 56'lı,"₺59,00"
Kotex Natural Normal Hijyenik Ped 20'li,"₺75,00"
Kotex Ultra Gece Hijyenik Ped 10'lu,"₺115,00"
Molped Light Günlük Ped 20'li,"₺24,75"
Orkid Platinum Gece Hijyenik Ped 10'lu,"₺81,00"
Orkid Platinum Uzun Hijyenik Ped 12'li,"₺81,00"
Orkid Platinum Normal Hijyenik Ped 14'lü,"₺81,00"
La Belle Hijyenik Kalın Ped 10'lu,"₺22,00"
Freshlife Large Emici Külot 14'lü,"₺189,00"
Kotex Ultra Uzun Hijyenik Ped 12'li,"₺115,00"
Kotex Ultra Normal Hijyenik Ped 12'li,"₺115,00"
Molped Ultra Gece Hijyenik Ped 7'li,"₺32,75"
Molped Ultra Normal Hijyenik Ped 10'lu,"₺32,75"
Molped Pure & Soft Ultra Gece Hijyenik Ped 6'lı,"₺34,75"
La Belle Ultra Gece Hijyenik Ped 14'lü,"₺44,50"
La Belle Ultra Normal Hijyenik Ped 20'li,"₺44,50"
Kotex Lightdays Günlük Ped 34'lü,"₺76,90"
Kotex Natural Gece Hijyenik Ped 10'lu,"₺128,00"
Kotex Gece Extra Uzun Hijyenik Ped 9'lu,"₺59,00"
Kotex Natural Normal Hijyenik Ped 12'li,"₺128,00"
Orkid Günlük Hijyenik Ped 28'li,"₺42,00"
Sleepy Natural Günlük Hijyenik Ped 40'lı,"₺26,00"
Sleepy Bio Naturel Premium Plus Gece Ekstra Hijyenik Ped 8'li,"₺35,00"
Kotex Ultra Hijyenik Ped Gece 22'li,"₺99,50"
La Belle Hijyenik Ped Uzun 18'li,"₺39,00"
Molped Slay Hijyenik Günlük Ped 30'lu,"₺49,00"
Molped Slay Hijyenik Ped Gece 16'lı,"₺85,00"
Molped Hijyen Max Günlük Hijyenik Ped 30'lu,"₺42,50"
Molped Hijyen Max Hijyenik Ped Gece 14'lü,"₺69,50"
Orkid Platinum Gece Extra Plus Hijyenik Ped 10'lu,"₺81,00"
Orkid Platinum Özel Seri Hijyenik Ped Uzun Extra 14'lü,"₺79,00"
Molped SuperNight Gece Hijyenik Ped 30'lu,"₺109,50"
Molped Pure & Soft Uzun Hijyenik Ped 36'lı,"₺109,50"
Molped Pure & Soft Günlük Hijyenik Ped 30'lu,"₺39,50"
Orkid Platinum Ekstra Uzun Hijyenik Ped 10'lu,"₺81,00"
Orkid Ultra Gece Hijyenik Ped 12'li,"₺49,50"
Molped Pure & Soft Süper Gece Hijyenik Ped 20'li,"₺199,00"
Sleepy Bio Naturel Premium Plus Normal Hijyenik Ped 14'lü,"₺35,00"
Sleepy Bio Naturel Premium Plus Uzun Hijyenik Ped 12'li,"₺35,00"
Sleepy Bio Naturel Premium Plus Gece Hijyenik Ped 10'lu,"₺35,00"
Molped Pure & Soft Gece Hijyenik Ped 30'lu,"₺109,50"
Orkid Ultra Normal Hijyenik Ped 16'lı,"₺49,50"
Klar Love Bomb Vücut Spreyi 160 ml,"₺149,00"
Klar My Aura Vücut Spreyi 160 ml,"₺149,00"
Varens Caramel Kadın Parfüm 50 Ml,"₺325,00"
Axe Dark Temptation Deodorant 200 Ml,"₺115,00"
Axe Apollo Deodorant 200 Ml,"₺115,00"
Garnier Termal Koruma Kadın Roll On 50 ml,"₺139,00"
Rexona Xtra Cool Roll On 20+20 ml,"₺95,00"
Rexona Shower Fresh Roll On 20+20 ml,"₺95,00"
Garnier Saf & Temiz Kadın Roll On 50 ml,"₺139,00"
Emotion Ocean Fresh Roll On 50+50 Ml,"₺169,00"
Garnier Termal Koruma Kadın Deodorant 150 ml,"₺139,00"
Garnier Saf & Temiz Kadın Deodorant 150 ml,"₺139,00"
Privacy Gold Kadın Deodorantı 200 ml,"₺180,00"
Privacy Addiction Kadın Deodorantı 200 ml,"₺180,00"
Privacy Kadın Deodorant 200 ml,"₺180,00"
Privacy Erkek Deodorantı 200 ml,"₺180,00"
Privacy Addiction Erkek Deodorantı 200 ml,"₺180,00"
Privacy Gold Erkek Deodorantı 200 ml,"₺180,00"
Old Spice Captain Deo Stick 50 ml,"₺145,00"
Emotion Ocean Fresh Deodorant Sprey 100 ml,"₺169,00"
Emotion Love Deodorant Sprey 100 ml,"₺169,00"
Pierre Cardin 2'li Parfüm 100 ml+20 ml+Çanta,"₺349,00"
Pereja Vücut Spreyi Pudra 200 Ml,"₺89,50"
Pereja Vücut Spreyi Gizemli Misk 200 Ml,"₺89,50"
Pereja Vücut Spreyi Portakal 200 Ml,"₺89,50"
Blade Black Alpha Deodorant 200 ml,"₺249,00"
Soft-X Makyaj Süngeri Çantalı 3'lü,"₺99,50"
Blade Night Fire Deodorant 200 ml,"₺249,00"
Emotion Joyous Kadın Deodorant 200 ml,"₺249,00"
Rexona Clinical Protection Sprey Deodorant Kadın 150 ml,"₺189,00"
Emotion Gold Bliss Kadın Deodorant 200 ml,"₺249,00"
Lady Bella Laviella Body Mist 100 ml+Krem 50 ml,"₺149,50"
Rexona Stick Deodorant Kadın 50 ml,"₺125,00"
Rexona Stick Deodorant Erkek 50 ml,"₺125,00"
Nivea Mini Roll On Erkek 25 ml,"₺62,50"
Nivea Mini Roll On Kadın 25 ml,"₺62,50"
Rexona Clinical Protection Sprey Deodorant Erkek 150 ml,"₺159,00"
Deotak Klasik Krem Deodorant 35 ml,"₺139,00"
Emotion Deodorant Sprey Detox Floral 100 ml,"₺149,50"
Emotion Gold Bliss Deodorant 150 ml,"₺115,00"
Blade Alpha Black Star Deodorant 150 ml,"₺115,00"
Dove Men Clean Deodorant 150 ml,"₺199,00"
Dove Lotus Deodorant 150 ml,"₺199,00"
Dove Roll On 50 ml,"₺199,00"
Dove Invisible Deodorant 150 ml,"₺199,00"
Dove Original Deodorant 150 ml,"₺199,00"
Nivea Fresh Natural Kadın Deo Sprey 75 ml,"₺132,00"
Nivea Fresh Active Erkek Deo Sprey 75 ml,"₺132,00"
Nivea Fresh Natural Kadın Deodorant 150 ml,"₺125,00"
Nivea Black & White Erkek Deodorant 150 ml,"₺125,00"
Nivea Black & White Kadın Deodorant 150 ml,"₺125,00"
Nivea Fresh Active Erkek Deodorant 150 ml,"₺125,00"
Blade Marine Fresh Deodorant 200 ml,"₺249,00"
Emotion Violet Deodorant 200 ml,"₺249,00"
Klar Love Bomb Yoğun Nemlendirici El ve Vücut Kremi 250 ml,"₺99,00"
Klar Love Bomb Body Scrub Vücut Peelingi 220 ml,"₺119,00"
Klar My Aura Yoğun Nemlendirici El ve Vücut Kremi 250 ml,"₺99,00"
Klar My Aura Body Scrub Vücut Peelingi 220 ml,"₺119,00"
Hametol Cilt Bakım Seti 30+30 G,"₺180,00"
Nivea Aloe Vera Matlaştırıcı Yüz Kremi 50 Ml,"₺89,00"
L'Oréal Paris Nemlendirici Krem 50 ml,"₺299,00"
Hametal Baby Bebek Bakım Kremi 30 G,"₺129,00"
Maybelline Surreal Maskara,"₺229,00"
Nivea Teneke Krem 250 Ml,"₺169,00"
Vaseline Jel Krem 50 ml,"₺149,00"
Lure Vazelin 125 ml,"₺49,50"
Vaseline Kakao Işıltısı Vücut Losyonu 200 ml,"₺115,00"
Vaseline Hassas Bakım Vücut Losyonu 200 ml,"₺115,00"
Neutrogena Canlandırıcı Yüz Temizleme Jeli 200 Ml,"₺99,50"
Neutrogena Canlandırıcı Peeling Jel 150 Ml,"₺99,50"
Neutrogena Greyfurtlu Nemlendirici Krem 50 Ml,"₺99,50"
New Well At Kestanesi Balsam 200 G,"₺75,00"
Arko Nem Vücut Kremi Hindistan Cevizi Yağı 250 ml,"₺79,95"
Arko Değerli Yağlar Avokadolu Krem 250 Ml,"₺149,00"
Arko Değerli Yağlar Bademli Krem 250 Ml,"₺149,00"
Bepanthol Onarıcı Bakım Merhemi 30 G,"₺199,00"
Bepanthol Cilt Bakım Kremi 30 G,"₺199,00"
L'Oreal Paris Revitalift Clinical Anında Aydınlatıcı C Vitamini Serum Maske,"₺99,50"
L'Oreal Paris Revitalift Hyaluronik Asit Yüz Maskesi,"₺129,50"
Nivea Derma Yüz Temizleme Jeli+Tonik 150 Ml+200 Ml,"₺149,00"
Nivea Q10 Sıkılaştırıcı Vücut Losyonu 250 ml,"₺129,00"
Neutrogena Hızlı Emilen Bakım Kremi 200 ml,"₺149,90"
Neutrogena Yüz Temizleme Jeli 200 ml,"₺109,90"
Garnier Hyaluronik Aloe Yüz Temizleme Jeli 200 ml,"₺149,75"
Sinoz Vücut Peeling 200 ml,"₺169,00"
Nivea E Vitaminli Yüz Temizleme Jeli 225 ml,"₺119,00"
L'Oreal Paris Revitalift Saf Hyaluronik Asit Tonik 200 ml,"₺159,00"
Dermokil Çay Ağacı Yağı Yüz Temizleme Jeli 300 ml,"₺89,50"
Dermokil Gözenek Sıkılaştırıcı Yüz Temizleme Jeli,"₺75,00"
Dermokil Çay Ağacı Yağı Yüz Maskesi 20 G,"₺25,50"
Dermokil C Vitaminli Yüz Temizleme Jeli 300 ml,"₺75,00"
Estemed Dubai Dudak Nemlendiricisi,"₺35,00"
Dermokil Pure Kağıt Yüz Maskesi,"₺35,00"
Vita&Health Siyah Nokta Temizleme Bandı 6'lı,"₺51,50"
Naturoil Hindistan Cevizi Yağı 150 G,"₺169,50"
Kiwi KFM-8603 Jel Göz Maskesi,"₺149,00"
Kiwi KFM-8601 Jel Yüz Maskesi,"₺199,00"
L'Oreal Revitalift C Vitaminli Krem 50 ml,"₺279,00"
L'Oreal Paris Revitalift Dolgunlaştırıcı Yüz Temizleme Jeli 150 ml,"₺179,00"
Nivea Aqua Rose Nemlendirici Tonik 200 ml,"₺119,00"
Garnier Hyaluronik Kağıt Yüz Maskesi 28 G,"₺69,50"
Garnier Retinol Kağıt Yüz Maskesi 22 G,"₺69,50"
Pure Korean Eriyen Kağıt Maske,"₺129,00"
Himalaya Yüz Temizleme Köpüğü Gül 150 G,"₺99,50"
Celenes Thermal Yüz Yıkama Jeli 250 ml,"₺199,00"
Himalaya Aydınlatıcı Yüz Temizleme Jeli 150 G,"₺99,50"
Celenes Thermal Arındırıcı & Canlandırıcı Tonik 200 ml,"₺149,00"
Vaseline Aloe Vera Ferahlığı Nemlendirici 400 ml,"₺185,00"
Himalaya Yüz Kremi 50 G,"₺99,50"
Himalaya Besleyici El ve Vücut Kremi 250 ml,"₺69,50"
Dermokil Bakuchiol Kağıt Yüz Maskesi 20 G,"₺35,00"
Dermokil Aloe Vera Tonik 50 ml,"₺39,50"
Dermokil Çay Ağacı Yağı Kil Maskesi 100 ml,"₺69,50"
Vaseline Kakao Işıltısı Nemlendirici 400 ml,"₺185,00"
Mara Matcha & Zen Yüz Spreyi,"₺89,50"
New Well Pirinç Özlü Aydınlatıcı Tonik 200 ml,"₺49,50"
Himalaya Yüz Temizleme Köpüğü Limon 150 G,"₺99,50"
Mara Matcha & Zen Serum Krem,"₺89,50"
Sinoz No:16 Bakım Yağı 100 ml,"₺249,00"
New Well Kolajen Aydınlatıcı Serum 20 ml,"₺69,50"
Mara Matcha & Zen Peeling Tonik Ped,"₺149,00"
New Well Pirinç Özlü Maske 50 ml,"₺69,50"
Nivea Creme Yoğun Nemlendirici El ve Vücut Bakım Kremi 150 ml,"₺99,50"
Nivea Soft El ve Vücut Bakım Kremi 200 ml,"₺175,00"
L'Oreal Paris Revitalift C Vitamini Peeling Etkili Tonik 180 ml,"₺249,00"
Pure Korean Nemlendirici Ayak Bakım Maskesi 16 G,"₺99,50"
L'Oreal Paris Bright Reveal Koyu Leke Karşıtı Nemlendirici Krem 50 ml,"₺349,00"
Arko Jel Krem 250 ml,"₺99,90"
Nivea Cellular Expert Filler Dolgunlaştırıcı Serum 30 ml,"₺199,00"
Nivea Besleyici Vücut Sütü 400 ml,"₺149,50"
Nivea Pürüzsüzleştirici El ve Vücut Kremi 400 ml,"₺149,50"
Nivea Kiraz Çiçeği ve Jojoba Yağı Vücut Losyonu 400 ml,"₺149,50"
Dermokil Pirinç Özlü Beyazlatıcı Yüz Temizleme Jeli 200 ml,"₺89,50"
Dermokil Pirinç Özlü Beyazlatıcı Stick Kil Maskesi 30 ml,"₺99,50"
Dermokil Pirinç Özlü Beyazlatıcı Tonik Etkili 200 ml,"₺89,50"
Dermokil Pirinç Özlü Yüz Maskesi 20 G,"₺25,50"
Herbalwind Hint Yağı 30 ml,"₺94,50"
Dermokil Pirinç Özlü Beyazlatıcı Fluid Krem 60 G,"₺129,50"
Maruderm Hyalüronik Asit Nemledirici Yüz ve Vücut Cilt Bakım Kremi 100 ml,"₺179,00"
Maruderm Glikolik Asit %7 Aydınlatıcı & Leke Karşıtı Tonik 100 ml,"₺179,00"
Maruderm Salisilik Asit + Çay Ağacı Yağı Kil Maskesi 50 ml,"₺169,00"
Garnier C Vitamini Günlük Aydınlatıcı Serum Krem 50 ml,"₺279,00"
Rituel De Beaute Akne Karşıtı Bakım Bandı 10'lu,"₺29,50"
Garnier Micellar Kömür Kusursuz Makyaj Temizleyici Jel 400 ml,"₺159,00"
Garnier Hyaluron Bariyer Onarıcı Tonik 120 ml,"₺189,00"
Nivea 7 In 1 Cilt Tonu Eşitleyici Yüz Kremi 100 ml,"₺119,00"
Herbalwind Çam Terebentin Yağı 30 ml,"₺69,50"
Herbalwind Soğuk Sıkım Keten Tohumu Yağı 250 ml,"₺159,50"
Herbalwind Soğuk Sıkım Kabak Çekirdeği Tohum Yağı 250 ml,"₺159,50"
Ziaja Keçi Sütlü El ve Tırnak Kremi 80 ml,"₺169,00"
New Well Pirinç Özlü Aydınlatıcı Krem 30 ml,"₺69,50"
Arko Nem Vücut Kremi Hyaluronik Asit 250 ml,"₺79,95"
Nivea Aqua Rose Çift Fazlı Micellar Makyaj Temizleme Suyu 400 ml,"₺149,50"
Garnier Vitamin C Parlaklık Etkili Canlandırıcı Tonik 120 ml,"₺199,00"
Garnier C Vitamini Günlük Aydınlatıcı Krem 50 ml,"₺209,00"
Bio-Oil Cilt Bakım Yağı 60 ml,"₺249,00"
Dermokil C Vitaminli El Maskesi 7 G,"₺55,00"
Dalan Zeytinyağlı Vücut Losyonu 400 ml,"₺99,50"
L'Oreal Yaş Uzmanı 40+ Pro Retinol Kırışıklık Karşıtı Krem 50 ml,"₺179,00"
Ziaja Keçi Sütlü Tonik 200 ml,"₺179,00"
Ziaja Keçi Sütlü Vücut Losyonu 400 ml,"₺199,00"
Sinoz No:16 Stick Yağ 18 G,"₺279,00"
L'Oreal Paris Revitalift Yaşlanma Karşıtı Nemlendiri Jel Krem 30 ml,"₺379,00"
Sleepy Kişisel Bakım Havlusu Natural 100’lü,"₺79,50"
Sleepy Kişisel Bakım Havlusu Floral 100’lü,"₺79,50"
Herbalwind Hindistan Cevizi Yağı 150 G,"₺125,00"
Veet Klasik Tüy Dökücü Krem 100 ml,"₺195,00"
Veet Klasik Ağda Bandı 12'li,"₺195,00"
Agiss Tüy Dökücü Köpük 150 ml,"₺64,50"
Agiss Ağda Bezi 25 Metre,"₺54,50"
Agiss Ağda Bandı 55'li,"₺64,50"
Gillette Venüs Riviera 3 Bıçaklı Tıraş Bıçağı 2'li,"₺199,00"
Halo 5 Bıçaklı Tıraş Bıçağı,"₺79,50"
Permatik Lady Tıraş Bıçağı 5'li,"₺50,00"
Lure Tüy Dökücü Krem 100 Ml,"₺77,50"
Derby Lady Çift Bıçak Tıraş Bıçağı 5'li,"₺79,50"
Gillette Venus Çift Bıçak Tıraş Bıçağı 5'li,"₺144,50"
Gillette Venus Oceana Kadın Tıraş Bıçağı 2'li,"₺160,00"
Maybelline Over The Top Maskara,"₺299,00"
Maybelline Colossal Kajal Göz Kalemi,"₺129,90"
Maybelline Falsies Surreal Maskara,"₺299,00"
Garnier Micellar Kusursuz Makyaj Temizleme Suyu 400 ml,"₺139,00"
Golden Rose Makyaj Sabitleyici Sprey 120 ml,"₺149,00"
Golden Rose Silky Touch Pudra,"₺135,00"
Beauty Girl Mor Makyaj Süngeri,"₺35,00"
Flormar Color Joy Oje 301,"₺33,00"
Flormar Color Joy Oje 352,"₺33,00"
Flormar Color Joy Oje 397,"₺33,00"
Flormar Color Joy Oje 310,"₺33,00"
Flormar Color Joy Oje 058,"₺42,00"
Flormar Color Joy Oje 313,"₺33,00"
Flormar Color Joy Oje 320,"₺33,00"
Flormar Color Joy Oje 497,"₺42,00"
Flormar Color Joy Oje 470,"₺33,00"
Flormar Color Joy Oje 472,"₺33,00"
Flormar Color Joy Oje 453,"₺33,00"
Flormar Color Joy Oje 048,"₺33,00"
Flormar Color Joy Oje 489,"₺42,00"
Flormar Color Joy Oje 452,"₺33,00"
Flormar Color Joy Oje 514,"₺33,00"
Beauty House Gölgelendirme Fırçası,"₺59,50"
Flormar Big'n Bold Maskara,"₺199,00"
Garnier Vitamin C Süper Parlaklık Serumu 30 ml,"₺319,00"
Garnier Micellar C Vitamini Kusursuz Makyaj Temizleme Suyu 400 ml,"₺229,00"
Maybelline Lasting Drama Siyah Göz Kalemi,"₺149,00"
Maybelline Firework Electro Black Maskara,"₺399,00"
New Well Bordo Maskara,"₺89,50"
Forever Makyaj Süngeri 2'li,"₺69,50"
Forever Makyaj Aynalı Fırça Seti,"₺149,50"
L'Oreal Paris Big Deal Paradise Maskara,"₺299,00"
Makyaj Süngeri Seti 3'lü,"₺59,50"
Forever Kirpik Kıvırıcı,"₺79,50"
Forever Tırnak Törpüsü 4'lü,"₺44,50"
Forever Çantalı Makyaj Fırçası Seti 5'li,"₺299,00"
Flormar Extreme Tattoo Jel Göz Kalemi 005 Very Berry,"₺209,00"
Flormar Hero Volume & Curl Maskara,"₺249,00"
"Nivea Böğürtlen Dudak Bakım Kremi 4,8 G","₺125,00"
Maybelline Super Stay Ink Crayon Kalem Mat Ruj,"₺219,00"
Flormar Color Joy Oje 246,"₺33,00"
Flormar Color Joy Oje 554,"₺33,00"
Flormar Color Joy Oje 464,"₺33,00"
Maybelline New York Super Stay Matte Ink 50 Voyager Ruj,"₺309,00"
Flormar Brow Up Kaş Altı Aydınlatma Kalemi,"₺189,00"
Flormar Triple Brow 3'ü 1 Arada Kaş Kalemi,"₺129,00"
Flormar Smooth Skin Fondöten 25 ml,"₺189,00"
Flormar Precious Curl Siyah Maskara,"₺189,00"
Golden Rose Bordo Maskara,"₺149,00"
Note Detox & Protect Fondöten,"₺199,00"
Note Hydramoist Lip Gloss,"₺149,00"
W7 Sunrise Glow Toz Aydınlatıcı,"₺299,00"
Beauty House Allık Fırçası,"₺139,00"
Beauty House Kapatıcı Fırçası,"₺139,00"
Newwell Toz Allık,"₺79,50"
New Well Toz Highlighter,"₺79,50"
Maybelline Tattoo Liner Siyah Eyeliner,"₺199,00"
Maybelline Baby Skin Gözenek Gizleyici Makyaj Bazı,"₺299,00"
Maybelline Colossal Curl Bounce Maskara,"₺289,00"
Golden Rose Smart Glow Aydınlatıcı Likit,"₺149,00"
Gillette Sensor 3 4 Bıçaklı Tıraş Makinesi,"₺300,00"
Derby Plus 3 Bıçaklı Tıraş Bıçağı 10'lu,"₺99,00"
Gillette Blue 3 Tıraş Bıçağı 3'lü,"₺240,00"
Permatik Banyo Tıraş Bıçağı,"₺9,90"
Permatik Tek Bıçak Tıraş Bıçağı,"₺27,50"
Derby+Samurai Tıraş Bıçağı 10+3,"₺95,00"
Mentor Banyo Tıraş Bıçağı 6'lı,"₺60,00"
Mentor Tek Bıçak Tıraş Bıçağı 6'lı,"₺60,00"
Derby Tek Bıçak Tıraş Bıçağı 5'li,"₺79,50"
Derby Banyo Tıraş Bıçağı 5'li,"₺79,50"
Mentor Çift Bıçak Tıraş Bıçağı 10'lu,"₺105,00"
Mentor Üç Bıçak Tıraş Bıçağı 4'lü,"₺129,00"
Mentor Üç Bıçak Tıraş Bıçağı 4'lü,"₺129,00"
Mentor Çift Bıçak Tıraş Bıçağı 10'lu,"₺105,00"
Derby Samurai 3 Bıçak Tıraş Bıçağı 10'lu,"₺235,00"
Arko Klasik Tıraş Köpüğü 200 ml,"₺107,90"
Arko Klasik Tıraş Jeli 200 ml,"₺165,00"
Pierre Cardin PC-A21101 Erkek Bakım Seti,"₺1.099,00"
Aprilla AHC-5038 Şarjlı Saç Sakal Kesme Makinesi,"₺329,00"
Pierre Cardin PC-A21103 Erkek Bakım Seti,"₺999,00"
Pierre Cardin PC-A21102 6 in 1 Erkek Bakım Seti,"₺1.499,00"
Arko Men Cool Tıraş Kolonyası 255 ml,"₺149,90"
Wilkinson Extreme 3 Üç Bıçaklı Tıraş Bıçağı 4'lü,"₺125,00"
Durex Yakın Hisset Prezervatif 16'lı,"₺149,00"
Okey Rötar Prezervatif 10'lu,"₺146,50"
Çinkopast Ihlamur & Bal C Vitaminli Pastil 12'li,"₺149,50"
Çinkopast Karamürver & Zencefil C Vitaminli Pastil 12'li,"₺149,50"
Strepsils Herbal Kara Mürver Pastil 16'lı,"₺150,00"
Strepsils Herbal Zencefil Pastil 16'lı,"₺150,00"
Everwell C Vitamini Çinko Çiğneme Tableti 8'li,"₺50,00"
Redoxon C Vitamini Gıda Takviyesi 15'li,"₺225,00"
Redoxon 3'lü Etki Gıda Takviyesi 15'li,"₺300,00"
Youplus Pro Vitamin C&Çinko&Propolis Gıda Takviyesi 15'li,"₺275,00"
Youplus Vitamin C & Çinko & Propolis 20 Efervesan Tablet,"₺299,00"
Youplus Energy Gıda Takviyesi 30'lu,"₺399,00"
Pharmaton Vitality Multivitamin & Kore Ginsengi 30 Tablet,"₺450,00"
Lure Kulak Çubuğu 200'lü,"₺33,00"
Lure Makyaj Temizleme Pamuğu 70'li,"₺24,00"
Lure Hidrofil Pamuk 100 G,"₺32,50"
Anchor Tırnak Makası,"₺49,50"
Anchor Tırnak Törpüsü,"₺45,00"
Aprilla Otomatik Cımbız AEP7803,"₺149,00"
Anchor Cımbız,"₺49,50"
Getwell İlk Yardım Kiti 30'lu,"₺59,50"
Beatrix Sinek Öldürücü,"₺289,00"
Okey Aşk Prezervatif 15'li,"₺129,00"
Dynavit Vitamin C+Sambucus Gıda Takviyesi 15'li,"₺199,00"
Dynavit Multi Daily Gıda Takviyesi 30'lu,"₺399,00"
Zühre Ana Kolajen Tablet 60'lı,"₺269,00"
Zühre Ana Kids Multivitamin Çilek Aromalı Şurup 150 ml,"₺269,00"
Zühre Ana Bromelain Tablet 60'lı,"₺269,00"
Durex Nude Prezervatif 8'li,"₺219,00"
Okey Zero Ultra Prezervatif 10'lu,"₺129,00"
Durex Maraton Prezervatif 10'lu,"₺170,50"
Sandy Gül Suyu 400 ml,"₺59,50"
Adieu Limon Çiçeği Kolonyası 1000 ml,"₺109,00"
Adieu Kolonya 400 Ml,"₺59,00"
Pereja Limon Kolonyası 400 ml,"₺59,00"
Marmara Limon Kolonyası 300 ml,"₺49,50"
Garnier C Vitamini 50 Faktör Günlük Güneş Koruyucu 40 ml,"₺229,00"
Garnier C Vitamini 50 Faktör Günlük Güneş Koruyucu 40 ml,"₺229,00"
Sebamed Çocuk Güneş Kremi 50+KF 100 Ml,"₺249,00"
Sebamed Güneş Kremi 50+KF 50 Ml,"₺249,00"
Nivea Çocuk Güneş Sütü 50 KF 200 Ml,"₺369,00"
Nivea Güneş Sütü 50 KF 200 Ml,"₺289,00"
Nivea Bronzlaştırıcı Yağ 50 +KF 200 Ml,"₺359,00"
Ambre Solaire Güneş Sütü 50+KF 150 Ml,"₺249,00"
Dear Body Tüp Yüz Güneş Kremi 50 SPF 60 Ml,"₺119,00"
Nivea Bronzlaştırıcı Yağ 200 Ml,"₺279,00"
Nivea Çocuk Güneş Sütü 50 KF 150 Ml,"₺259,00"
Dear Body Güneş Sonrası Jel 200 Ml,"₺75,00"
Dear Body Çocuk Güneş Kremi 50KF 200 Ml,"₺179,00"
Dear Body Sprey Güneş Kremi 30 SPF 200 Ml,"₺119,00"
Dear Body Bronzlaştırıcı Yağ 200 Ml,"₺139,00"
Dear Body Sprey Güneş Kremi 50KF 200 Ml,"₺169,00"
Garnier Ambre Solaire Çocuk Güneş Spreyi 50KF 150 Ml,"₺209,00"
Papia BioCare Tuvalet Kağıdı 3 Katlı 8'li,"₺85,00"
Papia Platinum Tuvalet Kağıdı 4 Kat 16'lı,"₺159,00"
Papia Biocare 3 Katlı Tuvalet Kağıdı 12'li,"₺210,00"
Papia Parfümlü Tuvalet Kağıdı 8'li,"₺85,00"
Selpak Parfümlü Tuvalet Kağıdı 8'li,"₺85,00"
Papia Egzotik 3 Katlı Tuvalet Kağıdı 12'li,"₺210,00"
Selpak Ferahlık Tuvalet Kağıdı 3 Katlı 12'li,"₺189,00"
Sofia Parfümlü Tuvalet Kağıdı 3 Katlı 8'li,"₺85,00"
Selpak 3 Kat Ferahlık Tuvalet Kağıdı 8'li,"₺85,00"
Softy Bambu Katkılı 3 Katlı Tuvalet Kağıdı 40'lı,"₺229,00"
Logi Tuvalet Kağıdı 3 Katlı 32'li,"₺215,00"
Mistral 2 Katlı Tuvalet Kağıdı 16'lı,"₺116,00"
Mistral 3 Katlı Tuvalet Kağıdı 12'li,"₺105,00"
Select Nature Tuvalet Kağıdı 2 Katlı 24'lü,"₺99,50"
Mistral Doğa Dostu Tuvalet Kağıdı 2 Katlı 16'lı,"₺99,50"
Solo Bambu Tuvalet Kağıdı 40'lı,"₺239,00"
Solo Bambu Katkılı 2 Katlı Tuvalet Kağıdı 16'lı,"₺154,90"
Familia Plus Natural 3 Katlı Tuvalet Kağıdı 40'lı,"₺249,00"
Aqua Bambu 3 Katlı Tuvalet Kağıdı 40’lı,"₺229,00"
Aqua Bambu 3 Katlı Tuvalet Kağıdı 32'li,"₺199,00"
Papia Biocare 3 Katlı Tuvalet Kağıdı 16'lı,"₺299,00"
Papia Egzotik 3 Katlı Tuvalet Kağıdı 16'lı,"₺299,00"
Aqua Bambu 3 Katlı Tuvalet Kağıdı 48'li,"₺299,00"
Familia Natural 3 Katlı Tuvalet Kağıdı 48'li,"₺339,00"
Mistral 3 Katlı Tuvalet Kağıdı 12'li,"₺105,00"
Mistral 2 Katlı Tuvalet Kağıdı 16'lı,"₺116,00"
Sofia 3 Katlı Parfümlü Tuvalet Kağıdı 12'li,"₺85,00"
Papia BioCare 3 Katlı Kağıt Havlu 8'li,"₺210,00"
Papia Biocare Kağıt Havlu 3 Katlı 6'lı,"₺95,00"
Selpak 3 Katlı Yağ Emici Kağıt Havlu 6'lı,"₺95,00"
Selpak 3 Katlı Yağ Emici Kağıt Havlu 8'li,"₺199,00"
Selpak 3 Katlı Kağıt Havlu 6'lı,"₺95,00"
Papia 3 Katlı İpek Özlü Kağıt Havlu 6'lı,"₺95,00"
Papia 3 Katlı Kağıt Havlu 6'lı,"₺95,00"
Papia İpek Özlü 3 Katlı Kağıt Havlu 8'li,"₺125,00"
Logi Kağıt Havlu 3 Katlı 12'li,"₺139,50"
Mistral Çift Katlı Kağıt Havlu 6'lı,"₺84,00"
Mistral Perforeli Kağıt Havlu 1 Kg,"₺145,00"
Softy Bambu Katkılı 3 Katlı Kağıt Havlu 12'li,"₺129,00"
Mistral Doğa Dostu Kağıt Havlu 2 Katlı 6'lı,"₺62,50"
Familia Natural Kağıt Havlu 3 Katlı 1=3,"₺45,00"
Solo Bambu Kağıt Havlu 16'lı,"₺169,00"
Solo Bambu Kağıt Havlu 2 Katlı 6'lı,"₺99,90"
Select Nature Kağıt Havlu 3 Katlı 6'lı,"₺59,50"
Familia Natural 3 Katlı Kağıt Havlu 16'lı,"₺199,00"
Aqua Bambu 3 Katlı Kağıt Havlu 12'li,"₺129,00"
Aqua Bambu Dev Kağıt Havlu,"₺59,00"
Selpak El&Yüz Kağıt Havlu 100'lü,"₺49,50"
Aqua Bambu Jumbo Kağıt Havlu 1=6,"₺69,50"
Logi Dev Kağıt Havlu 2'li,"₺99,50"
Aqua Bambu 3 Katlı Kağıt Havlu 16’lı,"₺169,00"
Maylo 3 Katlı Kağıt Havlu 16'lı,"₺159,00"
Solo Bambu Kağıt Havlu 1=3,"₺39,50"
Mistral Perforeli Dev Havlu 1=5,"₺62,50"
Sofia 3 Katlı Pamuk Katkılı Kağıt Havlu 12'li,"₺125,00"
Maylo 3 Katlı Dev Kağıt Havlu,"₺42,50"
Papia Inova 3 Katlı Kağıt Havlu 8'li,"₺210,00"
Mistral Peçete 200'lü 24x27 Cm,"₺25,50"
Mistral Peçete 100'lü 30x30 Cm,"₺28,00"
Solo Peçete 200'lü 30x30 Cm,"₺69,50"
Familia Natural 3 Katlı Çek-Al Kağıt Mendil 150'li,"₺27,50"
Mistral 3 Katlı Kağıt Mendil 10'lu,"₺28,50"
Solo 3 Katlı Kağıt Mendil 10'lu,"₺34,50"
Mendiva Gözlük Temizleme Mendili 40'lı,"₺59,50"
Familia 3 Katlı Kağıt Mendil 10'lu,"₺34,50"
Maylo 3 Katlı Tuvalet Kağıdı 40'lı,"₺239,00"
Selpak Extra Desenli Peçete 20'li,"₺19,50"
Mendiva Islak Havlu 101'li,"₺49,00"
Sleepy Limon Mopa Uyumlu Yer Temizlik Havlusu 50'li,"₺109,00"
Sleepy Lavanta Mopa Uyumlu Yer Temizlik Havlusu 50'li,"₺109,00"
Sleepy Zeytinyağlı Islak Mendil 3x15 Adet,"₺24,50"
Komili Islak Havlu 90'lı,"₺25,00"
Solo Bahar Temizliği Islak Havlu 3x52,"₺59,00"
Sleepy Aloe Vera Islak Havlu 120'li,"₺47,50"
Pure Baby Islak Havlu 4x50 Adet,"₺49,50"
Mendiva Islak Havlu 56'lı,"₺30,50"
Mendiva Gül Kokulu Islak Havlu 60'lı,"₺25,00"
Mendiva Sabun Kokulu Islak Havlu 60'lı,"₺25,00"
Dalin Islak Havlu 3x56'lı,"₺99,50"
Solo AquaBlock Cam Yüzeylere Özel Temizlik Havlusu 30'lu,"₺75,00"
Sleepy Beyaz Sabun Kokulu Islak Havlu 4x90,"₺99,50"
Logi Islak Havlu 100'lü,"₺27,50"
Solo Islak Havlu Okyanus Ferahlığı 90'lı,"₺35,00"
Sleepy Doğal Bergamot Yağlı Mutfak Havlusu 50'li,"₺99,50"
Sleepy Doğal Greyfurt Yağlı Mutfak Havlusu 50'li,"₺99,50"
Sleepy Doğal Portakal Yağlı Mutfak Havlusu 50'li,"₺99,50"
Sleepy Doğal Limon Yağlı Mutfak Havlusu 50'li,"₺99,50"
"Onvo Google Frameless HD Tv 32""","₺5.999,00"
"Onvo Google UHD Q Led Tv 75""","₺29.999,00"
"Samsung 70DU7100 70"" 4K Ultra HD Smart LED TV","₺39.999,00"
"Onvo 24OVF6001H 24"" Frameless HD Android Smart LED TV","₺4.999,00"
Hi Level 40HRT900 40” Full HD Uydu Alıcılı Smart TV,"₺8.999,00"
Philips Led TV 65'' 65PUS7009/62,"₺30.999,00"
Fobem ML43EW4000 43'' FHD Android Led TV,"₺9.499,00"
"Hi Level 32HRT900 32"" HD Ready Uydu Alıcılı Smart TV","₺5.999,00"
Philips UHD TV 55''55PUS7609/62,"₺23.999,00"
"Hi Level 43"" HRT900 4K Ultra HD Smart LED TV","₺9.499,00"
Fobem ML32EW2000 32” HD Ready Android Smart Whale LED TV,"₺5.799,00"
Philips 50PUS7609/62 50'' 4K UHD Uydu Alıcılı Smart LED TV,"₺18.999,00"
Philips FHD Smart TV 40'' 40PFS6009/62,"₺11.999,00"
Toshiba FHD Android LED TV 43’’,"₺10.999,00"
Onvo Uydulu Smart Led TV 32'',"₺5.499,00"
Philips UHD TV 43'' 43PUS7609/62,"₺15.999,00"
Onvo Uydu Alıcılı Led TV 32’’,"₺4.399,00"
"Toshiba 4K UHD Android LED Tv 43"" 43UA2363DT","₺12.499,00"
Onvo Full HD Smart Led TV 42'',"₺7.599,00"
"Philips 32PHS6009/62 32"" HD Smart LED TV","₺9.999,00"
Toshiba 4K Ultra HD Android Tv 50'' 50UA2363DT,"₺15.499,00"
"Onvo 55OVF9001UQ 55"" Frameless Ultra HD QLED Google TV","₺16.499,00"
"Onvo 50OVF9000UQ 50"" Frameless Ultra HD Qled Google TV","₺13.999,00"
İffalcon S55A 32” FHD Qled TV,"₺8.999,00"
İffalcon U65A 55” 4K UHD Smart Google TV,"₺21.999,00"
"Nordmende 50NM1105 50"" 4K Whale TV","₺15.999,00"
"Axen AX40QLEDM-A14S 40"" Frameless FHD QLED Android 14 Smart TV","₺9.299,00"
"Samsung QE50Q7FAAUXTK 50"" 4K Ultra HD QLED TV","₺28.999,00"
"Dijitech 43DJF12000 43"" Full HD Google TV","₺9.999,00"
"Samsung 50U8000F 50"" 4K Crystal UHD Smart Led TV","₺26.999,00"
"Onvo 43VQ80F2FA 43"" FHD Whale OS 10 QLED TV","₺11.799,00"
"Hyundai 65HYN3405 65"" 4K Ultra HD Whale TV","₺22.999,00"
"Hyundai 55HYN1405 55"" 4K whaleOS LED TV","₺16.499,00"
Onvo 65VQ90F3UA 65” Frameless 4K Qled Google TV,"₺26.999,00"
Onvo 32VQ80F2HA 32” Frameless HD Whale OS 10 Qled TV,"₺6.999,00"
Onvo 50VQ90F3UA 50'' Frameless Ultra HD Qled Google TV,"₺14.999,00"
"Hi Level HL55QMN252SC-S 55"" Frameless UHD Qled Webos TV","₺18.499,00"
"Hi Level HL50QFPRL-A14S 50"" Frameless FHD QLED Android 14 Smart TV","₺11.999,00"
"Hi Level HL65QMN252SC-S 65"" Frameless UHD Qled Webos TV","₺23.999,00"
"Onvo 55VQ90F3UA 55"" Frameless UHD Qled Google TV","₺18.999,00"
Nordmende 55NM1105 55’’ 4K Ultra HD Whale TV,"₺17.999,00"
Nordmende 65NM1105 65’’ 4K UHD Android TV,"₺23.999,00"
"Onvo 32VL80F2HA 32"" Frameless HD Whale OS 10 Android Led TV","₺6.299,00"
"Onvo 40VQ80F2FA 40"" Frameless FHD Whale OS 10 Android Qled TV","₺9.599,00"
"Samsung 70U8000F 70"" Crystal UHD 4K Smart TV","₺42.999,00"
"Philips 55PUS7000/62 55"" 4K UHD LED Dolby Atmos Smart TV","₺28.999,00"
"Philips 50PUS7000/62 50"" 4K UHD Led Dolby Atmos Smart TV","₺22.999,00"
"Philips 65PUS7000/62 65"" 4K UHD Led Dolby Atmos Smart TV","₺38.999,00"
"Hi Level 50HRT900 50"" UHD Smart TV","₺11.999,00"
"Hi Level HL50QMN252 50"" Frameless 4K UHD QLED Webos TV","₺12.499,00"
"Hi Level HL32DAL540 32"" HDR Webos TV","₺5.799,00"
"Hi Level HL43DMN540 43"" FHD Webos 2.0 D-Dual LED TV","₺8.999,00"
"Hi Level 55UHL750 55"" UHD Smart TV","₺14.999,00"
"Toshiba 50UV2363DT - 50UV1563DT 50"" 4K Ultra HD Vidaa TV","₺17.999,00"
"Toshiba 43LV2563DT 43"" FHD Vidaa TV","₺10.999,00"
Fobem ML55EW8000F 55'' UHD Whale TV,"₺14.499,00"
"Philips 40PFS6000/62 40"" FHD LED TV","₺12.999,00"
"Toshiba 43UV2363DT-43UV1563DT 43"" 4K Ultra HD Vidaa TV","₺13.999,00"
"Grundig 55 GJU7100 55"" 139 cm Smart 4K UHD Google TV","₺23.999,00"
"Grundig 65 GJU 7100 65"" 164 cm Smart 4K UHD Google TV","₺28.999,00"
Fobem ML50EW8000F 50'' UHD Whale TV,"₺11.999,00"
"Onvo 32OVF4000AH 32"" HD Ready Frameless Android 13 Smart LED TV","₺5.999,00"
"Onvo 43OVF5000AQ 43"" Frameless FHD Qled Google TV","₺9.999,00"
"Onvo 43OVF5000AF 43"" Frameless FHD Google TV","₺9.299,00"
"Onvo 55OVF5000AQ 55"" Frameless 4K Ultra HD QLED Google TV","₺16.999,00"
"Onvo 65OVF5000AQ 65"" Frameless UHD QLED Google TV","₺24.999,00"
Samsung MS20A3010AL/TR Mikrodalga Fırın,"₺3.599,00"
Akel AF380 Midi Fırın 38 L,"₺2.299,00"
Goodwest Aspiratör Gws1001,"₺1.299,00"
Piranha Şarj Adaptörü,"₺129,00"
Philips USB-A ve USB-C Şarj Adaptörü 20 W,"₺499,00"
Go Mobile Android Şarj Kablosu,"₺64,50"
Go Mobile Ios Şarj Kablosu,"₺64,50"
Go Smart Wireless Powerbank 5000 MAH WPB01,"₺499,00"
Piranha 5439-A Su Geçirmez Telefon Kılıfı,"₺159,00"
Piranha Akıllı Bileklik 9918,"₺299,00"
Zeblaze Akıllı Saat GTS3,"₺1.499,00"
Go Smart Şarj Kablosu GS-3CC-03,"₺99,50"
Go Mobile Type-C Şarj Kablosu,"₺64,50"
Piranha 21160 Kablosuz Şarjlı Masa Lambası,"₺399,00"
Piranha 9921 Akıllı Saat,"₺499,00"
Sample Şarj Adaptörü USB A-C 20 W,"₺259,00"
Go Smart 4 N 1 Şarj Kablosu GS-4CC-02,"₺129,00"
Go Smart Telefon Tutucu GS-PH-01,"₺99,00"
Piranha 5440 Masaüstü Telefon Tablet Standı,"₺119,00"
Kiwi Akıllı Takip Cihazı KPLD-10970,"₺299,00"
Trax SW-T8 Pro Akıllı Saat,"₺799,00"
Piranha 9924 Akıllı Saat,"₺749,00"
Piranha 9923 Akıllı Saat,"₺599,00"
Philips Şarj Adaptörü 20 W,"₺279,00"
Piranha 3387 Hızlı Şarj Aleti,"₺249,00"
Piranha 9035 Magsafe 10000 mAh Powerbank,"₺799,00"
Piranha 7847 Kablosuz Şarjlı Bluetooth Hoparlör,"₺499,00"
Duracell 10.000 mAh Powerbank,"₺799,00"
General Home TWS Silikonlu Kulaklık,"₺429,00"
Trax Mobile M24303 Bluetooth Hoparlör Şarj Standı,"₺999,00"
Trax OM-1008 360° Akıllı Yüz Takip Gimbal ve Tutaç,"₺799,00"
Trax TBS-1651 Kablosuz Bluetooth Hoparlör,"₺599,00"
Noona NON-024 Telefon Tutucu,"₺159,00"
Noona MTT-101 Telefon Tutucu,"₺89,50"
İcover Manyetik Telefon Tutucu,"₺179,00"
IMIKI 6 in 1 Seyahat Şarj Kiti,"₺199,00"
Smate 4'ü 1 Arada Hızlı Şarj Kablosu,"₺99,50"
Aukey 15 W 10000 mAh Type-C İnce Powerbank,"₺499,00"
Go Smart GS-TWS-30 Bluetooth Kulaklık,"₺349,00"
Thull THL-262 Kulaküstü Kulaklık,"₺499,00"
Thull Powerbank PD10003,"₺999,00"
Piranha 9030 10000 mAH Kablolu Powerbank,"₺399,00"
Piranha 2218 Güneş Enerjili Kablosuz Kulaklık,"₺899,00"
Piranha USB Kablo 3371,"₺129,00"
Piranha USB Kablo 3372,"₺79,50"
Piranha Duvar Şarjı 3386,"₺249,00"
Piranha 9020 5000 mAH Magsafe Powerbank,"₺599,00"
English Home DGR 3001 Doğrayıcı,"₺999,00"
English Home TMK 5010 Tost Makinesi,"₺2.299,00"
Sinbo SMX-2769 Stantlı Mixer,"₺2.999,00"
Kiwi KSC 4212 Buharlı Temizleyici,"₺1.399,00"
Kiwi KSW-3097 Overlok Makinesi,"₺5.499,00"
Kiwi Kıyma Ve Salça Makinesi KMG 2603,"₺1.899,00"
Kiwi Bıçak Bileme Makinesi KMS 8301,"₺439,00"
Sinbo SK-8031 Inox Kablosuz Su Isıtıcı,"₺699,00"
Fantom Master CC 5750 Halı Yıkama Makinesi,"₺6.499,00"
Piranha Kablosuz Kapı Zili,"₺239,00"
Samsung VC07R302MVB/TR Cyclone Süpürge,"₺4.899,00"
Arzum Starry AR1111 El Blender Seti,"₺1.799,00"
Arzum AR695 Peta Seramik Tabanlı Ütü,"₺1.399,00"
Singer 14SH654 Overlok Makinesi,"₺8.499,00"
Singer Brilliance 6160 Dikiş Makinesi,"₺8.999,00"
Sinbo 2970 Çelik Elektrikli Cezve,"₺459,00"
Kiwi KSPG4812 Kahve ve Baharat Öğütücü,"₺649,00"
Kiwi Şarjlı Su Pompası KWP 8513,"₺149,00"
Aprilla AHD- 2127C Saç Kurutma Makinesi,"₺599,00"
Aprilla Şarjlı Saç Kesme Makinesi 5036,"₺499,00"
Aprilla ATR 7013 Şarjlı Saç ve Sakal Düzeltme Makinesi,"₺299,00"
Aprilla Kıl Temizleme Makinesi ATR 7002,"₺79,50"
Homend Handmaid El Blender Seti 1931H,"₺1.399,00"
Homend Coffeebreak Filtre Kahve Makinesi,"₺1.999,00"
Kiwi KTM 2907 Çay Makinesi,"₺899,00"
Kiwi Mini El Dikiş Makinesi KSW 3010,"₺289,00"
Kiwi KMX 3608 El Mikseri,"₺429,00"
Arzum AR1167 Starblend Multi Blender Seti,"₺2.299,00"
Kiwi KCM-7514 Türk Kahvesi Makinesi,"₺649,00"
Kiwi Çelik Kettle KK3330,"₺499,00"
Schafer Chef Mix Mega Blender Seti,"₺2.499,00"
Kiwi KSM 2405 Tost Makinesi,"₺699,00"
Arzum Mistost AR2037 Tost Makinesi,"₺1.999,00"
Kiwi KCM-7512 Elektrikli Çelik Cezve,"₺499,00"
Homend Royaltea 1741H Çelik Çay Makinesi,"₺2.699,00"
Arzum Monomix Çubuk Blender AR1132,"₺999,00"
Homend Handmaid 1935H Çubuk Blender,"₺999,00"
Singer M1605 Dikiş Makinesi,"₺5.799,00"
Kiwi KLR-1513 Yün Kazak Temizleme Cihazı,"₺199,00"
Kiwi KCJ-1803 Otomatik Narenciye Sıkacağı,"₺449,00"
Kiwi KAH-6643 Ultrasonik Hava Nemlendirici,"₺949,00"
Kiwi KCJ-1807 Katı Meyve Sıkacağı,"₺1.699,00"
Kiwi Buharlı Temizleyici KSC4211,"₺999,00"
Onvo Vacuum Cleaner Şarjlı Dik Süpürge,"₺3.999,00"
Pierre Cardin PC-B20001 Dijital Baskül,"₺349,00"
Hometech Elektrikli Katlanabilir Çelik Cezve,"₺459,00"
Kiwi KSM-2448 Tost Makinesi,"₺2.199,00"
Sinbo SHD-7093 Saç Kurutma Makinesi,"₺499,00"
Schafer Kraft Saç Kurutma Makinesi,"₺749,00"
Sinbo STM-5831 Elektrikli Çay Makinesi,"₺1.199,00"
Homend Grilliant 1356H Inox Tost Makinesi,"₺2.199,00"
Homend 1261 H Dustrider Şarjlı Dik Süpürge,"₺4.399,00"
Sinbo SK-8029 Cam Kettle,"₺699,00"
Sinbo SSI-6626 Buharlı Kırışık Giderici,"₺799,00"
Homend 7010H Mixfresh Smoothie Blender,"₺1.399,00"
Kiwi Buharlı Temizleyici KSC-4255,"₺2.999,00"
Starcom Akıllı Tartı ST-54,"₺329,00"
Kiwi KCC-4325W Koltuk ve Halı Yıkama Makinesi,"₺5.999,00"
Aprilla AFM-2898 Şarjlı Sporcu Masaj Aleti,"₺1.199,00"
Sinbo SSM-2590 Izgara & Tost Makinesi,"₺1.699,00"
Sinbo SSM-2513 Mini Tost Makinesi,"₺599,00"
Sinbo SBS 4451 Dijital Baskül,"₺249,00"
Pierre Cardin Saç Kurutma Makinesi,"₺999,00"
Sinbo SCM-2975 Türk Kahve Makinesi,"₺329,00"
Sinbo SSM-2589 Belçika Waffle Makinesi,"₺899,00"
Kiwi KSM-2444 Izgara ve Tost Makinesi,"₺899,00"
Homend Steamwork 1167H Buhar Kazanlı Ütü,"₺2.599,00"
Onvo OVTM01 Dijital Çay Makinesi,"₺1.799,00"
Kiwi KWC 7130 Cam Temizleme Robotu,"₺4.599,00"
Sinbo Tost Makinesi SSM-2518,"₺1.199,00"
Sinbo Saç Kesme Makinesi SHC 1905,"₺599,00"
Kiwi KSB-2214 Sport Blender,"₺899,00"
English Home Stand Mikser,"₺4.799,00"
Pierre Cardin PC-K11004 Profesyonel Saç Kurutma Makinesi,"₺1.199,00"
Kiwi Portatif Buharlı Ütü KSI-647,"₺749,00"
English Home MBS 3001 Mini Blender Seti,"₺1.699,00"
Sinbo SK-8026 Inox Kettle,"₺549,00"
Hyundai Toz Torbasız Elektrikli Süpürge,"₺2.799,00"
Sinbo SHB-3186 5 Fonksiyonlu El Blender Seti,"₺1.599,00"
Sinbo Katı Meyve Sıkacağı SJ 3143,"₺1.199,00"
Kiwi KAH-6616 Ultrasonik Aroma Difüzörü,"₺399,00"
Kiwi KCC-4370 Halı Yıkama Makinesi,"₺3.499,00"
Pierre Cardin İyonik Saç Kurutma Makinesi K22001,"₺949,00"
English Home Sütlü Türk Kahve Makinesi TKM6011,"₺1.299,00"
English Home Airfryer,"₺2.499,00"
Hometech Çelik Kettle,"₺539,00"
Sinbo SCC-7605 Halı ve Koltuk Yıkama Makinesi,"₺3.799,00"
Sarex Tealux Çay Makinesi SR-3301,"₺1.199,00"
Sarex Megaforce Cyclone Elektrikli Süpürge SR5212,"₺2.599,00"
English Home Inox Çay Makinesi,"₺2.199,00"
Sinbo STM 5840 Elektrikli Çay Makinesi,"₺999,00"
Sinbo Buharlı Kırışık Giderici SSI-6636,"₺649,00"
Kiwi KSC-4270 Şarjlı Islak Kuru Süpürge ve Zemin Temizleyici,"₺5.999,00"
Schafer Çaykeyfi Çay Makinesi,"₺1.399,00"
Akel AF016 Termostatlı Yuvarlak Fırın,"₺1.999,00"
Piranha 9927 Bebek IP Kamera,"₺1.099,00"
Onvo OVBLD06 Dijital Ekranlı Mini Blender Set,"₺1.899,00"
Onvo OVTST05 Dijital Tost Makinesi,"₺4.399,00"
Kiwi Baby KBABY-92 Sıcaklık ve Nem Ölçer,"₺239,00"
Pierre Cardin Retro Kettle,"₺1.299,00"
Pierre Cardin Elektrikli Çelik Çay Makinesi,"₺1.599,00"
Sinbo SVC-8616 Dikey Elektrikli Süpürge,"₺999,00"
Homend Royaltea Elegant 1767H Çay Makinesi,"₺2.699,00"
Sinbo SVC-8636 BLDC Kablosuz Dikey Şarjlı Süpürge,"₺3.799,00"
Sinbo SHB-7508 Smoothie Blender,"₺899,00"
Pierre Cardin Cam Çay Makinesi,"₺1.799,00"
Kiwi KVC-4091 Robot Süpürge,"₺7.999,00"
Pierre Cardin Türk Kahve Makinesi,"₺1.199,00"
Kiwi KTM 2911 Çay Makinesi,"₺1.599,00"
Philips XC6450/10 Şarjlı Dik Süpürge,"₺11.949,00"
Sinbo SSM-2588 Tost Makinesi,"₺699,00"
Fantom Carbon CC4500 Cyclone Süpürge,"₺3.999,00"
Kiwi KAP-6730H Akıllı Hava Temizleyici,"₺3.999,00"
Sinbo SMX-2773 Dijital Göstergeli Stand Mikser,"₺4.499,00"
Aprilla AFM-2828 Şarjlı Kupa Çekme Makinesi,"₺699,00"
Fakir Chailand Maxi Çay Makinesi,"₺2.399,00"
Sunny Merlin Blender Seti,"₺1.599,00"
Fakir Pocket Clean Buharlı Temizleyici,"₺1.799,00"
Philips FC9330/07 Torbasız Elektrikli Süpürge,"₺6.499,00"
Kiwi KCF-5940 Fondü Makinesi,"₺799,00"
Kiwi KPM-7412 Mısır Patlatma Makinesi,"₺899,00"
English Home 2030 AIF Airfryer,"₺3.999,00"
Philips 4440 Serisi LatteGo EP4446/70 Tam Otomatik Espresso Makinesi,"₺25.699,00"
Sinbo SCM-2992 Inox Cezve,"₺499,00"
Kiwi 2442 Waffle Makinesi,"₺799,00"
Sinbo SCM-2982 Kahve ve Baharat Öğütücü,"₺899,00"
Kiwi KSB-2251 Pro Stantlı Blender,"₺1.199,00"
İtimat Mini Fırın,"₺1.899,00"
Onvo OVCM03 Filtre Kahve Makinası,"₺1.399,00"
Pierre Cardin Buharlı Kırışıklık Giderici,"₺999,00"
Xiaomi Tv Box S 3. Nesil Medya Oynatıcı,"₺3.999,00"
Sinbo SMX 2775 3 in 1 Stand Mikser,"₺4.999,00"
Sinbo SSC-6429 El Tipi Buharlı Temizleyici,"₺1.599,00"
Sinbo SCM 2985 Türk Kahvesi Makinesi,"₺999,00"
Sinbo SHD-1740 BLDC Saç Kurutma Makinesi,"₺999,00"
Sinbo SSC-6423 Buharlı Temizleyici,"₺2.999,00"
Vestel Barista Yarı Otomatik Espresso Makinesi,"₺3.999,00"
2'si 1 Arada Süpürebilen Dikey Paspas,"₺499,00"
Regal RK1000 Kablolu Dik Süpürge,"₺1.599,00"
Philips Azur 7000 Serisi DST7040/80 HV Buharlı Ütü,"₺3.299,00"
Pierre Cardin Türk Kahvesi Makinesi,"₺1.299,00"
Sinbo SVC 8613 Torbasız Cyclonic Elektrikli Süpürge,"₺2.799,00"
Sinbo SCM 2984 Türk Kahve Makinesi,"₺999,00"
Kiwi KKT-33 Otel Tipi Kettle,"₺749,00"
Kiwi KSC-4217 Buharlı Temizleyici,"₺3.099,00"
Sinbo SVC-8633 Kablosuz Dikey Süpürge,"₺4.999,00"
Kiwi KMX-3612 Şarjlı El Mikseri,"₺499,00"
Pierre Cardin Elektrikli Cezve,"₺399,00"
Flavel Koltuk ve Halı Yıkama Makinesi,"₺3.499,00"
Pierre Cardin Elektrikli Katlanabilir Cezve,"₺599,00"
Pierre Cardin Elektrikli Çay Makinesi,"₺1.199,00"
Kiwi Cam Kettle 3333,"₺799,00"
Sinbo SCM-2980 Kahve Baharat Öğütme Makinesi,"₺649,00"
Kiwi KSC-4214 Buharlı Temizleyici,"₺1.499,00"
Pierre Cardin Çelik Kettle,"₺699,00"
English Home ELB 3001 El Blenderı,"₺999,00"
English Home CMK 6030 Çay Makinesi,"₺1.399,00"
English Home TKM6002 Türk Kahve Makinesi,"₺1.599,00"
English Home Kişisel Blender KBL 3001,"₺1.399,00"
Arzum AR4115 Cyclone Süpürge,"₺3.999,00"
Schafer Hepa Filtre Kablolu Dik Süpürge,"₺1.499,00"
Onvo Airfryer 8 L,"₺2.599,00"
Onvo Çelik Çay Makinesi,"₺1.599,00"
Onvo OVDSS01XPLUS 250 W Dikey Şarjlı Süpürge,"₺4.499,00"
Kiwi KSM-2453 Izgara ve Tost Makinesi,"₺1.999,00"
Sinbo Çok Amaçlı Pişirici SCO-5061,"₺1.199,00"
Braun KF570 Filtre Kahve Makinesi,"₺2.399,00"
Kiwi Yatak Süpürgesi KVC-4180,"₺1.699,00"
Kiwi KSI-6357 Akıllı Buharlı Ütü,"₺1.299,00"
Homend Royaltea 1755H Plastik Çay Makinesi,"₺1.399,00"
Homend 2101H Robochop Cam Doğrayıcı,"₺1.499,00"
Homend 3082H Stand Mikser,"₺4.299,00"
Kiwi KFAN-7608 Şarjlı Masaüstü Vantilatör,"₺349,00"
Sinbo STM-5848 Cam Çay Seti,"₺1.299,00"
Sinbo Cam Elektrikli Cezve SCM-2998,"₺439,00"
Sinbo SHB-3182 Çırpıcılı El Blender Seti,"₺999,00"
Sinbo SSI-6632 Buharlı Kırışık Giderici,"₺949,00"
Sinbo SCM-2987 Espresso Kahve Makinesi,"₺3.499,00"
Sinbo Standlı Mixer SMX-2771,"₺2.999,00"
Starcom ST-44 Dijital Baskül,"₺279,00"
Aprilla Saç Kurutma Makinesi AHD-2151,"₺699,00"
Philips DST5030/80 5000 Serisi Buharlı Ütü,"₺2.799,00"
Kiwi KIM-4700 Dondurma Makinesi,"₺1.499,00"
Kiwi Buharlı Temizleyici KSC4210,"₺899,00"
Kiwi KSI-6306 Buharlı Ütü,"₺699,00"
Veryfit Şarjlı Ambalaj Kapatma Cihazı,"₺399,00"
Aprilla Profesyonel Tıraş Makinesi AHC 5050,"₺749,00"
Pierre Cardin Şarjlı Saç Kesme Makinesi,"₺999,00"
Pierre Cardin PCG30001 Kulak Burun Tüy Alma Makinesi,"₺149,00"
Hometech Saç Şekillendirici Fırça,"₺499,00"
Arzum Epilasyon Aleti AR5040,"₺599,00"
Kiwi Elektrikli Göğüs Pompası K-Baby58,"₺699,00"
Aprilla Kalın Maşa AHS2050,"₺399,00"
Aprilla AHS-2013 Saç Düzleştirici,"₺329,00"
Arzum Pery AR5038 Saç Kurutma Makinesi,"₺999,00"
Pierre Cardin Şarjlı Saç Sakal Kesme Makinesi,"₺1.299,00"
Aprilla AHS 2051 Bukle Maşası,"₺399,00"
Pierre Cardin PC-D20001 Saç Düzleştirici,"₺599,00"
Pierre Cardin PCF20001 Hava Üflemeli Saç Şekillendirici,"₺599,00"
Aprilla Vakumlu Cilt Bakım Cihazı 2816,"₺299,00"
Aprilla AFM-2880 Boyun Masaj Aleti,"₺1.099,00"
Pierre Cardin PC-L10001 IPL Cihazı,"₺1.999,00"
Aprilla AHC5011 Saç Kesme Makinesi,"₺499,00"
Pierre Cardin PC-C200001 Saç Maşası,"₺599,00"
Aprilla AHS2049 Saç Maşası,"₺449,00"
Pierre Cardin PC-A21104 5 Başlıklı Erkek Bakım Seti,"₺1.299,00"
Pierre Cardin 5 In 1 Epilasyon Seti,"₺1.299,00"
Sinbo Saç Kesme Makinesi SHC-1902,"₺349,00"
Pierre Cardin E11002 6 Başlıklı Epilasyon Seti,"₺899,00"
Kiwi Kep-6833 IPL Tüy Alma Cihazı,"₺1.299,00"
Pierre Cardin PC-Y10001 Göğüs Pompası,"₺1.099,00"
Goldmaster Saç Sakal Şekillendirme Makinesi GM-7135,"₺439,00"
Kiwi IPL Tüy Alma Cihazı KEP-6834,"₺2.199,00"
Kiwi Ayak Masaj Aleti KFM-8636,"₺949,00"
Pierre Cardin PC-C21001 İkisi Bir Arada Saç Maşası ve Düzleştirici,"₺999,00"
Goldmaster Şarjlı Saç Sakal Şekillendirici GM-8100,"₺499,00"
Pierre Cardin M20001 Boyun Masaj Aleti,"₺999,00"
Powertec TR-758 Tıraş Makinesi,"₺1.499,00"
Xiaomi Extender Pro Wi-Fi Güçlendirici,"₺799,00"
Onvo OVMC 1200 Erkek Bakım Seti,"₺1.099,00"
Onvo OVHD200 Saç Kurutma Makinesi,"₺999,00"
Onvo OVMC1100 Erkek Bakım Seti,"₺1.199,00"
Pierre Cardin Waffle Makinesi,"₺1.099,00"
Sinbo SVC-8630 Şarjlı El Süpürgesi,"₺799,00"
Pierre Cardin PCA21201C Saç Sakal Kesme Makinesi,"₺999,00"
Sinbo SDH-1708 Saç Düzleştirici,"₺499,00"
Kiwi KFM-2832 Şarjlı Masaj Aleti,"₺849,00"
Kiwi KSW 3072 Dikiş Makinesi,"₺2.799,00"
Kiwi KHS 2037 Saç Maşası,"₺799,00"
Kiwi KEP-6802 Şarjlı Kirpik Kıvırıcı,"₺249,00"
Kiwi KHS-2000 Saç Düzleştirici Tarak,"₺699,00"
Kiwi KFM-8620 Şarjlı Duruş Düzeltici,"₺299,00"
Kiwi KFM-2822 Şarjlı Cilt Temizleyici,"₺499,00"
Kiwi KFM-8610 Saç Derisi Masaj Tarağı,"₺1.499,00"
Aprilla AFM-2821 Şarjlı Cilt Bakım Makinesi,"₺599,00"
Kiwi KFM-8602 Migren Bandı,"₺299,00"
Kiwi KFM-2823 EMS Cilt Bakım Cihazı,"₺799,00"
Hometech HT-54 Akıllı Tartı,"₺349,00"
Aprilla AHC-5051 Profesyonel Şarjlı Saç Sakal Kesme Makinesi,"₺849,00"
Kiwi KEP-6836 IPL Epilasyon Aleti,"₺1.099,00"
Pierre Cardin PC-M10004 4 Başlıklı Masaj Aleti,"₺999,00"
Pierre Cardin İyonik Saç Kurutma Makinesi,"₺999,00"
Pierre Cardin 8 Başlıklı Saç Şekilllendirici,"₺5.999,00"
Hometech HT-44 Dijital Baskül,"₺279,00"
Pierre Cardin LED Oje Kurutucu,"₺299,00"
Pierre Cardin Makyaj Fırçası Temizleme Cihazı,"₺599,00"
Pierre Cardin Göz Altı Bakım Cihazı,"₺279,00"
Pierre Cardin EMS Cilt Bakım Cihazı,"₺599,00"
Pierre Cardin Kafa Masaj Aleti,"₺599,00"
Onvo OVHYM100 Halı ve Koltuk Yıkama Makinesi,"₺3.799,00"
Onvo OVHC02 Saç Kurutma Makinesi,"₺1.499,00"
Onvo MC1500 Erkek Bakım Seti,"₺1.199,00"
Onvo OVMC1300 10 in 1 Erkek Bakım Seti,"₺999,00"
Kiwi KFM-8614 Şarjlı Masaj Aleti,"₺499,00"
Vestel Saç Düzleştirici İyonik Tarak,"₺699,00"
Veryfit Saç Kırığı Alma Makinesi,"₺699,00"
Kiwi KHS-2081 Saç Düzleştirici,"₺2.399,00"
English Home SKM 4010 Saç Kurutma Makinesi,"₺899,00"
Aprilla Epilatör 6818,"₺459,00"
Onvo OVMC1400 Erkek Kişisel Bakım Seti,"₺999,00"
Pierre Cardin Saç Maşası PC-C20002,"₺899,00"
Aprilla Yüz Saunası AFM-2817,"₺499,00"
Aprilla Buz Yüz Masaj Aleti AFM-2815,"₺149,00"
Pierre Cardin Şarjlı Tıraş Makinesi,"₺899,00"
Braun MGK 3410 6'sı 1 Arada Erkek Bakım Kiti,"₺1.499,00"
Powertec TR-901 Saç Kurutma Makinesi,"₺899,00"
Pierre Cardin 5 In 1 Saç Şekillendirici Set,"₺1.599,00"
Kiwi KFAN-7629 Şarjlı Standlı Vantilatör,"₺2.599,00"
Kiwi KFAN-7690 Kule Tipi Turbo Vantilatör,"₺3.999,00"
Kiwi KFAN7670 Pervanesiz Kule Tipi Vantilatör,"₺1.099,00"
Kiwi KFAN-7655 Soğuk Buharlı Masaüstü Fan,"₺399,00"
Kiwi KFAN-7400 Şarjlı Mini Fan,"₺199,00"
Kiwi KFAN-7603 Şarjlı El Fanı,"₺199,00"
Kiwi KFAN-7419 Sirkülasyonlu Vantilatör,"₺1.299,00"
Kiwi Katlanır Ayaklı Vantilatör,"₺999,00"
Kiwi KFAN-7681 Tavan Tipi Fan,"₺899,00"
Kiwi KFAN-7473 Endüstriyel Fan,"₺1.499,00"
Kiwi KFAN-7607 Şarjlı Masa Vantilatörü,"₺379,00"
Hometech Alfa 620C Notebook,"₺6.499,00"
Lenovo Ideapad Slim 3 15IAN8 N100 4 GB 128 GB Notebook,"₺8.999,00"
Canon MG2551S Çok Fonksiyonlu Yazıcı,"₺1.899,00"
Canon G3430 Tanklı Yazıcı,"₺5.299,00"
SanDisk USB Bellek 32 GB,"₺499,00"
Piranha 2345 Kablolu Gaming Klavye,"₺449,00"
Piranha Gaming Mouse,"₺239,00"
Notebook Soğutucu,"₺249,00"
SanDisk USB Bellek 64 GB,"₺619,00"
SanDisk Cruzer Blade 128 GB USB Flash Bellek,"₺369,00"
SanDisk Dahili Hard Disk 240 GB,"₺749,00"
Metal USB Fan,"₺149,00"
Piranha 2350 Gaming Klavye,"₺499,00"
Piranha 8880 Ambiyans Işık,"₺479,00"
Piranha 7656 Bluetooth Şarjlı Kablosuz Mouse,"₺249,00"
Piranha Katlanabilir Ayarlı Dizüstü Bilgisayar ve Tablet Standı,"₺179,00"
Sandisk SSD Dahili Hard Disk 480 GB,"₺1.199,00"
Piranha 2378 Kablosuz Klavye,"₺499,00"
Piranha 2360 Kablolu RGB Oyuncu Klavyesi,"₺599,00"
Piranha 7632 Kablosuz Gaming Mouse,"₺499,00"
Lenovo Kablosuz Mouse GY51L52638,"₺349,00"
Piranha 7658 Bluetooth Şarjlı Kablosuz Mouse,"₺299,00"
Thull Gaming Hoparlör,"₺599,00"
Thull Gaming Mouse,"₺249,00"
Thull Gaming Klavye,"₺349,00"
SanDisk Dual Drive USB Bellek 64 GB 3.2,"₺349,00"
Piranha Gaming Mouse 7631,"₺279,00"
Piranha Çoklu USB Kablo 3370,"₺149,00"
Piranha Bluetooth Klavye 2382,"₺499,00"
Piranha Bluetooth Klavye 2376,"₺499,00"
Piranha Bebek IP Kamera,"₺999,00"
Piranha 9958 Kablosuz Kulak İçi Kulaklık,"₺499,00"
Piranha 2210 Bluetooth Kulaklık,"₺459,00"
Piranha 9946 Bluetooth Kulaklık,"₺329,00"
Piranha 9960 Kulakiçi Bluetooth Kulaklık,"₺399,00"
Piranha 2146 Oyuncu Kulaklığı,"₺499,00"
Fobem 322 HD Uydu Alıcısı,"₺489,00"
JBL Tune 527BT Kablosuz Kulaküstü Kulaklık,"₺1.899,00"
Piranha 7849 Bluetooth Hoparlör,"₺499,00"
General Home Bluetooth YD-202 Yuvarlak Hoparlör,"₺549,00"
Thull Kablosuz Gaming Kulaklık,"₺399,00"
Thull Kafaüstü Gaming Kulaklık,"₺449,00"
Trax Mobile TBS-1990 Bluetooth Hoparlör,"₺599,00"
Trax Bluetooth Kulaklık ve Hoparlör Seti,"₺1.399,00"
Trax M24304 4'ü 1 Arada Kablosuz Bluetooth Hoparlör,"₺799,00"
Trax TBS-1650 Kablosuz Bluetooth Hoparlör,"₺539,00"
Trax WS-1967 Bluetooth Hoparlör,"₺799,00"
Go Smart BTS-30 Kablosuz Hoparlör,"₺399,00"
Go Smart GS-BTS-32 Bluetooth Hoparlör,"₺349,00"
Go Smart GS-BT-20 Bluetooth Kafaüstü Kulaklık,"₺439,00"
Go Smart GS-TWS-35 BT Kulaklık,"₺329,00"
Go Smart GS-TWS-25 Bluetooth Kulakiçi Kulaklık,"₺299,00"
Thull ANC Kafaüstü Kulaklık THL-E11,"₺999,00"
Go Smart Bluetooth Kulaklık TWS-19,"₺299,00"
Go Smart Bluetooth Speaker BTS-25,"₺399,00"
Go Smart Bluetooth Kulaklık TWS 18,"₺329,00"
Piranha 7843 Su Geçirmez Kablosuz Hoparlör,"₺349,00"
Piranha 7841 Kablosuz Hoparlör,"₺599,00"
Piranha 7842 Taşınabilir Kamp Hoparlörü,"₺599,00"
Piranha 7846 Araba Görünümlü BT Hoparlör,"₺599,00"
Piranha 7844 Yüzen Kablosuz Havuz Hoparlörü,"₺599,00"
Piranha 2180 Kablolu RGB Oyuncu Kulaklığı,"₺699,00"
Piranha 2072 Kablosuz Oyuncu Kulaklığı,"₺599,00"
Piranha Dekoratif Bluetooth Hoparlör 7839,"₺299,00"
Piranha Bluetooth Hoparlör 7840,"₺699,00"
Piranha 9974 Bluetooth Kulaklık,"₺449,00"
Piranha 7897 RGB Işıklı Büyük Boy Kablosuz Hoparlör,"₺699,00"
Piranha 7888 RGB Işıklı Kablosuz Parti Hoparlörü,"₺699,00"
Piranha 2071 Bluetooth Gaming Kulaklık,"₺649,00"
Piranha 7835 Bluetooth RGB Hoparlör,"₺599,00"
Piranha Bluetooth Hoparlör 7889,"₺1.399,00"
Piranha 7837 Kablosuz Hoparlör,"₺599,00"
Piranha Bluetooth Kulaklık 9970,"₺349,00"
Piranha Gaming Kulaklık 2065,"₺399,00"
Piranha 7880 Kablosuz Hoparlör,"₺599,00"
Piranha 2070 Bluetooth Gaming Kulaklık,"₺499,00"
Piranha Gaming Kulaklık 2175,"₺459,00"
Philips Bluetooth Kulaklık TAH1108,"₺999,00"
Duracell Simply Aa Kalem Pil 6'lı,"₺259,95"
Duracell Simply Aaa İnce Kalem Pil 6'lı,"₺259,95"
Duracell Simply Düğme Pil 3'lü 2032,"₺199,95"
Varta Alkalin Kalın Pil 4'lü,"₺79,00"
Varta Alkalin İnce Pil 4'lü,"₺79,00"
Orbus CR2032 Düğme Pil 4'lü,"₺45,00"
Panasonic Alkalin Power Kalem Pil 4'lü,"₺79,50"
Panasonic Alkalin Power İnce Pil 4'lü,"₺79,50"
Aforce Alkalin İnce Pil 6'lı,"₺50,25"
Aforce Alkalin Kalem Pil 6'lı,"₺51,75"
Piranha Akım Korumalı 3'lü Uzatma Kablosu,"₺399,00"
Piranha Akım Korumalı 3'lü Makaralı Uzatma Kablosu,"₺489,00"
Hilfe Akım Korumalı USB'li Priz Çoklayıcı,"₺429,00"
Piranha Akım Korumalı 2 USB 1 Type-C 6'lı Uzatma Kablosu,"₺469,00"
Trax M24302 Bluetooth Hoparlör Şarj Standı,"₺999,00"
İcover CC-357 Araç Çakmak Şarj Cihazı,"₺179,00"
Aukey 20 W Omnia II Mini Gan Pd Qc 3.0 Type-C Hızlı Şarj Adaptörü,"₺299,00"
Elitled Uzaktan Kumandalı 9 W Led Ampul,"₺99,50"
"Osram LED Ampul 8,5 W","₺55,00"
Philips Led Ampul 8 W,"₺79,50"
Panasonic Led Ampul 8.5W,"₺49,50"
Orbus Neon Led Şerit 2 Metre,"₺149,00"
Solar Led Ampul 9W 6500K CM,"₺39,00"
Seldur Led Ampul 9W,"₺47,50"
Piranha Sese Duyarlı Ambiyans Aydınlatma,"₺399,00"
Soffio Extra Large Çocuk Bezi 7'li 16+ Kg,"₺29,50"
Soffio Junior Çocuk Bezi 8'Li 12-25 Kg,"₺29,50"
Soffio Maxi Çocuk Bezi 9'lu 8-18 Kg,"₺29,50"
Soffio Midi Çocuk Bezi 50'li,"₺199,00"
Soffio Yenidoğan Çocuk Bezi 40'lı 2-5 kg,"₺107,00"
Soffio XL Çocuk Bezi 30'lu,"₺199,00"
Soffio Mini Çocuk Bezi 60'lı,"₺199,00"
Soffio Maxi Çocuk Bezi 44'lü,"₺199,00"
Soffio Junior Çocuk Bezi 32'li,"₺199,00"
Soffio Pure Touch Maxi Çocuk Bezi 90 Adet 8-18 Kg,"₺279,00"
Soffio Pure Touch Junior Çocuk Bezi 70 Adet 12-25 Kg,"₺279,00"
Soffio Pure Touch Ekstra Large Çocuk Bezi 60 Adet 16+ Kg,"₺279,00"
Sleepy Junior Çocuk Bezi 40'lı,"₺175,00"
Sleepy XL Çocuk Bezi 32'li,"₺175,00"
Sleepy Maxi Çocuk Bezi 52'li,"₺175,00"
Molfix Çocuk Bezi No: 6 XL 54 Adet,"₺339,00"
Molfix Çocuk Bezi No: 5 Junior 66 Adet,"₺339,00"
Molfix Çocuk Bezi No: 4 Maxi 86 Adet,"₺339,00"
Molfix Extra Large Çocuk Bezi 38'li,"₺359,00"
Molfix Maxi Çocuk Bezi 62'li,"₺359,00"
Molfix Junior Çocuk Bezi 48'li,"₺359,00"
Sleepy Yenidoğan Çocuk Bezi 42'li 2-5 kg,"₺85,00"
Sleepy Natural Midi Çocuk Bezi 30'lu 4-9 kg,"₺85,00"
Sleepy Natural Maxi Çocuk Bezi 27'li 7-14 kg,"₺85,00"
Sleepy Natural Junior Çocuk Bezi 20'li 11-18 kg,"₺85,00"
Sleepy Natural X Large Çocuk Bezi 17'li 15-25 kg,"₺85,00"
Sleepy Natural XXL Çocuk Bezi 14'lü 20-30 kg,"₺85,00"
Baby Turco Junior Bebek Bezi 92 Adet,"₺329,00"
Baby Turco Maxi Bebek Bezi 120 Adet,"₺329,00"
Baby Turco Ekstra Large Bebek Çocuk Bezi 72 Adet,"₺329,00"
Molfix Çocuk Bezi No:5 Junior 78 Adet,"₺329,00"
Molfix Çocuk Bezi No:6 Ekstra Large 62 Adet,"₺329,00"
Molfix Çocuk Bezi No:4 Maxi 100 Adet,"₺329,00"
Sleepy Natural Double Soft Maxi Çocuk Bezi 60'lı,"₺219,00"
Sleepy Natural Double Soft Junior Çocuk Bezi 48'li,"₺219,00"
Sleepy Natural Double Soft XXL Çocuk Bezi 32'li,"₺219,00"
Sleepy Natural Double Soft X Large Çocuk Bezi 40'lı,"₺219,00"
Sleepy Natural Double Soft X Large Çocuk Bezi 62'li,"₺349,00"
Sleepy Natural Double Soft Ultra Junior Çocuk Bezi 78'li,"₺349,00"
Molfix Çocuk Bezi Junior 100'lü,"₺439,00"
Molfix Çocuk Bezi XL 80'li,"₺439,00"
Molfix Çocuk Bezi Maxi 128'li,"₺439,00"
Sleepy Natural Double Soft Maxi Çocuk Bezi 100'lü,"₺349,00"
Sleepy Natural XX Large Çocuk Bezi 32'li,"₺219,00"
Sleepy Natural X Large Çocuk Bezi 40'lı,"₺219,00"
Sleepy Natural Junior Çocuk Bezi 48'li,"₺219,00"
Sleepy Natural Maxi Çocuk Bezi 60'lı,"₺219,00"
Evy Baby Bebek Bakım Örtüsü 10'lu 60x60,"₺69,00"
Sleepy Extra XL Çocuk Bezi 62'li,"₺279,00"
Sleepy Extra Maxi Çocuk Bezi 100'lü,"₺279,00"
Sleepy Extra Junior Çocuk Bezi 78'li,"₺279,00"
Sleepy Extra XXL Çocuk Bezi 48'li,"₺279,00"
Baby Turco XX Large Bebek Bezi 62 Adet,"₺329,00"
Aptamil 1 Bebek Maması Biberon 250 G,"₺359,00"
Aptamil 2 Bebek Maması Biberon 250 G,"₺359,00"
Aptamil 3 Bebek Maması Biberon 250 G,"₺359,00"
Aptamil 4 Bebek Maması Biberon 250 G,"₺359,00"
Bebelac 1 Bebek Sütü 400 G,"₺299,00"
Bebelac Bebek Maması Biberon 2 400 G,"₺379,00"
Bebelac 1 Biberon Bebek Maması 800 G,"₺450,00"
Bebelac Bebek Maması Biberon 3 400 G,"₺379,00"
Bebelac Bebek Maması Biberon 4 400 G,"₺379,00"
Eti Cicibebe Bebe Bisküvisi 172 G,"₺52,00"
Eti Cicibebe Bebe Bisküvisi 1 Kg,"₺159,00"
Bebebis Bebe Bisküvisi 172 G,"₺29,50"
Ülker Bebe Bisküvisi 1 Kg,"₺200,00"
Ülker Bebe Bisküvisi 400 G,"₺89,00"
Hero Baby 8 Tahıllı Bebek Maması 400 G,"₺229,00"
Arı Sütlü Vitaminli Pirinç Unu 200 G,"₺69,50"
Arı Bebek Maması 7 Tahıllı Pirinç Unu 200 G,"₺29,00"
Eti Cicibebe Şekersiz Ekmek 125 G,"₺37,50"
Bebsi Meyve Süzgeci,"₺75,00"
Hero Pouch Çilek & Elma Bebek Maması 100 G,"₺57,50"
Hero Pouch Bisküvi & Muz Bebek Maması 100 G,"₺57,50"
Humm Zencefilli Tarçınlı Organik Bebe Bisküvisi 55 G,"₺75,00"
Hero Balkabaklı Bebek Maması 120 G,"₺60,00"
Hero Baby Organik Elma Şeftali Püreli Kavanoz Mama 120 G,"₺60,00"
Hero Goodies Kayısı & Elma Bebek Maması 100 G,"₺54,90"
Ülker Hero Muzlu Mandalinalı Armutlu +6 Ay Bebek Maması 125 G,"₺42,50"
Ülker Hero Elmalı Muzlu +4 Ay Bebek Maması 125 G,"₺42,50"
Ülker Hero Karışık Meyveli +5 Ay Bebek Maması 125 G,"₺42,50"
Soffio Sensitive Islak Havlu 3x60,"₺94,00"
Sleepy Natural Islak Havlu 3x60 Adet,"₺119,00"
Uni Baby Aktif Islak Havlu 4x52,"₺75,00"
Baby Turco Softcare Islak Havlu 4x70 Adet,"₺119,00"
Little Plane Bebek Ağız Mendili 5'li 24x24 cm,"₺99,50"
Sleepy Yenidoğan Islak Havlu 3x40 Adet,"₺99,50"
Sleepy Doğal Zeytinyağlı Islak Bebek Havlusu 4x90 Adet,"₺99,50"
Dalin Bebek Şampuanı 700 ml,"₺221,00"
Dalin Bebek Şampuanı 900 ml,"₺179,50"
Dalin Kolay Saç Tarama Spreyi 200 ml,"₺149,50"
Dalin Bıcı Bıcı Bebek Kolonyası 150 ml,"₺89,50"
Şeffaf Kova 13 L,"₺99,50"
"Şeffaf Maşrapa 1,5 L","₺24,50"
Kiwi Şarjlı Bebek Tırnak Kesme Aleti KBABY41,"₺399,00"
Dalin Bıcı Bıcı Bebek Sabunu 3x75 G,"₺99,50"
Dalin Köpük Sabun 200 ml,"₺99,50"
Chicco Bebek Masaj Yağı 200 ml,"₺179,00"
Chicco Bebek Şampuanı 500 ml,"₺149,00"
Paşabahçe Linka Çay Bardağı 6'lı 145 cc,"₺199,00"
Lav Buket Çay Seti 12 Parça,"₺349,90"
G4U Hatıra Çay Seti 12 Parça,"₺349,90"
Paşabahçe İstanbul Çay Seti 12 Parça,"₺349,90"
Ottimo Çay Bardağı 6'lı 115 Cc,"₺64,00"
Ottimo Kulplu Çay Bardağı 6'lı 155 cc,"₺115,00"
Ottimo Demet Çay Bardağı 6'lı 130 Cc,"₺112,00"
Lav Dilek Çay Seti 12 Parça,"₺349,90"
Lav Ottimo Meşrubat Bardağı 365 cc,"₺24,50"
Paşabahçe Vanilla Kase 6'lı 170 Cc,"₺179,00"
Paşabahçe Borcam Çok Amaçlı Kase 900 cc,"₺109,00"
Paşabahçe Generation Kase 2420 cc,"₺99,50"
Porsiyonluk Güveç Seti 6'lı,"₺89,50"
Paşabahçe Frigo Tereyağlık,"₺109,00"
Hascevher Tencere Seti 6 Parça,"₺999,00"
Hascevher Kumsal Tencere Seti 6 Parça 14-16-18 cm,"₺1.199,00"
Paşabahçe Patisserie Kapaklı Servis Tabağı 32 cm,"₺429,00"
Paşabahçe Borcam Derin Fırın Tepsisi 4420 cc,"₺339,00"
Hascevher Düdüklü Tencere 5 L,"₺899,00"
"Hascevher Düdüklü Tencere Seti 3,5 L +7 L","₺1.399,00"
Cem Granit Derin Tencere 3 Mm 24 Cm,"₺549,00"
Lava Döküm Basık Tencere 28 cm Kırmızı,"₺2.499,00"
Ocak Üstü Tost Makinesi,"₺599,00"
Has Cevher Seramik Tava 26 cm,"₺449,00"
Polochef Emoji Pancake Tavası,"₺329,00"
Cem Granit Basık Tencere 3 Mm 26 Cm,"₺549,00"
Essenso Tava ve Sahan Set 20-26 Cm,"₺599,00"
Lava Döküm Sahan 20 cm Kırmızı,"₺999,00"
Has Cevher Seramik Basık Tencere 26 cm,"₺699,00"
Orta Boy Güveç Tenceresi 24 cm,"₺109,00"
Has Cevher Seramik Derin Tencere 24 cm,"₺699,00"
Nero İkiz Balık Tavası 32 Cm,"₺429,00"
Cem Ezme Granit Tava 3 Mm 26 Cm,"₺279,00"
Poloched Kalpli Döküm Kek Kalıbı,"₺499,00"
Çok Amaçlı Saklama Kabı 15 L,"₺169,00"
Renkli Yuvarlak Saklama Kabı Seti 4'lü,"₺99,50"
Brita Maxtra Pro Sürahi Filtresi 3'lü,"₺599,00"
Brita Maxtra Pro Sürahi Filtresi 2'li,"₺379,00"
Paşabahçe Kapaklı Oval Borcam 2250+1800 cc,"₺299,00"
Papilla İkiz Balık Tavası 32 cm,"₺499,00"
Porselen Çay Tabağı 6'lı,"₺299,00"
Bambum Porselen Kahvaltı Takımı 10 Parça,"₺699,00"
Sarkap Home Gold Metal Çerezlik 4'lü 10 cm,"₺94,50"
Nehir Çelik Güveç Sahan Set,"₺1.199,00"
Kütahya Porselen Luz Yemek Takımı 18 Parça,"₺1.999,00"
Kütahya Porselen Luz Kayık Tabak 2'li,"₺479,00"
Hascevher Lavilla Prime Sahan Set 3'lü,"₺999,00"
Vip Ahmet Ayaklı Kek Fanusu,"₺299,00"
Vip Ahmet Folyo ve Streç Film Kesici,"₺59,50"
Paşabahçe Elips Kavanoz 1000 cc,"₺79,50"
Paşabahçe Polar İki Bölmeli Saklama Kabı 785 cc,"₺109,00"
Paşabahçe Leafy Kavanoz 380 cc,"₺159,00"
Paşabahçe Leafy Kavanoz 1080 cc,"₺229,00"
Paşabahçe Linka Bardak Takımı 18 Parça,"₺479,00"
Hascevher Krep Tavası 26 cm,"₺399,00"
Kulplu Cam Kavanoz 3 L,"₺99,50"
Eğimli Kavanoz Seti 4'lü 500 cc,"₺99,50"
Cam Yağlık 500 cc,"₺49,50"
"Ahşap Kapaklı Karaf 1,1 L","₺109,00"
Paşabahçe Azur Su Bardağı 210 cc,"₺24,50"
Paşabahçe Azur Meşrubat Bardağı 300 cc,"₺29,50"
Kapaklı Kase Seti 2'li,"₺155,00"
Lav Defne Kayık Tabak 230 cc,"₺34,50"
Lav Tasty Kavanoz 575 cc,"₺39,50"
Lav Tasty Kavanoz 1050 cc,"₺49,50"
Lav Helen Su Bardağı 240 cc,"₺29,50"
Lav Optikli Karaf 1200 cc,"₺99,50"
Dikdörtgen Kahvaltılık 6'lı,"₺149,00"
Paşabahçe Generation Kase 3000 cc,"₺109,00"
Paşabahçe Generation Pasta Tabağı 6'lı 19 cm,"₺199,00"
Paşabahçe Frigo Studio Bölmeli Tereyağlık,"₺109,00"
Onvo OVBLD04 Sürahi Blender,"₺3.999,00"
Paşabahçe Grace Kristalin Ayaklı Servis Tabağı 30 cm,"₺299,00"
Aynalı Kulplu Gold Tepsi 26 cm,"₺135,00"
Cam Kek Fanusu,"₺249,00"
Pratik Limonluk,"₺29,50"
Hascevher Rendeli Metal Kase Set,"₺849,00"
Paşabahçe Plus Cam Kapaklı Saklama Kabı 200 cc,"₺119,00"
Sinbo SHB-3185 Çubuk Blender,"₺599,00"
Sinbo SHB-7503 Şarjlı Rondo,"₺499,00"
Pierre Cardin Elektrikli Cam Cezve,"₺599,00"
Sinbo SJ-3195 Katı Meyve Sıkacağı Blender Seti,"₺1.799,00"
Pierre Cardin Kahve ve Baharat Öğütücü,"₺999,00"
Lav Cleo Kase 390 cc,"₺44,50"
Lav Cleo Kase 620 cc,"₺49,50"
Kiwi KTM 2914 Çay Makinesi,"₺1.699,00"
Yumurtalık 4'lü,"₺54,50"
Limon Sıkacağı,"₺24,50"
Kiwi KHB 4416 Çubuk Blender,"₺599,00"
Kaşıklı Şekerlik,"₺49,50"
Kiwi KMX-3600 Otomatik Karıştırıcı,"₺249,00"
Kiwi KSM-2432 Waffle Makinesi,"₺999,00"
Akasya Kapaklı Lüsterli Cam Kavanoz 340 ml,"₺189,00"
Borosilikat Bardak 430 ml,"₺69,50"
Kapaklı Hamur Leğeni 10 L,"₺99,50"
Papilla Kapaklı Sote Tava 24 cm,"₺399,00"
Papilla Sahan 20 cm,"₺209,00"
Akay Bulaşık Fırçası,"₺39,50"
Cem Katlanır Ahşap Saplı Grill Tava 24x24 cm,"₺399,00"
Cem Döküm Sahan 20 cm,"₺299,00"
Cem Döküm Tava 24 cm,"₺349,00"
Kiwi KIM-4710 2'si 1 Arada Narenciye Sıkacağı ve Salata Makinesi,"₺1.299,00"
Hascevher Mini Buharlı Metal Tencere 12 cm,"₺499,00"
Hascevher Metal Sosluk Tava 12 cm,"₺289,00"
Hascevher Grill Tava 20x20 cm,"₺179,00"
Hascevher Metal Sosluk Tava 14 cm,"₺299,00"
Hascevher Wok Tava 20 cm,"₺179,00"
Kase Seti 4'lü,"₺39,50"
Hascevher Ezme Granit Tava 26 cm,"₺399,00"
Hascevher Ezme Granit Derin Tencere 24 cm,"₺699,00"
Hascevher Ezme Granit Basık Tencere 26 cm,"₺699,00"
Hascevher Tava 26 cm,"₺449,00"
Hascevher Ezme Derin Tencere 24 cm,"₺699,00"
Hascevher Sahan 20 cm,"₺399,00"
Hascevher Ezme Basık Tencere 26 cm,"₺699,00"
Papilla Döküm Waffle Tava 19 cm,"₺599,00"
Papilla Döküm Tost Makinesi 18x24 cm,"₺599,00"
Vivaldi Seramik Derin Tencere 24 cm,"₺699,00"
Vivaldi Seramik Basık Tencere 26 cm,"₺649,00"
Döküm Waffle Tavası,"₺599,00"
Vivaldi Seramik Tava 26 cm,"₺449,00"
Vivaldi Seramik Kapaklı Sahan 20 cm,"₺449,00"
Has Cevher Seramik Sahan 20 cm,"₺399,00"
Vivaldi Ezme Granit Tava 26 cm,"₺299,00"
Papilla Wok Tava 28 cm,"₺399,00"
Vivaldi Ezme Granit Derin Tencere 24 cm,"₺599,00"
Vivaldi Ezme Granit Basık Tencere 26 cm,"₺599,00"
Dolma Taşı 21 cm,"₺49,50"
"Stoneware Fırın Kabı 22,5 cm","₺99,50"
Viapot Toprak Kase 4'lü 150 ml,"₺59,50"
Çay Bardağı Taşıma Kabı,"₺115,00"
Vivaldi Çelik Tencere 30 cm,"₺799,00"
Cem Döküm Krep Tava 26 cm,"₺349,00"
Cem Meyve Emojili Döküm Pancake Tava 26 cm,"₺349,00"
Arzum AR1188 Crust Mix Joy Stand Mikser,"₺4.999,00"
Homend Waffling 1350H Waffle Makinesi,"₺1.449,00"
Lav Helen Kupa 270 cc,"₺44,50"
Kütahya Porselen Luz Serisi 4 Parça 2 Kişilik Kahve Takımı,"₺599,00"
Kütahya Porselen Luz Serisi Pasta Tabağı Seti 6'lı 21 cm,"₺999,00"
Ece Mega Paket Buzdolabı Poşeti Orta Boy 80'li,"₺49,00"
Lav Alinda Kase 6'lı 215 cc,"₺179,00"
Lav Nehir Optikli Çay Seti 12 Parça,"₺279,00"
Roll-Up Doğal Pişirme Kağıdı 16'lı,"₺44,50"
Roll-Up Yanmaz Fırın Torbası 8'li,"₺29,90"
İdeal Pişirme Kağıdı Hazır Kesilmiş 16'lı,"₺35,00"
Lav Venüs Kulplu Çay Bardağı Seti 6'lı 150 ml,"₺199,00"
Lav Kapaksız Kavanoz 660 cc,"₺15,00"
Lav Kapaksız Kavanoz 425 cc,"₺14,00"
Lav Kapaksız Kavanoz 1000 cc,"₺19,50"
Elseve Dream Long Onarıcı Bakım Spreyi 150 ml,"₺308,00"
Clean & Fun Bulaşık Kurutma Matı 42x35 cm,"₺89,00"
Titiz Deterjan Hazneli Bulaşık Fırçası,"₺44,50"
Spon Buzdolabı Poşeti 100'lü,"₺45,00"
Spon Alüminyum Folyo 8 M,"₺67,50"
Sera Orta Boy Buzdolabı Poşeti 4 Paket 20'li,"₺69,50"
Sera Kesilmiş Doğal Pişirme Kağıdı 10'lu,"₺40,00"
Grill Time Briket Mangal Kömürü 2 KG,"₺129,00"
Grill Time Natural Mangal Kömürü 2 KG,"₺129,00"
Mangal Kömürü 2 Kg,"₺129,00"
Mangal Kömürü 2 Kg,"₺129,00"
Karton Bardak 25 Adet,"₺27,50"
Koroplast Saklama Poşeti 120'li,"₺45,00"
Koroplast Kesilmiş Yağlı Pişirme Kağıdı 16'lı,"₺45,00"
Sera Kilitli Poşet 12'li,"₺22,50"
Spon Streç Film 50 Metre,"₺27,75"
Spon Streç Film 50 Metre,"₺52,00"
Sera Streç Film 15 Metre 12 Adet,"₺22,50"
Koroplast Kesme Bıçaklı Streç Film 100 Metre,"₺179,00"
Spon Yağlı Pişirme Kağıdı 8 Metre,"₺40,00"
Spon Kesilmiş Yağlı Pişirme Kağıdı 16'lı,"₺37,50"
Sera Kesilmiş Yağlı Pişirme Kağıdı 16'lı,"₺49,50"
Sera Fırın Torbası 8'li,"₺17,50"
Sera Orta Boy Buzdolabı Poşeti 30'lu,"₺15,00"
Panotte Bambu Kürdan 400'lü,"₺26,90"
Ece Kürdan 400'lü,"₺18,50"
Plastik Tabak 10'lu,"₺39,95"
Ece 3 Gözlü Plastik Tabak 10'lu,"₺99,50"
"Ece Karton Tabak 10'lu 21,5 cm","₺26,00"
Ece Plastik Şeffaf Bardak 25'li,"₺39,75"
Çöp Şiş 100'lü 25 cm,"₺19,90"
Ece Kristal Bardak 5'li 180 cc,"₺39,50"
Panotte Bambu Çöp Şiş 25 Cm 100'lü,"₺26,95"
Ece Airfryer Pişirme Kağıdı 16'lı,"₺25,00"
Ece Körüklü Jelatinli Pipet 100'lü,"₺99,50"
Burpak Jelatinli Körüklü Frozen Pipet 50'li,"₺31,50"
Burpak Kapaklı Karton Aşure Kasesi 6'lı,"₺26,50"
Burpak Alüminyum Aşure Kasesi 10'lu,"₺26,50"
Ece 4 Oz Karton Bardak 25'li,"₺35,00"
Bic Maxi Taşlı Çakmak J6,"₺49,95"
Tokai Taşlı Doldur Kullan Çakmak,"₺16,90"
Brillant Yastık Alezi 50x70 cm,"₺99,50"
Brillant Tek Kişilik Kenar Korumalı Yatak Alezi 100x200x30 cm,"₺349,00"
Brillant Çift Kişilik Kenar Korumalı Yatak Alezi 160x200x30 cm,"₺449,00"
Ahşap Çubuklu Ayakkabılık,"₺189,00"
Mermer Desenli Yer Sofrası 70 cm,"₺449,00"
Mermer Desenli Katlanabilir Masa 60x90 cm,"₺699,00"
Promer Lux Kanatlı Kurutmalık,"₺729,00"
Promer Lux Ütü Masası 43x124 cm,"₺1.349,00"
Ahşap Çubuklu Ayakkabılık 67x65x18 cm,"₺189,00"
Little Plane Bebek Puset Sinekliği,"₺129,00"
Sitil Koyu Kahve Krem Boya 100 ml,"₺29,50"
Sitil Hazneli Sünger 4 ml,"₺29,50"
Sitil Spor Ayakkabı Temizlik Süngeri 50 ml,"₺39,50"
Sitil Siyah Krem Boya 100 ml,"₺29,50"
Vakumlu Poşet Seti 3'lü,"₺149,00"
MGS Mama Sandalyesi 55x63x90 cm,"₺599,00"
7 Parça Banyo Seti,"₺999,00"
Stantlı Sıvı Sabunluk Seti 2'li 500 ml + 500 ml,"₺109,00"
Organizer Sepet,"₺79,50"
Sisal Halı 120x180 cm,"₺1.199,00"
Sisal Yolluk 80x300 cm,"₺1.399,00"
Sisal Yolluk 80x150 cm,"₺699,00"
Vileda Spino Ultra Temizlik Seti,"₺999,00"
Vileda Spino Ultra Yedek Paspas,"₺109,00"
Dokuma Salon Halısı 160x230 cm,"₺1.799,00"
Büyük Makyaj Organizeri,"₺189,00"
Ahşap Çubuklu Dekoratif Raf,"₺99,50"
Pierre Cardin Tek Kişilik Alez 100x200 cm,"₺549,00"
Pierre Cardin Çift Kişilik Alez 160x200 cm,"₺649,00"
Pierre Cardin Yastık Alezi 2'li 50x70 cm,"₺279,00"
Pierre Cardin Bebek Yastık,"₺119,00"
Çekmece İçi Düzenleyici 4'lü,"₺99,50"
Vip Ahmet Sopa+Temizlik Mop Seti,"₺249,00"
Kiwi KLL-1321 G Şarjlı Masa Lambası,"₺399,00"
Akay Cam Silme Aparatı,"₺39,50"
Akay Yuvarlak Bulaşık Fırçası,"₺39,50"
Akay Temizlik Fırçası,"₺39,50"
Akay Lavabo ve Küvet Fırçası,"₺39,50"
Piranha Şarjlı Led Işık,"₺349,00"
Titiz Fırçalı Faraş,"₺29,50"
Titiz Bulaşık Fırçası Çift Renk,"₺39,50"
Titiz Kalorifer Peteği Fırçası,"₺24,50"
Titiz Tırnak ve Yaka Fırçası,"₺15,00"
Titiz Temizlik Fırçası,"₺39,50"
Titiz Lavabo Fırçası Çift Renk,"₺39,50"
Titiz Cam Silme Aparatı,"₺39,50"
Titiz Lavabo Fırçası,"₺29,50"
Titiz Lavabo Fırçası Plastik,"₺39,50"
Titiz Bulaşık Fırçası,"₺29,50"
Çamaşır Sepeti 32 L,"₺169,00"
Kirli Çamaşır Sepeti 50 L,"₺289,00"
4 Katlı Ayakkabı Rafı,"₺349,00"
Tekerlekli Katlanabilir Kapaklı Kutu 30 L,"₺379,00"
Akay Hamarat Faraş,"₺29,50"
Akay Saplı Fırçalı Faraş,"₺89,50"
3 Katlı Çok Amaçlı Metal Raf,"₺249,00"
Katlanır Küvet 35 L,"₺599,00"
Pierre Cardin Ortopedik Boyun Destekli Visco Yastık 30x50x11 cm,"₺549,00"
Kiwi 9870 LED Işıklı Fanlı Ayna,"₺599,00"
Ahşap Çubuklu Ayakkabılık,"₺189,00"
3 Raflı Bebek ve Çocuk Odası Kitaplığı 60x90 cm,"₺699,00"
Laptop Sehpası,"₺399,00"
Evdemo 3 Kapaklı Metal Ayakkabılık,"₺1.790,00"
Ahşap Çubuklu Ayakkabılık,"₺189,00"
Bestchoice Solar Aydınlatma Sistemi,"₺1.299,00"
Askılı Vakumlu Hurç,"₺99,50"
Plastik Küllük,"₺25,00"
Tesbihli Zikirmatik Seti,"₺59,50"
Tüy Toplama Rulosu 3'lü,"₺79,50"
Balonevi Kardan Adam Balon Seti,"₺59,50"
General Home Masa Lambası Mantar LED,"₺379,00"
"Orbus Dekoratif LED Çoklu 2,5 m","₺149,00"
Orbus Dekoratif LED Örgü 2 m,"₺109,00"
Orbus Dekoratif Şerit Aydınlatma,"₺219,00"
Orbus Dekoratif LED Mum,"₺65,00"
Orbus LR 44 Düğme Pil,"₺45,00"
Yedekli Tüy Toplama Rulosu,"₺125,00"
Nazar Boncuklu Çelik Takı Seti,"₺149,00"
Sitil Beyaz Spor Ayakkabı Boyası 75 ml,"₺49,50"
Sitil Temizleme Solüsyonu 100 ml,"₺32,50"
Green World Bambulu Oda Kokusu 100 ml,"₺149,50"
Clean&Fun Bulaşık Kurutma Matı 45x35 cm,"₺89,00"
Titiz Cam Silme Aparatı,"₺29,50"
Titiz Halı Yıkama Fırçası,"₺29,50"
Skold Kask Bölmeli Motosiklet Sırt Çantası,"₺1.199,00"
Kadın Suni Deri Kemer 2'li,"₺139,00"
%100 Erkek Deri Kemer,"₺199,00"
Çıtçıt Toka 4'lü,"₺49,50"
Tül Bandana 2'li,"₺89,50"
Denyco Ponpon Taç,"₺79,50"
Pierre Cardin 4 Başlıklı Masaj Aleti,"₺799,00"
Triathlon T-109 Masa Tenisi Raketi 2'li,"₺159,00"
Jwin MK-1261B 61 Tuşlu Org,"₺1.099,00"
Exent Fishing Olta Sehpası,"₺329,00"
Exent Fishing Olta Kancası 5'li,"₺64,50"
Exent Fishing Balıkçı Makası,"₺59,50"
Exent Fishing Olta Zili,"₺34,50"
Exent Fishing Balıkçı Pensesi,"₺149,00"
Exent Fishing Olta Aksesuar Seti,"₺249,00"
Exent Fishing Olta Seti,"₺549,00"
Ahşap Ramazan Davulu 20 Cm,"₺399,00"
Triathlon T-194 Egzersiz Direnç Yayı,"₺249,00"
Triathlon Boks Standı,"₺1.999,00"
Triathlon Mekik ve Egzersiz Aleti,"₺1.099,00"
Triathlon T-163 Top Şişirme Pompası,"₺99,50"
Katlı Balıkçılık Organizer Kutu,"₺299,00"
Paracord Bileklik,"₺119,00"
El Yapımı Balta,"₺899,00"
Demir Bisiklet Ön Sepet,"₺299,00"
Bisiklet Elciği,"₺99,00"
Bisiklet Egzozu,"₺549,00"
Bisiklet Çantası,"₺349,00"
Suluk Kafesi,"₺54,00"
Çıngırak Bisiklet Zili,"₺44,50"
Bisiklet Kilidi 120 cm,"₺169,00"
Best Choice Balık Kavrama Aparatı,"₺79,50"
Bestchoice Silikon Sahte Kurbağa,"₺59,50"
Bestchoice Skirt Zoka,"₺69,50"
Bestchoice Balıkçılık Organizer Kutu,"₺79,50"
Bestchoice Silikon Sahte Kurt 10'lu,"₺59,50"
Bestchoice Silikon Karides,"₺79,50"
Bestchoice Yem Bağlama İpi 2'li,"₺99,50"
Bestchoice Yem Bıçağı,"₺169,00"
Exent Fishing Olta Misinası,"₺59,50"
Bestchoice Olta Makinesi 10 KG,"₺1.349,00"
Bestchoice Olta Makinesi 20 KG,"₺1.449,00"
Bestchoice Olta Kamışı 8 KG,"₺929,00"
Bestchoice Sahte Balık Kaşık 7 cm,"₺119,00"
Bestchoice Olta Kamışı 12 KG,"₺1.349,00"
Bestchoice Olta Ucu Işığı,"₺69,50"
Triathlon Katlanabilir Şınav ve Egzersiz Tahtası,"₺399,00"
Triathlon T-242 Denge Ayarlı Barfiks Barı,"₺599,00"
Triathlon Ayarlanabilir Kol Bacak Bilek Kas Güçlendirici Egzersiz Aleti,"₺599,00"
Exent Fishing Balıkçı Filesi,"₺149,00"
İzolasyonlu Balıkçı Çantası,"₺379,00"
Dağcı Çantası 65 L,"₺399,00"
Triathlon Refleks Geliştirici Boks Makinesi,"₺1.499,00"
Exent Fishing Klipsli Fırdöndü,"₺49,50"
Çok Fonksiyonlu Kapı Barı,"₺549,00"
Barfiks Kapı Barı 80x130 cm,"₺389,00"
Exent Fishing Olta Misinası 200 m,"₺119,00"
Exent Fishing Silikon Sahte Yem 10'lu,"₺59,50"
Exent Fishing Fosfor Çubuğu 10'lu,"₺49,50"
Triathlon T-105 Atlama İpi,"₺129,00"
Orcamp Siboplu Kartuş Ocak+Kartuş Seti 230 G,"₺469,00"
Orcamp Rüzgarlık 6 Kanat,"₺449,00"
Orgaz K-635 Turbo Kamp Ocağı,"₺299,00"
Orcamp CX500 Çakmaklı Kartuş Pürmüz Seti 227 G,"₺469,00"
Orcamp KTS-227 Gaz Kartuşu 227 G,"₺119,00"
Orcamp Gaz Kartuşu 450 G,"₺219,00"
Fil Model Sulama Kabı 2 L,"₺75,00"
Yasemin Saksı No 5-4 L,"₺49,50"
Yasemin Saksı No 6-6 L,"₺64,50"
Kiwi Garden KGGT-620 Misinalı Yan Kesme Makinesi,"₺999,00"
"Yasemin Saksı No 3-1,1 L","₺22,50"
Yasemin Saksı No 4-2 L,"₺32,50"
Kiwi Garden KGGT-625 Şarjlı Çit Çim Kesme Makinesi,"₺1.049,00"
"Orkide Saksı 1,6 L","₺39,50"
İdealtorf Bitki Toprağı 10 L,"₺32,50"
Canlı Çiçek Cennet Kuşu,"₺149,50"
Mixflor Bitki Toprağı 10 L,"₺49,50"
Kiwi Garden KGHS-411 Bahçe Hortum Seti,"₺269,00"
Kiwi Garden KGHS-430E Hortum Makarası,"₺699,00"
Aukes Solar Sensörlü Projektör,"₺799,00"
Aukes Bahçe Sensörlü Yer Solar Lamba,"₺459,00"
BestChoice Solar Şık Duvar Aydınlatma,"₺349,00"
BestChoice Solar Duvar Aydınlatma,"₺299,00"
BestChoice Alüminyum El Feneri,"₺249,00"
Note 101 Koli Bandı 45 mm,"₺25,00"
12 Gözlü Slim Organizer,"₺149,00"
"Takım Çantası 14""","₺219,00"
4+1 Basamaklı Merdiven,"₺899,00"
Polisan Tavan Boyası 10 Kg,"₺349,00"
Polisan Plastik Duvar Boyası 10 Kg,"₺429,00"
Piranha+ PCW-7918 Şarjlı ve Yüksek Basınçlı Yıkama Makinesi,"₺1.499,00"
"Polisan Tavan Boyası 17,5 Kg","₺599,00"
"Polisan Panel Kapı Boyası 2,5 L","₺599,00"
Panther PT-8433 USB Şarjlı El Feneri,"₺129,00"
Deepway Lastik Parlatıcı Jel 400 ml,"₺75,00"
Deepway Çizik Alıcı Jel Cila 300 ml,"₺59,50"
Deepway Süper Parlatıcı Sıvı Cila 300 ml,"₺59,50"
Orcamp Kamp Testeresi,"₺279,00"
Piranha PP-9519 Polisaj Makinesi,"₺999,00"
Pass Beyaz Kartuş Sıvı Çivi 470 G,"₺85,00"
Pass Mum Silikon 200 Gr,"₺95,00"
Pass Makaralı Kablo 5 m,"₺529,00"
Kablolu Makara 4 Prizli 3x1.5 Mm 20 Mt,"₺749,00"
Fisher Price Sesli ve Işıklı Eğitici Lazımlık,"₺619,00"
Oyuncak Meyve Sebze Kesme Seti 7'li,"₺159,00"
Piranha F55 Smart Drone,"₺1.799,00"
Oyuncak Smartland Fileli Bultak Kare,"₺129,00"
Oyuncak Elektrikli Süpürge,"₺379,00"
Oyuncak Tombul Küçük ATV 54 cm,"₺499,00"
Triathlon Egzersiz Bantlı Trambolin,"₺1.999,00"
Oyuncak Helikopter Taşıyıcı,"₺159,00"
MGS Oyun Hamurlu Kuaför Seti,"₺99,50"
Balonevi Metalik Yeni Yıl Balon 6'lı,"₺29,50"
Oyuncak 320 Parça Yıldız Bloklar,"₺299,00"
Oyuncak Süper Mak Kamyon,"₺299,00"
Oyuncak Şirin Davul,"₺109,00"
Pelüş Tavşan 25 cm,"₺359,00"
Oyuncak Çiçek Yapma Seti 68 Parça,"₺199,00"
Oyuncak Boncuklu Takı Yapma Seti,"₺149,00"
Oyuncak Tekerlekli Bebek Yürüme Oyuncağı,"₺229,00"
Oyuncak Çıngıraklı Top,"₺99,50"
Mini Ütü Masası 30x74 cm,"₺299,00"
Oyuncak Magic Blocks İtfaiye İstasyon Seti,"₺329,00"
Çocuk Akademi Yaz Sil Serisi,"₺59,50"
Oyuncak Tencere Seti,"₺319,00"
Oyuncak Top Yuvarlama Kulesi,"₺219,00"
Oyun Hamuru 10x100 G,"₺145,00"
Oyuncak Arabalı Desenli Halı,"₺159,00"
Oyuncak Havuzlu Balık Yakalama,"₺199,00"
Oyuncak Almira'nın Gardrobu,"₺259,00"
Oyuncak İnce Belli Çay Seti,"₺199,00"
Oyuncak Astro Robotto,"₺549,00"
Oyuncak Bloklar 38 Parça,"₺185,00"
Balon 5'li,"₺19,50"
"10"" Metalik Balon 6'lı","₺29,50"
Pelüş Baykuş 40 cm,"₺549,00"
Oyuncak Su Devir Daimli Mutfak Lavabosu Seti,"₺599,00"
Barbie Oyuncak Pilot Bebek,"₺399,00"
Copier Bond Fotokopi Kağıdı 500 Yaprak 80 G,"₺159,95"
Piranha 5510 Kablosuz Etiket Yazıcı,"₺999,00"
Uhu Sünger Bob Lisanslı Patafix,"₺89,50"
Solventsiz Genel Amaçlı Uhu 20 ml,"₺49,50"
Piranha 9057 Bilimsel Hesap Makinesi,"₺189,00"
Fatih Çantalı Boyama Seti,"₺349,00"
Balonevi Ata Bayrak Balon 5'li,"₺34,50"
Botogen Antifirizli Cam Suyu -30 Derece 5 L,"₺115,00"
Botogen Antifirizli Cam Suyu -21 Derece 5 L,"₺95,00"
Plenty Antifirizli Cam Suyu -21 Derece 5 L,"₺95,00"
Plenty Radyatör Antifirizi -36 3 L,"₺139,00"
Radyatör Antifirizi -37 3 L,"₺139,00"
Radyatör Antifirizi -36 3 L,"₺139,00"
Fatone Oto Turbo Fanlı Süpürge,"₺1.399,00"
General Home Çok Fonksiyonlu Araç Süpürgesi,"₺349,00"
Aprilla AVC-4034 Şarjlı El Süpürgesi,"₺549,00"
Kiwi KWC-7106 Şarjlı Pencere ve Yüzey Temizleyici,"₺899,00"
Felix Somonlu & Ton Balıklı Yaş Kedi Maması 4x85 G,"₺79,50"
Felix Tavuk Etli Yaş Kedi Maması 85 G,"₺23,75"
Friskies Sığır Etli Yaş Kedi Mama 85 G,"₺34,50"
Felix Ton Balıklı Yaş Kedi Maması 85 G,"₺23,75"
Felix Kuzu Etli Yaş Kedi Maması 85 G,"₺19,50"
Felix Tavuk Etli Yavru Kedi Yaş Mama 85 G,"₺28,50"
Felix Sığır Etli Yavru Kedi Yaş Mama 85 G,"₺28,50"
Kiwi Pets Kameralı Akıllı Evcil Hayvan Besleyici,"₺2.499,00"
Kiwi Pets 10547 Evcil Hayvan Su Çeşmesi,"₺799,00"
Kiwi Pets Evcil Hayvan Tarama Fırçası,"₺119,00"
Kiwi Pets Işıklı Plastik Kedi Top Oyuncağı 3'lü,"₺99,50"
Kiwi Pets Fare Şekilli Evcil Hayvan Oyuncağı 3’lü,"₺59,50"
"Friskies Tavuklu Yetişkin Kuru Kedi Maması 1,5 Kg","₺525,00"
Friskies Tavuklu Yaş Kedi Maması 85 G,"₺22,50"
Friskies Somonlu Yaş Mama 85 G,"₺34,50"
Whiskas Biftekli Kedi Maması 400 G,"₺164,95"
Whiskas Sığır Etli ve Tavuklu Yaş Kedi Maması 4x85 G,"₺86,50"
Whiskas Yaş Yavru Kedi Maması 4x85 G,"₺76,50"
Whiskas Biftekli ve Havuçlu Kuru Kedi Maması 300 G,"₺129,95"
Whiskas Tavuklu Kedi Maması 85 G,"₺37,95"
Whiskas Etli Kedi Maması 85 G,"₺37,95"
Felix Sığır Etli Yaş Kedi Maması 85 G,"₺37,95"
Purina Gourmet Gold Kıyılmış Tonlu Kedi Yaş Maması 85 G,"₺39,50"
Kiwi Yammies Tavuklu ve Balıklı Kedi Ödül Maması 80 G,"₺74,50"
Purina Gourmet Gold Hindili Kedi Yaş Maması 85 G,"₺39,50"
Gourmet Gold Sığır Etli Yaş Kedi Maması 85 G,"₺64,90"
Felix Sığır & Tavuk Etli Yaş Kedi Maması 85 G,"₺19,50"
Dreamies Somonlu Kedi Maması 60 G,"₺79,95"
Dreamies Tavuklu Kedi Ödül Maması 60 G,"₺32,50"
Kiwi Yammies Ton Balıklı ve Deniz Taraklı Sıvı Kedi Ödül Maması 5'li,"₺64,50"
Kiwi Yammies Karidesli ve Ton Balıklı Sıvı Kedi Ödül Maması 5'li,"₺64,50"
Kiwi Yammies Somonlu ve Ton Balıklı Sıvı Kedi Ödül Maması 5'li,"₺59,50"
Kiwi Yammies Morina ve Ton Balıklı Sıvı Kedi Ödül Maması 5'li,"₺64,50"
Whiskas Somonlu Yaş Kedi Maması 85 G,"₺17,50"
Kiwi Yammies Dondurularak Kurutulmuş Tavuklu Kedi Otlu Ödül Maması 20 G,"₺99,50"
Felix Somon & Sardalya Kedi Yaş Maması 85 G,"₺19,50"
Felix Sığır Etli Yetişkin Kedi Maması 2 Kg,"₺544,75"
Felix Somonlu Yaş Kedi Maması 400 G,"₺99,95"
Evcil Hayvan Tırnak Makası,"₺119,00"
Purina Gourmet Gold Tavuklu Kedi Yaş Maması 85 G,"₺39,50"
Felix Somonlu Yaş Kedi Maması 85 G,"₺23,75"
Friskies Yetişkin Kümes Hayvanlı Kuru Mama 300 G,"₺59,50"
Kiwi Pets KPT-10614C Evcil Hayvan Oyuncağı Balık,"₺229,00"
Felix Somonlu Yetişkin Kedi Maması 2 KG,"₺544,75"
Whiskas Balık Favorileri Yaş Mama 85 G,"₺26,50"
Kitekat Somonlu Yaş Mama 85 G,"₺23,75"
Felix Sığır Etli & Tavuklu Kuru Kedi Maması 400 G,"₺99,75"
Felix Sığır Etli & Tavuklu Kuru Kedi Mama 2 Kg,"₺399,00"
Felix Somonlu & Ton Balıklı Kuru Kedi Maması 400 G,"₺99,75"
Whiskas Tavuklu Konserve Kedi Maması 400 G,"₺64,50"
Proline Marsilya Sabunlu Kedi Kumu 10 L,"₺199,00"
King Tavuklu Konserve Kedi Maması 400 G,"₺39,50"
King Somonlu Konserve Kedi Maması 400 G,"₺39,50"
Kiwi Yammies Tavuk Ördek ve Mezgitli Yaş Kedi Maması 85 G,"₺32,50"
Yammies Tavuk Ördek Somonlu Yaş Kedi Maması 85 G,"₺34,50"
Kiwi Yammies Tavuk ve Ördekli Yaş Kedi Maması 85 G,"₺32,50"
Yammies Tavuk Ördek Ton Balıklı Yaş Kedi Maması 85 G,"₺34,50"
Kiwi Yammies Tavuk Ördek ve Dana Etli Yaş Kedi Maması 85 G,"₺32,50"
Kitekat Tavuklu Yaş Kedi Maması 85 G,"₺23,75"
Dreamies Ördekli Kedi Ödül Maması 60 G,"₺64,95"
Kiwi KPPC 10809C Evcil Hayvan Tırnak Makası,"₺79,50"
Petiva Vetora Kedi Maması 2 Kg,"₺159,00"
Whiskas Tasty Mix Yaş Kedi Maması 85 G,"₺23,00"
Kalima Tavuk Etli Yetişkin Kedi Maması 10 Kg,"₺549,00"
Felix Havuçlu Jöle İçinde Tavuklu Yaş Kedi Maması 85 G,"₺37,95"
"King Biftekli Yetişkin Kedi Maması 1,2 Kg","₺149,00"
Whiskas Ton Balıklı Kuru Kedi Maması 300 G,"₺69,50"
Dream Cat Pudralı Kedi Kumu 10 L,"₺169,00"
Enjoy Multicolor Tavuklu Yetişkin Kedi Maması 10 Kg,"₺849,00"
Dream Cat Marsilya Sabunlu Kedi Kumu 10 L,"₺169,00"
Felix Sığır Etli & Tavuklu Kedi Maması 4x85 G,"₺69,50"
Whiskas Balıklı Kedi Maması 4'lü 4x85 G,"₺124,95"
Whiskas Yavru Tavuklu Kuru Maması 300 G,"₺90,00"
Friskies Junior Tavuklu Yaş Mama 85 G,"₺27,00"
Purina One Steril Somonlu Kısırlaştırılmış Kedi Maması 800 G,"₺379,90"
Purina One Tavuklu Yavru Kedi Maması 800 G,"₺398,90"
Kiwi Pets KPPC-10807 Evcil Hayvan Eğitim Pedi 10'lu,"₺109,50"
Petiva Vetora Köpek Maması 3 Kg,"₺179,00"
Kalima Kuzu Etli Köpek Maması 10 Kg,"₺399,00"
Friskies Tavuk & Havuç Yaş Köpek Maması 85 G,"₺41,75"
Enjoy Tavuklu Köpek Maması 10 Kg,"₺699,00"
