product_name,price
ASTAR DETAYLI LOOSE FİT KAPÜŞONLU YAĞMURLUK,3999
OVERSIZE KAPÜŞONLU PARKA,4799
OVERSIZE KISA PARDÖSÜ,4799
KEMERLİ DİK YAKA YAĞMURLUK,3999
A FORM MİDİ ETEK,2599
BELİ BÜZGÜLÜ KOLSUZ MİDİ ELBİSE,3599
ÇİZGİLİ FITTED POLO YAKA KISA KOLLU KAZAK,1599
ÇİZGİLİ KRUVAZE BAĞLAMALI OVERSIZE BLUZ,2299
FITTED DÜĞME DETAYLI KOLSUZ MİDİ ELBİSE,1999
FITTED DÜĞMELİ KOLSUZ TÜVİT BLUZ,2399
FITTED POLO YAKA KISA KOLLU TRİKO KAZAK,1599
NAKIŞLI BİSİKLET YAKA T-SHIRT,1299
OVERSIZE KISA KOLLU CEPLİ MİDİ ELBİSE,1799
CEPLİ OVERSIZE JEAN CEKET,3799
V YAKA FITTED TRİKO HIRKA,1799
KRUVAZE KAPAMA BLAZER CEKET,3999
WIDE LEG PANTOLON,2599
FITTED BÜZGÜLÜ YIRTMAÇLI MİDİ ELBİSE,1599
KORSE BAĞLAMALI CROPPED FLARE JEAN PANTOLON,1999
WIDE LEG PANTOLON,1999
UZUN KOLLU KETEN GÖMLEK,2599
DİKİŞ DETAYLI KISA KOLLU BLUZ,1199
TÜVİT MİNİ ETEK,1599
MODAL KARIŞIMLI BELİ BAĞLAMALI WIDE LEG PANTOLON,1999
ÇİZGİLİ FİYONK DETAYLI UZUN KOLLU GÖMLEK,1999
KETEN KARIŞIMLI ANVELOP BAĞLAMALI BLUZ,2999
DÖKÜMLÜ ANVELOP BLUZ,1999
UZUN KOLLU KETEN GÖMLEK,2599
STRAIGHT FIT PÜSKÜL DETAYLI PANTOLON,2599
OVERSIZE KISA KOLLU CEPLİ MİDİ ELBİSE,1799
MİNİ KALEM ETEK,1399
ASİMETRİK KESİM DÜĞMELİ KISA KOLLU BLUZ,999.99
STRAIGHT FIT PANTOLON,2199
FITTED DÜĞMELİ POLO YAKA KISA KOLLU TRİKO KAZAK,2199
GÖMLEK DETAYLI POLO YAKA LOOSE FIT KISA KOLLU SWEATSHIRT,1699
NERVÜR DİKİŞLİ OVERSIZE BİSİKLET YAKA T-SHIRT,899.99
FITTED V YAKA TRİKO YELEK,1599
FITTED BİYELİ V YAKA HIRKA,2199
SİMLİ V YAKA KOLSUZ TRİKO KAZAK,1999
DÜĞME DETAYLI A FORM MİNİ ETEK,2299
OVERSIZE BLAZER CEKET,2999
JAKARLI LOOSE FIT BİSİKLET YAKA KAZAK,1299
FIRFIRLI V YAKA BLUZ,2599
FITTED U YAKA T-SHIRT,759.99
UZUN KOLLU KETEN GÖMLEK,2599
DESENLİ LOOSE FIT BAĞLAMALI BLUZ,2299
DESENLİ V YAKA MİNİ ELBİSE,2799
FITTED KOLSUZ BİSİKLET YAKA BLUZ,799.99
UZUN KOLLU KETEN GÖMLEK,2599
PİLE DETAYLI CULOTTE FIT PANTOLON,2599
FİTİLLİ UZUN KOLLU BLUZ,899.99
ÇİZGİLİ OVERSIZE BİSİKLET YAKA T-SHIRT,899.99
MODAL KARIŞIMLI BÜZGÜLÜ BAĞLAMALI BLUZ,2299
FİTİLLİ UZUN KOLLU BLUZ,899.99
FITTED KOLSUZ BİSİKLET YAKA BLUZ,799.99
PİLELİ MİNİ ETEK,999.99
KISA KOLLU BEL DETAYLI DÜZ KESİM MİDİ ELBİSE,2999
DESENLİ DÜŞÜK OMUZLU FIRFIRLI MİDİ ELBİSE,3599
BELİ BAĞLAMALI JOGGER PANTOLON,1399
OVERSIZE POLO YAKA KETEN KARIŞIMLI KISA KOLLU KAZAK,2399
JAKARLI ÖRME KISA KOLLU KAZAK,1299
FLORAL DESENLİ BAĞLAMA DETAYLI MİNİ ELBİSE,2799
FITTED U YAKA T-SHIRT,759.99
UZUN KOLLU KETEN GÖMLEK,2599
STRAIGHT FIT PANTOLON,2599
WIDE LEG JEAN PANTOLON,1999
BASKILI BİSİKLET YAKA T-SHIRT,759.99
BELİ LASTİKLİ BALON MİDİ ETEK,2399
DESENLİ YIRTMAÇLI A FORM MİDİ ETEK,2399
PAÇA DETAYLI STRAIGHT FIT JEAN PANTOLON,2299
LİYOSEL KARIŞIMLI OVERSIZE UZUN KOLLU GÖMLEK,2199
DESENLİ MİDİ ETEK,2199
LOOSE FIT KAYIK YAKA T-SHIRT,899.99
FITTED KOLSUZ BİSİKLET YAKA BLUZ,799.99
JAKARLI LOOSE FIT KISA KOLLU KAZAK,1599
BAĞLAMA DETAYLI KISA KOLLU MİNİ ELBİSE,1599
FITTED V YAKA TRİKO YELEK,1599
JAKARLI POLO YAKA KISA KOLLU KAZAK,1799
FITTED V YAKA DÜĞMELİ YELEK,1499
FITTED KAYIK YAKA BALON KOL BLUZ,1199
ÇİZGİLİ LOOSE FIT V YAKA SWEATSHIRT,1699
BELİ LASTİKLİ FİTİLLİ WIDE LEG ÖRME PANTOLON,1399
BELİ LASTİKLİ FİTİLLİ WIDE LEG ÖRME PANTOLON,1399
BÜZGÜ DETAYLI BİSİKLET YAKA BLUZ,999.99
BAĞLAMALI KOLSUZ BLUZ,1199
BÜZGÜLÜ KOLSUZ BLUZ,899.99
FITTED ÇİZGİLİ POLO YAKA KISA KOLLU KAZAK,1299
BİYELİ BİSİKLET YAKA T-SHIRT,799.99
FITTED U YAKA KOLSUZ BLUZ,799.99
BASKILI OVERSIZE BİSİKLET YAKA T-SHIRT,759.99
NAKIŞLI CEP DETAYLI BİSİKLET YAKA T-SHIRT,999.99
FITTED V YAKA T-SHIRT,659.99
FITTED U YAKA KOLSUZ BLUZ,799.99
BASKILI LOOSE FIT BİSİKLET YAKA T-SHIRT,759.99
MODAL KARIŞIMLI BELİ BAĞLAMALI WIDE LEG PANTOLON,1999
OVERSIZE KOLSUZ CEKET,3599
WIDE LEG JEAN PANTOLON,2299
KARE YAKA DÜZ KESİM KETEN UZUN ELBİSE,3599
REGULAR FIT 3/4 KOL GÖMLEK,2599
MODAL DÜZ KESİM KOLSUZ DOKULU UZUN ELBİSE,1799
MODAL DÜZ KESİM KOLSUZ DOKULU UZUN ELBİSE,1799
PİLE DETAYLI KETEN KARIŞIMLI PANTOLON,3999
YIRTMAÇLI MİDİ ETEK,2999
DİKİŞ DETAYLI KISA KOLLU BLUZ,1199
FITTED TEK CEPLİ CEKET,2999
FITTED AJURLU 3/4 KOL KAZAK,1299
FITTED POLO YAKA FERMUARLI KAZAK,2199
FITTED KAYIK YAKA KOLSUZ TRİKO KAZAK,1499
ANVELOP MİDİ ETEK,1199
FITTED DANTELLİ V YAKA T-SHIRT,799.99
ÇİZGİLİ OVERSIZE UZUN KOLLU GÖMLEK,1999
OVERSIZE BALON KOL BLUZ,2599
PİLELİ MİDİ BERMUDA ŞORT,1499
FITTED V YAKA KOLSUZ KAZAK,1199
DÜĞME DETAYLI ÖRME YELEK,1399
KOLSUZ KLOŞ MİDİ ELBİSE,2999
WIDE LEG PİLELİ PANTOLON,2999
HALTER YAKA ASİMETRİK KOLSUZ BLUZ,999.99
BELİ LASTİKLİ FİTİLLİ WIDE LEG ÖRME PANTOLON,1399
BÜZGÜLÜ BİSİKLET YAKA KISA KOLLU BLUZ,999.99
OVERSIZE DİK YAKA HAKİKİ DERİ CEKET,17999
LOOSE FIT HAKİKİ DERİ BLAZER CEKET,17999
HAKİKİ DERİ OVERSIZE TRUCKER CEKET,17999
FITTED ÇİZGİLİ KISA KOLLU TRİKO KAZAK,1599
DESENLİ ÇİFT FERMUARLI KAPÜŞONLU UZUN YAĞMURLUK,3999
DİKİŞ DETAYLI CEPLİ BELİ BAĞLAMALI MİDİ ETEK,1999
NAKIŞLI BÜZGÜ DETAYLI KAPÜŞONLU YAĞMURLUK,3999
ÇİZGİLİ CLOUTTE FIT JEAN PANTOLON,2599
ÇİÇEK NAKIŞLI STRAIGHT FIT PANTOLON,2799
A FORM KEMER DETAYLI MİNİ ELBİSE,2999
DÜĞMELİ FITTED AJURLU BİSİKLET YAKA KAZAK,1999
OVERSIZE KAPÜŞONLU YAĞMURLUK,3999
RENK BLOKLU WIDE LEG PANTOLON,2799
OVERSIZE NAKIŞLI BİSİKLET YAKA T-SHIRT,799.99
DİKİŞ DETAYLI KOLSUZ BİSİKLET YAKA T-SHIRT,799.99
ÇİZGİLİ GEMİCİ YAKA GÖMLEK,2299
ÇİZGİLİ OVERSIZE DÜĞMELİ JEAN GÖMLEK,3999
BİSİKLET YAKA KAZAK,1999
RENK BLOKLU ÇİFT CEPLİ CROP CEKET,2799
HIRKA GÖRÜNÜMLÜ V YAKA BLUZ,1199
ÇİZGİLİ OVERSIZE TEK CEPLİ UZUN KOLLU GÖMLEK,2599
ÇİZGİLİ NAKIŞLI LOOSE FIT BİSİKLET YAKA KAZAK,2199
FITTED KOLSUZ MİNİ ELBİSE,1399
ETNİK DESENLİ OVERSIZE KISA KOLLU GÖMLEK,3299
CEP DETAYLI NAKIŞLI OVERSIZE GÖMLEK CEKET,3999
OVERSIZE ÇİZGİLİ HAKİM YAKA GÖMLEK,1799
NAKIŞLI KAPÜŞONLU YAĞMURLUK,3999
OVERSIZE ÇİÇEK NAKIŞLI JEAN CEKET,3799
FITTED BİSİKLET YAKA T-SHIRT,699.99
ETNİK DESENLİ RELAX FIT BELİ LASTİKLİ PANTOLON,2999
MODAL KARIŞIMLI KAPÜŞONLU SWEATSHIRT,2299
DÜŞÜK KOLLU OVERSIZE BİSİKLET YAKA T-SHIRT,899.99
FITTED POLO YAKA T-SHIRT,1199
STRAIGHT FIT JEAN PANTOLON,1999
ÇİZGİLİ OVERSIZE CEPLİ GÖMLEK,2299
NAKIŞLI OVERSIZE UZUN KOLLU GÖMLEK,1799
KARGO MİNİ ETEK,1999
REGULAR FIT BELİ LASTİKLİ PANTOLON,1599
DESENLİ OVERSIZE BİSİKLET YAKA SWEATSHIRT,1599
NAKIŞ DETAYLI BİSİKLET YAKA T-SHIRT,999.99
BASKILI OVERSIZE BİSİKLET YAKA T-SHIRT,799.99
PİLELİ KARGO MİNİ ETEK,1799
OVERSIZE BASKILI BİSİKLET YAKA SWEATSHIRT,1199
FITTED ÇİZGİLİ BİSİKLET YAKA T-SHIRT,899.99
MODAL KARIŞIMLI BİSİKLET YAKA SWEATSHIRT,1599
BİSİKLET YAKA T-SHIRT,759.99
FITTED BİSİKLET YAKA T-SHIRT,659.99
DÜŞÜK KOLLU BİSİKLET YAKA T-SHIRT,659.99
OVERSIZE BASKILI BİSİKLET YAKA SWEATSHIRT,1199
STRAIGHT FIT BELİ BAĞLAMALI CEPLİ PANTOLON,1399
MODAL KARIŞIMLI BELİ BAĞLAMALI JOGGER PANTOLON,1999
MODAL KARIŞIMLI BELİ BAĞLAMALI JOGGER PANTOLON,1999
MODAL KARIŞIMLI FERMUARLI POLO YAKA SWEATSHIRT,2299
MODAL KARIŞIMLI BİSİKLET YAKA SWEATSHIRT,1599
MODAL KARIŞIMLI BELİ LASTİKLİ JOGGER PANTOLON,1999
DÜŞÜK KOLLU OVERSIZE BİSİKLET YAKA T-SHIRT,899.99
FITTED DANTELLİ BAĞLAMALI BLUZ,1599
ÇİZGİLİ AÇIK YAKA HIRKA,1999
BİSİKLET YAKA KAZAK,1999
BASKILI BİSİKLET YAKA T-SHIRT,699.99
DOKULU ÇİZGİLİ UZUN KOLLU GÖMLEK,1699
FİTİLLİ FITTED NERVÜR DİKİŞLİ KISA KOLLU BLUZ,799.99
V YAKA CROP SWEATSHIRT,1699
OVERSIZE BİSİKLET YAKA SWEATSHIRT,1199
BELİ LASTİKLİ MİNİ ÖRME ETEK,1199
BELİ LASTİKLİ MİNİ BALON ETEK,1799
DİKİŞ DETAYLI KOLSUZ A FORM MİNİ ELBİSE,2299
YAKA DETAYLI BİSİKLET YAKA ATLET,759.99
FITTED AÇIK YAKA T-SHIRT,699.99
FITTED HALTER YAKA ATLET,659.99
FITTED BÜZGÜLÜ BİSİKLET YAKA T-SHIRT,759.99
DÜŞÜK OMUZ AÇIK YAKA ATLET,799.99
BELİ BAĞLAMALI KISA ŞORT,1399
AJURLU BİYELİ POLO YAKA KISA KOLLU KAZAK,1999
DESENLİ OVERSIZE BİSİKLET YAKA SWEATSHIRT,1599
DİKİŞ DETAYLI DÜZ KESİM KISA KOLLU MİDİ ELBİSE,2299
LİYOSEL KARIŞIMLI BELİ BAĞLAMALI MİNİ GÖMLEK ELBİSE,3999
JAKARLI KOLSUZ MİDİ ELBİSE,1599
DİKİŞ DETAYLI KEMERLİ MİDİ ETEK,2599
BELİ LASTİKLİ KLOŞ MİDİ ETEK,2399
OVERSIZE KETEN GÖMLEK,2599
ETNİK DESENLİ BAĞLAMA DETAYLI MİDİ ETEK,1999
OVERSIZE KETEN KARIŞIMLI BLAZER CEKET,4599
POLO YAKA KISA KOLLU CEP DETAYLI MİNİ ELBİSE,2999
A FORM BAĞLAMA DETAYLI MODAL MİDİ ELBİSE,3599
RİBANALI BELİ LASTİKLİ STRAIGHT FIT PANTOLON,1799
FITTED V YAKA UZUN KOLLU MİDİ ELBİSE,2299
FLORAL DESENLİ A FORM MİDİ ELBİSE,3299
ÇİZGİLİ A FORM ASKILI MİDİ KETEN ELBİSE,4999
V YAKA KLOŞ MİNİ ELBİSE,2299
BÜZGÜLÜ FITTED ASİMETRİK BLUZ,999.99
ÇİZGİLİ MİNİ GÖMLEK ELBİSE,3599
ÇİZGİLİ BELİ LASTİKLİ COMFORT FIT PANTOLON,2599
JAKARLI KLOŞ MİDİ ETEK,2399
AJURLU POLO YAKA KISA KOLLU KAZAK,2199
MODAL KARIŞIMLI UZUN KOLLU GÖMLEK,1999
A FORM MİNİ KETEN ELBİSE,2999
A FORM MİNİ KETEN ELBİSE,2999
A FORM MİNİ KETEN ELBİSE,2999
REGULAR FIT BELİ LASTİKLİ PANTOLON,1399
PİLELİ MİDİ ETEK,1799
ÇİZGİLİ V YAKA UZUN KOLLU GÖMLEK,1999
OVERSIZE BİSİKLET YAKA T-SHIRT,759.99
SLIM FIT JEAN PANTOLON,1999
NAKIŞ DETAYLI V YAKA T-SHIRT,899.99
RİBANALI ÖNÜ AÇIK UZUN KOLLU BLUZ,1999
COMFORT FIT V YAKA T-SHIRT,699.99
BELİ LASTİKLİ JOGGER PANTOLON,2399
JAKARLI KOLSUZ MİDİ ELBİSE,1599
MODAL KARIŞIMLI LOOSE FIT FERMUARLI V YAKA SWEATSHIRT,1499
COMFORT FIT V YAKA T-SHIRT,699.99
DANTELLİ V YAKA KISA KOLLU BLUZ,899.99
3/4 KOL OVERSIZE KETEN GÖMLEK,2599
A FORM BELİ BÜZGÜLÜ YIRTMAÇLI UZUN ETEK,1299
A FORM BELİ BÜZGÜLÜ YIRTMAÇLI UZUN ETEK,1299
A FORM MİNİ KETEN ELBİSE,2999
CEP DETAYLI MİNİ ETEK,2399
COMFORT FIT V YAKA T-SHIRT,699.99
DÜĞME DETAYLI MİDİ KETEN ETEK,2799
DÜŞÜK KOLLU BİSİKLET YAKA T-SHIRT,699.99
3/4 KOL OVERSIZE KETEN GÖMLEK,2599
UZUN KOLLU KETEN GÖMLEK,2599
OVERSIZE KISA KOLLU KETEN GÖMLEK,2599
UZUN KOLLU KETEN GÖMLEK,2599
MODAL KARIŞIMLI V YAKA T-SHIRT,599.99
MODAL KARIŞIMLI V YAKA T-SHIRT,599.99
MODAL KARIŞIMLI V YAKA T-SHIRT,599.99
FITTED DOKULU GÖMLEK,1999
ÇİZGİLİ OVERSIZE UZUN KOLLU GÖMLEK,1999
MODAL KARIŞIMLI V YAKA T-SHIRT,599.99
V YAKA KISA KOLLU CROP BLUZ,1199
BELİ LASTİKLİ JOGGER PANTOLON,2399
BİSİKLET YAKA DÜŞÜK KOL T-SHIRT,659.99
V YAKA 3/4 KOL CROP BLUZ,1699
ÇİFT CEPLİ KOLSUZ KETEN GÖMLEK,2399
FITTED U YAKA ATLET,599.99
PAMUKLU V YAKA T-SHIRT,599.99
DANTELLİ V YAKA KISA KOLLU BLUZ,899.99
ASİMETRİK KESİM BİSİKLET YAKA T-SHIRT,799.99
FITTED V YAKA KISA KOLLU BLUZ,999.99
FITTED AÇIK YAKA ATLET,499.99
NAKIŞLI DÜĞMELİ UZUN KOLLU BLUZ,1999
ÇİZGİLİ OVERSIZE UZUN KOLLU GÖMLEK,1999
ÇİZGİLİ OVERSIZE UZUN KOLLU GÖMLEK,1999
JAKARLI ASKILI HALTER YAKA UZUN ELBİSE,1599
ÇİZGİLİ AJURLU LOOSE FIT V YAKA KAZAK,1999
ÇİZGİLİ BİSİKLET YAKA DÜŞÜK KOL T-SHIRT,659.99
MODAL KARIŞIMLI BİSİKLET YAKA T-SHIRT,599.99
DÜĞMELİ BİSİKLET YAKA T-SHIRT,799.99
DÜĞMELİ BİSİKLET YAKA T-SHIRT,799.99
OVERSIZE BİSİKLET YAKA T-SHIRT,759.99
MODAL KARIŞIMLI V YAKA T-SHIRT,599.99
FITTED AÇIK YAKA ATLET,759.99
MODAL KARIŞIMLI BİSİKLET YAKA T-SHIRT,599.99
LOOSE FIT BİSİKLET YAKA T-SHIRT,599.99
BİSİKLET YAKA T-SHIRT,599.99
BELİ BAĞLAMALI JOGGER PANTOLON,1399
DÜŞÜK KOLLU BİSİKLET YAKA T-SHIRT,699.99
BİSİKLET YAKA T-SHIRT,659.99
BİSİKLET YAKA T-SHIRT,659.99
FITTED U YAKA ATLET,599.99
BİSİKLET YAKA T-SHIRT,659.99
SKINNY FIT PANTOLON,999.99
ÇİZGİLİ OVERSIZE ÖRME KAZAK,1299
NAKIŞLI BİSİKLET YAKA T-SHIRT,899.99
BİSİKLET YAKA T-SHIRT,759.99
FITTED AÇIK YAKA ATLET,499.99
U YAKA T-SHIRT,759.99
FITTED BELİ BÜZGÜLÜ ASİMETRİK KESİM DÜŞÜK KOL BLUZ,799.99
FITTED KAYIK YAKA TEK OMUZ BLUZ,999.99
OVERSIZE DÜŞÜK KOL BİSİKLET YAKA T-SHIRT,759.99
FITTED BİSİKLET YAKA ATLET,699.99
FITTED AÇIK YAKA ATLET,659.99
FITTED U YAKA ATLET,599.99
FITTED U YAKA ATLET,599.99
BİSİKLET YAKA T-SHIRT,599.99
BİSİKLET YAKA T-SHIRT,599.99
MODAL KARIŞIMLI BİSİKLET YAKA T-SHIRT,599.99
BİSİKLET YAKA T-SHIRT,599.99
FITTED BİSİKLET YAKA DÜŞÜK KOL T-SHIRT,899.99
PAMUKLU V YAKA T-SHIRT,599.99
BELİ LASTİKLİ JOGGER PANTOLON,2399
BELİ LASTİKLİ JOGGER PANTOLON,2399
BİSİKLET YAKA T-SHIRT,659.99
FITTED AÇIK YAKA ATLET,499.99
BİSİKLET YAKA T-SHIRT,599.99
BİSİKLET YAKA T-SHIRT,599.99
DÜZ KESİM KOLSUZ MİNİ ELBİSE,1199
DÜZ KESİM KOLSUZ MİNİ ELBİSE,1199
TEK CEPLİ ÇİZGİLİ KISA KOLLU GÖMLEK,1599
ÇİFT CEPLİ KOLSUZ KETEN GÖMLEK,2399
ÇİZGİLİ DÜĞMELİ KOLSUZ BLUZ,2599
STRAIGHT FIT ÇİZGİLİ KEMERLİ PANTOLON,2999
WIDE LEG KETEN KARIŞIMLI ÖRME PANTOLON,1999
JAKARLI OVERSIZE GÖMLEK CEKET,3999
JAKARLI WIDE LEG PANTOLON,2999
FITTED BİSİKLET YAKA T-SHIRT,699.99
JAKARLI BİSİKLET YAKA ÖRME KAZAK,1999
FITTED U YAKA KOLSUZ BLUZ,799.99
LOOSE FIT KAYIK YAKA T-SHIRT,899.99
NERVÜR DİKİŞLİ OVERSIZE BİSİKLET YAKA T-SHIRT,899.99
OVERSIZE BİSİKLET YAKA SWEATSHIRT,1299
WIDE LEG PİLELİ PANTOLON,2199
KOLSUZ DÜĞMELİ KETEN BLUZ,2799
DESENLİ SIRT DETAYLI KOLSUZ MİDİ ELBİSE,2999
DİKİŞ DETAYLI STRAIGHT FIT KETEN PANTOLON,4599
LİYOSEL KISA KOLLU GÖMLEK,1999
3/4 KOL KETEN GÖMLEK,2599
DİK YAKA ÇOK CEPLİ YELEK,3999
EKOSELİ DİKİŞ DETAYLI UZUN KOLLU GÖMLEK,2199
FLORAL DESENLİ YAKA DETAYLI KOLSUZ BLUZ,2599
TRİKO MİNİ ETEK,1399
FITTED V YAKA KOLSUZ TRİKO KAZAK,1799
FITTED POLO YAKA KISA KOLLU TRİKO KAZAK,1999
FITTED KOLSUZ ÇAPRAZ YAKA TRİKO BLUZ,1599
FITTED KOLSUZ ÇAPRAZ YAKA TRİKO BLUZ,1599
NAKIŞ DETAYLI BİSİKLET YAKA T-SHIRT,759.99
FITTED AÇIK YAKA ATLET,659.99
LOOSE FIT BAĞLAMALI V YAKA UZUN KOLLU BLUZ,2999
BAĞLAMALI CROP KISA KOLLU GÖMLEK,1699
KRUVAZE GÖRÜNÜMLÜ HALTER YAKA BLUZ,2399
KAYIK YAKA TOKA DETAYLI KISA KOLLU MODAL BLUZ,1599
FITTED BİSİKLET YAKA KOLSUZ T-SHIRT,759.99
FITTED BİSİKLET YAKA KOLSUZ T-SHIRT,759.99
JAKARLI TOKALI KOLSUZ BLUZ,1999
V YAKA KISA KOLLU KETEN BLUZ,2799
A FORM DİKİŞ DETAYLI MİDİ JEAN ELBİSE,3599
FITTED TOKA DETAYLI KOLSUZ BLUZ,1599
ÇİZGİLİ V YAKA UZUN KOLLU GÖMLEK,1999
FITTED AÇIK YAKA ATLET,759.99
DOKULU FITTED KOLSUZ BLUZ,999.99
FITTED V YAKA ATLET,659.99
FITTED V YAKA ATLET,659.99
3/4 KOL OVERSIZE KETEN GÖMLEK,2799
JAKARLI BELİ BAĞLAMALI FITTED ŞORT,1799
DÜĞME DETAYLI BİSİKLET YAKA FITTED HIRKA,1599
EKOSELİ V YAKA BAĞLAMALI BLUZ,2299
KONTRAST FITTED POLO YAKA T-SHIRT,999.99
ETNİK DESENLİ RELAX FIT PANTOLON,2999
BASKILI V YAKA A FORM MİDİ ELBİSE,2999
KISA KOLLU DANTELLİ MİNİ ELBİSE,2199
FITTED KOLSUZ MİNİ ELBİSE,1399
PAÇA DETAYLI STRAIGHT FIT JEAN PANTOLON,1999
MODAL KARIŞIMLI BELİ LASTİKLİ STRAIGHT FIT PANTOLON,2199
GİPELİ ASTARLI KLOŞ MİDİ ELBİSE,3299
RELAX FIT KOLSUZ MİDİ ELBİSE,1999
3/4 KOL BİSİKLET YAKA SWEATSHIRT,1199
DÜŞÜK KOLLU BİSİKLET YAKA T-SHIRT,659.99
JAKARLI BİSİKLET YAKA KOLSUZ CROP KAZAK,1399
ÇİZGİLİ OVERSIZE BİSİKLET YAKA T-SHIRT,799.99
DESENLİ BAĞLAMA DETAYLI MİNİ ELBİSE,2599
FIRFIRLI MİNİ ETEK,1199
BASKILI OVERSIZE BİSİKLET YAKA T-SHIRT,999.99
DÜŞÜK KOLLU BİSİKLET YAKA T-SHIRT,659.99
MODAL KARIŞIMLI KAPÜŞONLU SWEATSHIRT,2299
YIPRATMALI STRAIGHT FIT JEAN PANTOLON,2299
BASKILI LOOSE FIT BİSİKLET YAKA T-SHIRT,699.99
OVERSIZE ASİMETRİK KESİM BAĞLAMA DETAYLI KISA KOLLU SWEATSHIRT,1799
MODAL KARIŞIMLI BİSİKLET YAKA SWEATSHIRT,2199
MODAL KARIŞIMLI BELİ LASTİKLİ JOGGER PANTOLON,1999
KAYIK YAKA KLOŞ MİDİ ELBİSE,1999
DÜŞÜK KOLLU BİSİKLET YAKA OVERSIZE CROP T-SHIRT,759.99
BASKILI DANTELLİ BİSİKLET YAKA ATLET,759.99
BELİ BAĞLAMALI WIDE LEG PANTOLON,1599
BASKILI LOOSE FIT POLO YAKA T-SHIRT,1399
BASKILI KISA KOLLU MİNİ ELBİSE,1399
DÜĞME DETAYLI OVERSIZE BİSİKLET YAKA SWEATSHIRT,1299
DESENLİ BAĞLAMALI HALTER YAKA FIRFIRLI BLUZ,999.99
BASKILI BİSİKLET YAKA T-SHIRT,899.99
FITTED BİSİKLET YAKA DİKİŞ DETAYLI T-SHIRT,899.99
FITTED BÜZGÜLÜ KONTRAST BİSİKLET YAKA T-SHIRT,799.99
ÇİZGİLİ FITTED BOYUNDAN BAĞLAMALI KOLSUZ T-SHIRT,659.99
FITTED BASKILI BİSİKLET YAKA T-SHIRT,699.99
MODAL KARIŞIMLI BELİ LASTİKLİ JOGGER PANTOLON,1999
CROPPED FLARE FIT PANTOLON,2199
BİSİKLET YAKA T-SHIRT,759.99
MODAL KARIŞIMLI OVERSIZE BİSİKLET YAKA SWEATSHIRT,1599
CEP DETAYLI OVERSIZE BİSİKLET YAKA T-SHIRT,799.99
FITTED SIRT DETAYLI BİSİKLET YAKA BLUZ,759.99
DESENLİ FITTED BİSİKLET YAKA GİPELİ T-SHIRT,1199
BEL DETAYLI MİNİ JEAN ETEK,2599
V YAKA FITTED JAKARLI YELEK,1799
BAĞLAMA DETAYLI UZUN KOLLU BLUZ,1999
DESENLİ GİPELİ BALON KOL BLUZ,2299
MODAL KARIŞIMLI BELİ LASTİKLİ WIDE LEG PANTOLON,2199
MODAL KARIŞIMLI BELİ LASTİKLİ WIDE LEG PANTOLON,2199
ASKILI CEP DETAYLI MİDİ ELBİSE,3599
LOOSE FIT BİSİKLET YAKA T-SHIRT,659.99
BİSİKLET YAKA KOLSUZ T-SHIRT,699.99
FITTED V YAKA ATLET,759.99
DANTELLİ FITTED AÇIK YAKA ATLET,699.99
DANTELLİ FITTED AÇIK YAKA ATLET,699.99
KISA JEAN ŞORT,1999
BİSİKLET YAKA T-SHIRT,899.99
KISA KOLLU DANTELLİ MİNİ ELBİSE,2199
BELİ LASTİKLİ CEPLİ MİNİ ŞORT,1599
BELİ LASTİKLİ CEPLİ MİNİ ŞORT,1599
FITTED FIRFIRLI DİK YAKA KISA KOLLU BLUZ,799.99
FITTED FIRFIRLI DİK YAKA KISA KOLLU BLUZ,799.99
BASKILI NAKIŞLI LOOSE FIT BİSİKLET YAKA T-SHIRT,1199
DESENLİ BELİ BAĞLAMALI KLOŞ UZUN ETEK,2299
FITTED DÜĞMELİ ATLET,999.99
BELİ BAĞLAMALI WIDE LEG PANTOLON,1599
ÇİZGİLİ FITTED ATLET,659.99
COMFORT FIT BELİ BAĞLAMALI ŞORT,1199
KAYIK YAKA KLOŞ MİDİ ELBİSE,1999
ÇİZGİLİ FITTED AÇIK YAKA T-SHIRT,659.99
FITTED BİSİKLET YAKA KOLSUZ BLUZ,799.99
A FORM KISA KOLLU UZUN ELBİSE,999.99
POLO YAKA CEPLİ YÜN KARIŞIMLI KAZAK,1799
NERVÜR DİKİŞ DETAYLI MİNİ ETEK,1499
BAĞLAMALI UZUN KOLLU GÖMLEK,999.99
LOOSE FIT BİSİKLET YAKA KAZAK,1399
JAKARLI TRİKO KABAN,1999
KAPİTONELİ ÇİFT TARAFLI PUFFER MONT,3999
LOOSE FIT ŞAL YAKA YÜN KARIŞIMLI KAZAK,1999
LOOSE FIT V YAKA KAZAK,1299
A KESİM TRİKO MİNİ ETEK,999.99
SAÇ ÖRGÜLÜ BİSİKLET YAKA YÜNLÜ KAZAK,1799
WIDE LEG KLASİK PANTOLON,1199
DEGAJE YAKA SIRTI AÇIK SATEN UZUN ELBİSE,1599
JAKARLI KARELİ BİSİKLET YAKA HIRKA,1199
NAKIŞLI JEAN CEKET,1299
HAVUÇ KESİM PANTOLON,1399
TOKALI KOLSUZ BLUZ,899.99
ÇİZGİLİ POLO YAKA DÜĞME DETAYLI TRİKO KAZAK,1099
JAKARLI AÇIK YAKA KOLSUZ KAZAK,399.99
JAKARLI EKOSELİ BİSİKLET YAKA HIRKA,1399
DİKİŞ DETAYLI MİNİ ETEK,999.99
ZİNCİR DETAYLI PİLELİ WIDE LEG JEAN PANTOLON,1899
UZUN SATEN ETEK,1199
DÜĞME DETAYLI CEPLİ HIRKA,1999
SLIM STRAIGHT FIT JEAN PANTOLON,1799
FERMUARLI PANÇO KABAN,4299
BASKILI DOKULU MİNİ ETEK,1399
DİK YAKA KOLSUZ BLUZ,1999
EKOSELİ KLOŞ MİDİ ETEK,1199
POLO YAKA SWEATSHIRT,1099
DİK YAKA UZUN KAŞE KABAN,4299
MODAL KARIŞIMLI BİSİKLET YAKA UZUN KOLLU T-SHIRT,799.99
BİSİKLET YAKA OVERSIZE SWEATSHIRT,799.99
LOOSE FIT BİSİKLET YAKA SWEATSHIRT,899.99
DİK YAKA FITTED UZUN KOLLU T-SHIRT,699.99
KUŞ GÖZÜ DETAYLI BİSİKLET YAKA SWEATSHIRT,799.99
LOOSE FIT DİKİŞ DETAYLI JEAN PANTOLON,1199
DERİ GÖRÜNÜMLÜ PİLELİ MİNİ ETEK,899.99
DİK YAKA ÇİFT TARAFLI PELÜŞ MONT CEKET,2599
SKINNY FIT JEAN PANTOLON,999.99
JAKARLI DİK YAKA FERMUARLI HIRKA,1799
PİLELİ MİNİ JEAN ETEK,1299
MODAL KARIŞIMLI KISA KOLLU KAPÜŞONLU SWEATSHIRT,1299
JEAN KARGO PANTOLON,899.99
WIDE LEG BELİ LASTİKLİ ÖRME PANTOLON,1199
BELİ LASTİKLİ WIDE LEG PANTOLON,1499
RENK BLOKLU BAĞLAMA DETAYLI PANTOLON,2299
JAKARLI POLO YAKA HIRKA,1399
KAPÜŞONLU KISA YAĞMURLUK,2599
NERVÜR DİKİŞ DETAYLI MİNİ ETEK,1499
FITTED BÜZGÜLÜ DÜĞMELİ BLUZ,799.99
DİK YAKA MİNİ KAZAK ELBİSE,999.99
DÜĞME DETAYLI WIDE LEG PANTOLON,999.99
WIDE LEG BELİ LASTİKLİ PANTOLON,999.99
YÜN KARIŞIMLI KAŞE KABAN,4999
KAPİTONELİ OVERSIZE UZUN ŞİŞME MONT,2299
V YAKA TRİKO HIRKA,1199
WIDE LEG BELİ BAĞLAMALI FİTİLLİ PANTOLON,1299
CEP DETAYLI TRİKO HIRKA,1099
TEKSTÜRLÜ V YAKA LOOSE FIT KAZAK,799.99
BELİ LASTİKLİ PİLELİ MİNİ ETEK,1199
FLARE FIT ÖRME PANTOLON,1099
BİSİKLET YAKA KISA KOLLU T-SHIRT,499.99
V YAKA UZUN KOLLU T-SHIRT,659.99
BİSİKLET YAKA T-SHIRT,659.99
BELİ BÜZGÜLÜ YIRTMAÇLI MİDİ ELBİSE,659.99
MODAL KARIŞIMLI LOOSE FIT KAPÜŞONLU SWEATSHIRT,1299
LOOSE FIT BİSİKLET YAKA SWEATSHIRT,1199
BİSİKLET YAKA OVERSIZE T-SHIRT,599.99
FERMUARLI DİK YAKA CROP KAZAK,599.99
MODAL KARIŞIMLI KARGO EŞOFMAN ALTI,999.99
MODAL KARIŞIMLI KARGO EŞOFMAN ALTI,999.99
MODAL KARIŞIMLI KARGO EŞOFMAN ALTI,999.99
MODAL KARIŞIMLI BELİ LASTİKLİ JOGGER EŞOFMAN ALTI,1499
MODAL KARIŞIMLI BELİ LASTİKLİ JOGGER EŞOFMAN ALTI,1499
3/4 KOL BİSİKLET YAKA T-SHIRT,599.99
3/4 KOL BİSİKLET YAKA T-SHIRT,599.99
JAKARLI BİSİKLET YAKA HIRKA,1999
MODAL KARIŞIMLI BELİ LASTİKLİ JOGGER EŞOFMAN ALTI,1499
LOOSE FIT BİSİKLET YAKA SWEATSHIRT,1199
MODAL KARIŞIMLI LOOSE FIT KAPÜŞONLU SWEATSHIRT,1299
NERVÜR DİKİŞLİ FLARE FIT BELİ BAĞLAMALI PANTOLON,1099
BASKILI BİSİKLET YAKA T-SHIRT,459.99
ÇİFT CEPLİ OVERSIZE FLANEL GÖMLEK,1299
ÇİZGİLİ DİK YAKA MİNİ KAZAK ELBİSE,999.99
FITTED CASUAL UZUN KOLLU GÖMLEK,1299
MODAL KARIŞIMLI KEMERLİ JOGGER PANTOLON,1099
BİSİKLET YAKA T-SHIRT,459.99
STRAIGHT FIT BEL DETAYLI EŞOFMAN ALTI,899.99
BELİ LASTİKLİ ARKA YIRTMAÇLI UZUN ETEK,759.99
KUŞ GÖZÜ DETAYLI BİSİKLET YAKA SWEATSHIRT,799.99
FITTED DİK YAKA UZUN KOLLU BLUZ,799.99
FITTED DİK YAKA UZUN KOLLU BLUZ,799.99
NAKIŞLI KAPÜŞONLU SWEATSHIRT,1199
V YAKA A FORM BASKILI MİDİ ELBİSE,1999
U YAKA KOLSUZ MODAL UZUN ELBİSE,1699
GÖMLEK YAKA KOLSUZ KEMERLİ MİNİ KETEN TULUM,2799
UZUN GÖMLEK YAKA KLOŞ ELBİSE,1799
KETEN KARIŞIMLI ÇİZGİLİ CLOUTTE FIT PANTOLON,2099
ETNİK BASKILI KOLSUZ UZUN ELBİSE,1899
ÇİZGİLİ A FORM GÖMLEK YAKA SIRTI AÇIK MİDİ ELBİSE,1999
KOLSUZ UZUN TULUM,1699
KISA KOLLU MİNİ GÖMLEK ELBİSE,1699
ETNİK NAKIŞLI OVERSİZE V YAKA MİDİ ELBİSE,3199
BAĞLAMA DETAYLI UZUN KOLLU GÖMLEK,1199
FLORAL BASKILI KRUVAZE BAĞLAMALI MİNİ ELBİSE,2099
NAKIŞLI ASKILI MİDİ ELBİSE,1999
ETNİK BASKILI V YAKA KLOŞ MİDİ ELBİSE,1899
ETNİK BASKILI KLOŞ MİNİ ELBİSE,1899
WIDE LEG DÜĞME DETAYLI KETEN PANTOLON,2699
FLORAL BASKILI ASKILI KLOŞ MİDİ ELBİSE,1899
ÇİZGİLİ OVERSIZE BAĞLAMALI YAKA KETEN KARIŞIMLI BLUZ,1799
PİLE DETAYLI WIDE LEG JEAN PANTOLON,1699
A KESİM MİDİ ETEK,1599
BİSİKLET YAKA FITTED KOLSUZ BLUZ,529.99
BASKILI KLOŞ MİDİ ETEK,1599
MARİN BASKILI UZUN KİMONO,1699
KOLSUZ CROP KETEN BLUZ,1399
ÇİZGİLİ A FORM MİDİ ETEK,1399
KRUVAZE BAĞLAMALI BASKILI MİDİ ETEK,1399
DÜĞME DETAYLI JEAN MİNİ ETEK,1399
OVERSIZE V YAKA FIRFIRLI BLUZ,1399
V YAKA KOLSUZ KETEN BLUZ,1299
V YAKA BAĞLAMA DETAYLI KOLSUZ TRİKO KAZAK,1259
NERVÜRLÜ CROPPED FIT JEAN PANTOLON,1199
STRAIGHT FIT JEAN PANTOLON,1099
ETNİK BASKILI MİDİ GÖMLEK ELBİSE,1599
ÇİZGİLİ WIDE LEG PANTOLON,999.99
V YAKA KISA KOLLU T-SHIRT,899.99
ÇİZGİLİ CASUAL YELEK,899.99
BASKILI BİSİKLET YAKA T-SHIRT,429.99
ÇİZGİLİ BAĞLAMALI MİNİ ŞORT,699.99
V YAKA KOLSUZ FITTED BLUZ,629.99
BİSİKLET YAKA FITTED KOLSUZ BLUZ,529.99
NAKIŞLI BÜZGÜLÜ MİNİ ELBİSE,2299
BASKILI A FORM ASKILI SIRTI AÇIK UZUN ELBİSE,1999
NAKIŞLI BELİ BAĞLAMALI PANTOLON,1999
MARİN BASKILI BAĞLAMALI WIDE LEG PANTOLON,1399
STRAIGHT FIT BELİ BAĞLAMALI KETEN PANTOLON,1899
ÇİÇEK BASKILI A FORM UZUN GÖMLEK ELBİSE,1599
RELAX FIT BELİ LASTİKLİ KETEN PANTOLON,1999
RELAX FIT BELİ LASTİKLİ KETEN ŞORT,1599
BAĞLAMA DETAYLI ÇİZGİLİ GÖMLEK ELBİSE,2499
BAĞLAMA DETAYLI PİLELİ KISA ŞORT,1399
MODAL KARIŞIMLI AÇIK YAKA KOLSUZ TRİKO KAZAK,799.99
KETEN KARIŞIMLI BASKILI KISA KOLLU GÖMLEK,1599
RELAX FIT LİYOSEL PANTOLON,1999
KOLSUZ SIRTI BAĞLAMA DETAYLI BLUZ,1399
DÜZ KESİM UZUN ETEK,1999
STRAIGHT FIT BASKILI PANTOLON,1399
ÇİZGİLİ DÜŞÜK KOL BLUZ,529.99
BASKILI KOLSUZ DAR KESİM MİDİ ELBİSE,1259
PİLELİ KISA KETEN ŞORT,2199
NAKIŞLI DÜŞÜK KOL BİSİKLET YAKA T-SHIRT,899.99
ÇİZGİLİ KISA KOLLU GÖMLEK,1399
BASKILI TEK OMUZ MİDİ ELBİSE,2199
V YAKA DÜĞMELİ KISA KOLLU ÖRME T-SHIRT,999.99
V YAKA KISA KOLLU T-SHIRT,899.99
GÖMLEK YAKA KOLSUZ MİNİ KETEN ELBİSE,2399
SATEN GÖRÜNÜMLÜ DOKULU MİDİ ETEK,1399
KISA KETEN ŞORT,1699
ÇİZGİLİ WIDE LEG BELİ LASTİKLİ PANTOLON,1499
BİSİKLET YAKA LİYOSEL T-SHIRT,559.99
ETNİK BASKILI KLOŞ MİNİ ETEK,1399
ETNİK ÇİZGİLİ KISA KOLLU GÖMLEK,1299
ÇİZGİLİ BELİ BAĞLAMALI MİNİ ŞORT,959.99
KEMERLİ KRUVAZE A FORM MİDİ ETEK,1699
ASKILI MİNİ KETEN ELBİSE,2199
ÖN CEPLİ STRAIGHT FIT PANTOLON,1599
REGULAR FIT PİLELİ PANTOLON,1099
BASKILI KEMERLİ KOLSUZ KLOŞ MİNİ ELBİSE,1899
RELAX FIT BELİ LASTİKLİ KETEN ŞORT,1599
RESORT YAKA KOLSUZ KETEN GÖMLEK,1399
PİLE DETAYLI WIDE LEG PANTOLON,1299
BAĞLAMA DETAYLI KETEN ŞORT,1599
KEMERLİ KETEN ŞORT,1699
BASKILI KOLSUZ KLOŞ MİDİ ELBİSE,1999
BASKILI STRAIGHT FIT BELİ LASTİKLİ PANTOLON,1599
BELİ BAĞLAMALI KISA ŞORT,1599
ÇİZGİLİ KISA ŞORT,1259
AJURLU YANLARI DÜĞMELİ KOLSUZ KAZAK,1099
BASKILI V YAKA CROP KOLSUZ BLUZ,699.99
KEMER DETAYLI ÇİZGİLİ MİDİ ETEK,1699
DÜZ KESİM KOLSUZ V YAKA UZUN ELBİSE,1799
KOLSUZ ASKILI KETEN KARIŞIMLI BLUZ,1699
PİLELİ KETEN KARIŞIMLI PANTOLON,3199
KETEN KARIŞIMLI AÇIK DÜĞMELİ YAKA ATLET,629.99
A KESİM CEPLİ KOLSUZ MİDİ ELBİSE,3599
KETEN KARIŞIMLI KOLSUZ FITTED CEKET,2199
WIDE LEG PANTOLON,1899
STRAIGHT FIT PANTOLON,1499
KETEN KARIŞIMLI BİSİKLET YAKA ATLET,479.99
STRAIGHT FIT PANTOLON,1499
FIRFIR DETAYLI GÖMLEK BLUZ,999.99
SIRT DETAYLI KOLSUZ NAKIŞLI BLUZ,1599
MARİN BASKILI MİDİ GÖMLEK ELBİSE,1599
NAKIŞLI KEMERLİ A FORM MİDİ GÖMLEK ELBİSE,2799
NAKIŞLI KISA KOLLU GÖMLEK,1399
NAKIŞLI BELİ LASTİKLİ ŞORT,1259
ETNİK NAKIŞLI RELAX FIT ŞORT,1099
NERVÜR DİKİŞLİ WIDE LEG ÖRME PANTOLON,1099
REGULAR FIT KETEN KISA ŞORT,1599
A KESİM MİDİ ETEK,1599
V YAKA DOKULU CASUAL BLUZ,1199
ASKILI KLOŞ MİDİ ELBİSE,1999
PİLE DETAYLI HAVUÇ KESİM KETEN KARIŞIMLI PANTOLON,1899
REGULAR FIT MİNİ JEAN ŞORT,1399
EKOSELİ A FORM MİNİ ETEK,999.99
DÜŞÜK KOL SİMLİ KISA KOLLU T-SHIRT,459.99
BASKILI DÜŞÜK KOL T-SHIRT,529.99
BİSİKLET YAKA ÖRGÜ DETAYLI YELEK,959.99
FİTİLLİ FITTED KOLSUZ TRİKO KAZAK,959.99
BASKILI A FORM KOLSUZ MİDİ ELBİSE,1999
KETEN KARIŞIMLI BASKILI BELİ LASTİKLİ KISA ŞORT,999.99
DÜĞÜM DETAYLI YIRTMAÇLI MİDİ ELBİSE,899.99
KISA KOLLU YIRTMAÇLI DAR MİDİ ELBİSE,899.99
KISA KOLLU YIRTMAÇLI DAR MİDİ ELBİSE,899.99
PİLELİ KISA KETEN ŞORT,2199
ÇİZGİLİ WIDE LEG BELİ LASTİKLİ PANTOLON,999.99
BİSİKLET YAKA LİYOSEL T-SHIRT,559.99
WIDE LEG ESKİTMELİ JEAN PANTOLON,1699
BASKILI V YAKA GÖMLEK BLUZ,1099
UZUN GÖMLEK YAKA KLOŞ ELBİSE,1799
OVERSIZE DOKULU CASUAL GÖMLEK,1199
BASKILI KOL DETAYLI OVERSIZE UZUN ELBİSE,1399
ETNİK BASKILI KISA KOLLU DÜĞMELİ BLUZ,1259
ETNİK BASKILI ASKILI KLOŞ UZUN ELBİSE,1899
MARİN BASKILI YAKA DETAYLI KLOŞ MİDİ ELBİSE,1899
ETNİK BASKILI UZUN KİMONO,1599
ETNİK NAKIŞLI OVERSIZE GÖMLEK,1699
V YAKA KISA KOLLU MİDİ ELBİSE,1259
BİSİKLET YAKA TRİKO KAZAK,799.99
ÇİZGİLİ LOOSE FIT KISA KOLLU TRİKO KAZAK,1259
KISA KETEN ŞORT,1599
ETNİK BASKILI BAĞLAMA DETAYLI UZUN ELBİSE,1799
NAKIŞLI 3/4 KOL GÖMLEK,1199
YIRTMAÇLI MİDİ ETEK,1599
RELAX FIT BELİ LASTİKLİ PANTOLON,1399
BAĞLAMALI 3/4 KOL V YAKA BLUZ,1259
BİLEK DETAYLI WIDE LEG JEAN PANTOLON,1599
OVERSIZE CASUAL GÖMLEK,1299
ETNİK BASKILI MİNİ ELBİSE,1399
ÇİZGİLİ BİSİKLET YAKA KISA KOLLU T-SHIRT,559.99
MODAL KARIŞIMLI BİSİKLET YAKA KISA KOLLU T-SHIRT,599.99
FITTED BİSİKLET YAKA KISA KOLLU T-SHIRT,459.99
KOLSUZ BAĞLAMALI MİNİ KETEN ELBİSE,1899
CEP GÖRÜNÜMLÜ MİNİ ETEK,599.99
BİSİKLET YAKA LOOSE FIT T-SHIRT,459.99
V YAKA KISA KOLLU FİTİLLİ T-SHIRT,459.99
FLORAL BASKILI MİNİ KLOŞ ELBİSE,1899
CROP JEAN YELEK,1599
ÇİZGİLİ V YAKA OVERSIZE BLUZ,1259
EKOSELİ KISA KOLLU CROP CEKET,1599
KRUVAZE BAĞLAMALI MİNİ JEAN ELBİSE,1399
CEP DETAYLI CROPPED FLARE FIT PANTOLON,1699
BASKILI UZUN KOLLU GÖMLEK,1299
ÇİZGİLİ KISA KOLLU TRİKO MİNİ ELBİSE,1599
BASKILI KLOŞ MİDİ GÖMLEK ELBİSE,2199
ASİMETRİK KESİM MİDİ ETEK,899.99
BAĞLAMALI CROP BLUZ,699.99
DÜĞÜM DETAYLI YIRTMAÇLI MİDİ ELBİSE,899.99
MODAL KARIŞIMLI BİSİKLET YAKA KOLSUZ BLUZ,899.99
ÇİZGİLİ CLOUTTE FIT BELİ LASTİKLİ ÖRME PANTOLON,999.99
İŞLEMELİ ASKILI KLOŞ MİDİ ELBİSE,2799
LİYOSEL KARIŞIMLI KARGO PANTOLON,1599
ÇİZGİLİ LOOSE FIT BİSİKLET YAKA DÜŞÜK KOL BLUZ,999.99
BİSİKLET YAKA LİYOSEL T-SHIRT,559.99
ETNİK DESENLİ KEMERLİ MİDİ ELBİSE,2499
PİLELİ MİNİ KARGO ETEK,1499
ASKILI ANVELOP MİDİ ELBİSE,899.99
FLORAL BASKILI ASKILI VOLANLI MİDİ ELBİSE,2199
BASKILI KRUVAZE ŞORT ETEK,1099
ETNİK BASKILI KEMERLİ UZUN ELBİSE,1699
YAKASI BAĞLAMALI NAKIŞLI MİNİ ELBİSE,1399
NAKIŞLI V YAKA KOLSUZ BLUZ,1299
MİNİ JEAN ŞORT,1259
UZUN KOLLU CROP GÖMLEK,999.99
WIDE LEG PANTOLON,899.99
REGULAR FIT BİSİKLET YAKA T-SHIRT,399.99
BİSİKLET YAKA KISA KOLLU T-SHIRT,429.99
BİSİKLET YAKA KOLSUZ CROP T-SHIRT,359.99
DİKİŞ DETAYLI CROP JEAN CEKET,1999
UZUN KOLLU GÖMLEK GÖRÜNÜMLÜ BAĞLAMALI BLUZ,899.99
NAKIŞLI KISA ŞORT,1699
BOL KESİM KARGO PANTOLON,1399
MİNİ KARGO ŞORT,1599
BASKILI BAĞLAMALI BLUZ,1099
BASKILI KLOŞ MİDİ ETEK,1499
FLORAL BASKILI YIRTMAÇLI MİDİ ETEK,1099
ÇİZGİLİ KOLSUZ KLOŞ MİNİ GÖMLEK ELBİSE,1599
DANTEL DESENLİ KOLSUZ CROP BLUZ,799.99
BASKILI SIRTI BAĞLAMALI MİDİ ELBİSE,1999
MODAL KARIŞIMLI RELAX FIT BELİ LASTİKLİ PANTOLON,1699
FLORAL BASKILI ASKILI YIRTMAÇLI MİDİ ELBİSE,999.99
ÇİZGİLİ KISA KOLLU GÖMLEK,1299
ÇİZGİLİ RELAX FIT BELİ BAĞLAMALI PANTOLON,1259
DÜĞMELİ MİNİ TULUM,1999
CEPLİ FITTED KISA ŞORT,1399
BASKILI SIRT DETAYLI KOLSUZ MİDİ ELBİSE,1259
OVERSIZE JEAN CEKET,2099
ETNİK BASKILI KISA KOLLU GÖMLEK,1299
LOOSE FIT PİLE DETAYLI PANTOLON,1799
KARE YAKA FIRFIRLI KOLSUZ CROP BLUZ,899.99
BELİ LASTİKLİ KARGO PANTOLON,1799
ÇİZGİLİ RESORT YAKA KISA KOLLU GÖMLEK,1199
ÇİZGİLİ DÜĞME DETAYLI MİNİ ŞORT ETEK,1599
DÜZ KESİM ÇİZGİLİ KOLSUZ MİNİ ELBİSE,999.99
NAKIŞLI BELİ LASTİKLİ ŞORT,1399
ÇİZGİLİ KOLSUZ TRİKO MİNİ ELBİSE,999.99
JEAN ŞORT,1259
RELAX FIT PANTOLON,1699
WIDE LEG BELİ BAĞLAMALI PANTOLON,1199
FLORAL BASKILI SIRT DETAYLI KLOŞ MİNİ ELBİSE,1699
YIRTMAÇLI MİNİ ETEK,659.99
V YAKA SIRTI AÇIK FİTİLLİ TRİKO,959.99
BASKILI RESORT YAKA KISA KOLLU GÖMLEK,1259
BASKILI BİSİKLET YAKA KOLSUZ T-SHIRT,599.99
RELAX FIT BAĞLAMALI ÇİZGİLİ KISA ŞORT,899.99
V YAKA FİYONK BAĞLAMALI KOLSUZ BLUZ,1259
RELAX FIT NAKIŞLI BELİ LASTİKLİ ŞORT,1099
NAKIŞLI KISA KOLLU GÖMLEK,1299
KRUVAZE FERMUARLI TRUCKER CEKET,2799
MODAL JOGGER EŞOFMAN ALTI,799.99
BİSİKLET YAKA CROP T-SHIRT,399.99
BASKILI BİSİKLET YAKA KISA KOLLU T-SHIRT,429.99
BASKILI BİSİKLET YAKA OVERSIZE T-SHIRT,459.99
UZUN KOLLU MİNİ GÖMLEK ELBİSE,1499
BİSİKLET YAKA CROP T-SHIRT,399.99
DİKİŞ DETAYLI MİNİ JEAN ETEK,1099
VOLANLI MİNİ ETEK,699.99
KRUVAZE BAĞLAMALI MİNİ ETEK,1259
YAKA DETAYLI ÇİZGİLİ KLOŞ MİNİ ELBİSE,1399
LOOSE FIT BASKILI BİSİKLET YAKA T-SHIRT,429.99
İŞLEMELİ MİNİ JEAN ETEK,1599
ÇİZGİLİ UZUN KOLLU GÖMLEK GÖRÜNÜMLÜ BAĞLAMALI BLUZ,1099
LOOSE FIT NAKIŞLI KISA KOLLU GÖMLEK,1599
ETNİK NAKIŞLI A FORM MİNİ ELBİSE,1999
NAKIŞLI ASKILI A FORM MİNİ ELBİSE,1599
BİSİKLET YAKA KISA KOLLU T-SHIRT,399.99
BİSİKLET YAKA KISA KOLLU T-SHIRT,399.99
STRAIGHT FIT ÇİZGİLİ PANTOLON,1399
RELAX FIT CEPLİ ASKILI TULUM,1899
POLO YAKA ÇİZGİLİ CROP T-SHIRT,699.99
BİSİKLET YAKA DÜŞÜK KOL T-SHIRT,429.99
PİLELİ KISA ŞORT,899.99
STRAIGHT FIT BASKILI PANTOLON,1699
DÜĞME DETAYLI MİNİ DAR ETEK,799.99
ETNİK BASKILI ÇİÇEKLİ MİNİ ELBİSE,2499
BOYUNDAN BAĞLAMALI BASKILI UZUN ELBİSE,1799
ÇİÇEKLİ YIRTMAÇ DETAYLI MİDİ ELBİSE,1099
ÇİÇEKLİ KETEN KARIŞIMLI MİNİ ŞORT,1099
KETEN KARIŞIMLI DEGAJE YAKA BLUZ,799.99
BİSİKLET YAKA DÜŞÜK KOL T-SHIRT,899.99
VİSKOZ KARIŞIMLI KOLSUZ BLUZ,499.99
KISA KOLLU BİSİKLET YAKA MİNİ ELBİSE,799.99
CULOTTE FIT JEAN PANTOLON,1199
ETNİK BASKILI V YAKA MİDİ ELBİSE,1399
KETEN KARIŞIMLI DEGAJE YAKA BLUZ,799.99
POLO YAKA KISA KOLLU MİNİ ELBİSE,799.99
ÇİZGİLİ CROP T-SHIRT,399.99
BALON KOL BAĞLAMA DETAYLI TULUM,1799
ÇİZGİLİ BİSİKLET YAKA CROP BLUZ,559.99
KETEN KARIŞIMLI PANTOLON,1699
AÇIK YAKA CROP T-SHIRT,399.99
ETNİK DESENLİ A FORM MİNİ ELBİSE,1599
ETNİK NAKIŞLI MİDİ GÖMLEK ELBİSE,2399
BASKILI CEPLİ MİNİ GÖMLEK ELBİSE,1699
WIDE LEG BAĞLAMA DETAYLI LİYOSEL PANTOLON,1999
UZUN KOLLU ETNİK DESENLİ PLAJ ELBİSESİ,1259
STRAIGHT FIT KEMERLİ PANTOLON,2099
ÇİZGİ DETAYLI DÜZ KESİM DAR MİNİ ELBİSE,1259
BASKILI FİYONK DETAYLI MİNİ ETEK,1259
BASKILI KLOŞ MİNİ ETEK,999.99
MARİN BASKILI ASKILI MİDİ ELBİSE,859.99
ÇİZGİLİ BONCUK ASKILI UZUN TRİKO ELBİSE,1099
ÇİZGİLİ KLOŞ MİDİ ELBİSE,1899
NAKIŞLI DESENLİ KLOŞ UZUN ETEK,1699
BASKILI FIRFIRLI DÜŞÜK KOL CROP BLUZ,899.99
ETNİK BASKILI V YAKA KRUVAZE BLUZ,1299
ETNİK BASKILI RELAX FIT PANTOLON,1259
KOLSUZ DAR MİDİ ELBİSE,1259
POLO YAKA KOLSUZ T-SHIRT,429.99
ÇİZGİLİ ASKILI SIRT DETAYLI MİDİ ELBİSE,1099
PİLELİ MİNİ ETEK,1099
ÇİZGİLİ KEMERLİ KISA ŞORT,1999
ASİMETRİK KESİM KOLSUZ MİDİ ELBİSE,1999
OVERSIZE UZUN KOLLU KETEN GÖMLEK,1899
DÜĞMELİ KOLSUZ BLUZ,1799
MARİN NAKIŞLI BİSİKLET YAKA T-SHIRT,629.99
BELİ BAĞLAMALI CROPPED FLARE FIT PANTOLON,1599
KEMER DETAYLI KRUVAZE YAKA MİNİ TULUM,1399
BAĞLAMA DETAYLI PİLELİ KISA ŞORT,1399
FLORAL BASKILI BAĞLAMALI CROP BLUZ,1259
ÇİZGİLİ BELİ BAĞLAMALI MİNİ ELBİSE,1259
ASİMETRİK AÇIK YAKA FITTED T-SHIRT,499.99
BELİ BAĞLAMALI CLOUTTE FIT PANTOLON,959.99
BİSİKLET YAKA KISA KOLLU T-SHIRT,429.99
BELİ BAĞLAMALI CLOUTTE FIT PANTOLON,959.99
U YAKA FITTED ATLET,399.99
V YAKA ATLET,399.99
V YAKA T-SHIRT,629.99
MARİN NAKIŞLI BİSİKLET YAKA T-SHIRT,629.99
MARİN İŞLEMELİ BİSİKLET YAKA T-SHIRT,629.99
MARİN NAKIŞLI BİSİKLET YAKA T-SHIRT,529.99
MARİN BASKILI BİSİKLET YAKA T-SHIRT,529.99
BASKILI BİSİKLET YAKA T-SHIRT,529.99
MARİN BASKILI BİSİKLET YAKA T-SHIRT,529.99
BASKILI BİSİKLET YAKA T-SHIRT,529.99
BASKILI BİSİKLET YAKA T-SHIRT,529.99
GÖMLEK YAKA KISA KOLLU KETEN BLUZ,1699
OVERSIZE UZUN KOLLU KETEN GÖMLEK,1899
DÜZ KESİM KOLSUZ MİNİ ELBİSE,699.99
OVERSIZE NAKIŞLI KISA KOLLU GÖMLEK,1599
V YAKA KISA KOLLU T-SHIRT,529.99
OVERSIZE UZUN KOLLU GÖMLEK,999.99
KISA KETEN ŞORT,1599
V YAKA KISA KOLLU FİTİLLİ T-SHIRT,459.99
STRAIGHT FIT KETEN PANTOLON,1899
V YAKA KISA KOLLU MİNİ KLOŞ ELBİSE,1699
LOOSE FIT BİSİKLET YAKA T-SHIRT,899.99
DÜĞME DETAYLI BİSİKLET YAKA T-SHIRT,499.99
DİK YAKA KISA KOLLU T-SHIRT,599.99
ÇİZGİLİ KOLSUZ SIRT DETAYLI DAR MİDİ ELBİSE,1099
BELİ LASTİKLİ DANTELLİ MİDİ ETEK,1599
BASKILI BİSİKLET YAKA T-SHIRT,529.99
KISA KOLLU DÜĞMELİ KETEN BLUZ,1899
STRAIGHT FIT KETEN PANTOLON,2399
KEMERLİ KISA KETEN ŞORT,1699
CIGARETTE FIT KETEN PANTOLON,2199
BAĞLAMA DETAYLI KOLSUZ KETEN KARIŞIMLI BLUZ,999.99
BALIKSIRTI DESENLİ BAĞLAMALI MİNİ ŞORT,999.99
MARİN BASKILI BİSİKLET YAKA T-SHIRT,559.99
ÇİZGİLİ KETEN KARIŞIMLI ŞORT,1999
BİSİKLET YAKA KISA KOLLU T-SHIRT,399.99
ÇİZGİLİ REGULAR FIT GÖMLEK,999.99
RESORT YAKA KOLSUZ KETEN GÖMLEK,1399
RESORT YAKA KOLSUZ KETEN GÖMLEK,1399
REGULAR FIT KETEN KISA ŞORT,1599
DÜĞME DETAYLI FITTED KISA ŞORT,1699
KOLU DANTEL DETAYLI BİSİKLET YAKA T-SHIRT,559.99
NAKIŞLI KISA KOLLU DÜZ KESİM MİNİ ELBİSE,1399
BELİ BAĞLAMALI CLOUTTE FIT PANTOLON,959.99
ÇİZGİLİ KEMERLİ KOLSUZ CEKET,2799
DÜĞME DETAYLI KISA KETEN ŞORT,1699
ÇİZGİLİ HAVUÇ KESİM BELİ LASTİKLİ PANTOLON,1399
KETEN KARIŞIMLI ÇİZGİLİ KOLSUZ FITTED CEKET,2099
BİSİKLET YAKA KISA KOLLU KAZAK,999.99
KISA KETEN ŞORT,1599
KISA KOLLU BİSİKLET YAKA MİNİ ELBİSE,799.99
STRAIGHT FIT BELİ BAĞLAMALI KETEN PANTOLON,1899
BAĞLAMA DETAYLI KISA KOLLU CROP GÖMLEK,1299
KETEN KARIŞIMLI BELİ LASTİKLİ STRAIGHT FIT PANTOLON,1699
MARİN BASKILI KISA ŞORT,1259
BİSİKLET YAKA KISA KOLLU TRİKO KAZAK,799.99
KISA KETEN ŞORT,1699
KISA KETEN ŞORT,1699
DANTEL DETAYLI BİSİKLET YAKA T-SHIRT,499.99
BİSİKLET YAKA OVERSIZE T-SHIRT,459.99
DÜZ KESİM KOLSUZ MİNİ ELBİSE,699.99
MARİN NAKIŞLI BİSİKLET YAKA T-SHIRT,529.99
MARİN BASKILI BİSİKLET YAKA T-SHIRT,529.99
DÜĞME DETAYLI FITTED KISA ŞORT,1259
A FORM KOLSUZ MİNİ KETEN ELBİSE,1999
3/4 KOL KETEN GÖMLEK,1899
LOOSE FIT BALIKSIRTI DESENLİ KISA KOLLU GÖMLEK,1259
MARİN BASKILI BİSİKLET YAKA T-SHIRT,529.99
V YAKA KEMER DETAYLI ANVELOP MİNİ ELBİSE,1099
GÖMLEK YAKA KISA KOLLU KETEN BLUZ,1699
V YAKA KOLSUZ KETEN BLUZ,1299
NAKIŞ DETAYLI KISA KOLLU T-SHIRT,629.99
STRAIGHT FIT KETEN PANTOLON,1999
V YAKA KISA KOLLU T-SHIRT,459.99
POLO YAKA KISA KOLLU MİNİ ELBİSE,759.99
POLO YAKA KISA KOLLU MİNİ ELBİSE,799.99
KISA KETEN ŞORT,1699
ÇİZGİ DETAYLI BİSİKLET YAKA T-SHIRT,599.99
MARİN NAKIŞLI V YAKA T-SHIRT,559.99
BİSİKLET YAKA KISA KOLLU KAZAK,999.99
BİSİKLET YAKA DÜŞÜK KOL T-SHIRT,899.99
REGULAR FIT UZUN KOLLU GÖMLEK,1099
LOOSE FIT DÜĞMELİ DÜŞÜK KOL T-SHIRT,629.99
KISA KOLLU BİSİKLET YAKA MİNİ ELBİSE,799.99
BİSİKLET YAKA KOLSUZ TRİKO KAZAK,799.99
NAKIŞLI LOOSE FIT BİSİKLET YAKA T-SHIRT,699.99
POLO YAKA DOKULU KISA KOLLU BLUZ,629.99
POLO YAKA DAR MİNİ ELBİSE,899.99
STRAIGHT FIT BAĞLAMALI PANTOLON,1399
MARİN BASKILI ASKILI MİDİ ELBİSE,859.99
MARİN NAKIŞLI BİSİKLET YAKA T-SHIRT,529.99
ÇİZGİLİ DÜĞME DETAYLI KOLSUZ ATLET,529.99
BASKILI BİSİKLET YAKA T-SHIRT,479.99
MARİN BASKILI CROPPED FLARE PANTOLON,1599
POLO YAKA KLOŞ MİNİ ELBİSE,1699
ETNİK NAKIŞLI KLOŞ MİDİ ELBİSE,1899
BASKILI BÜZGÜLÜ MİDİ ETEK,899.99
ÇİZGİLİ BİSİKLET YAKA KOLSUZ T-SHIRT,459.99
ETNİK BASKILI BAĞLAMA DETAYLI UZUN ELBİSE,1599
ÇİZGİLİ KISA ŞORT,1259
BASKILI ASKILI DÜZ KESİM UZUN ELBİSE,999.99
BİSİKLET YAKA KOLSUZ CROP BLUZ,629.99
ASKILI ANVELOP MİDİ ELBİSE,899.99
DÜZ KESİM EKOSELİ MİNİ ELBİSE,799.99
ÇİZGİLİ BİSİKLET YAKA CROP T-SHIRT,399.99
MODAL KARIŞIMLI JOGGER EŞOFMAN ALTI,1499
CEPLİ MİNİ ETEK,1399
FLORAL BASKILI MİNİ ŞORT ETEK,1259
MODAL KARIŞIMLI BELİ LASTİKLİ EŞOFMAN ALTI,1199
JAKARLI TRİKO MİNİ ETEK,1099
NAKIŞLI V YAKA T-SHIRT,529.99
JOGGER BELİ LASTİKLİ ÖRME PANTOLON,899.99
EKOSELİ FIRFIRLI MİNİ ETEK,799.99
DÜZ KESİM YAN YIRTMAÇLI MİDİ ETEK,699.99
MODAL KARIŞIMLI BİSİKLET YAKA ATLET,599.99
ÇİZGİLİ STRAPLEZ ÖRME BLUZ,599.99
BİSİKLET YAKA CROP T-SHIRT,599.99
MARİN BASKILI OVERSIZE BİSİKLET YAKA T-SHIRT,559.99
DÜĞMELİ BİSİKLET YAKA ATLET,529.99
KRUVAZE DETAYLI BİSİKLET YAKA T-SHIRT,529.99
MARİN BASKILI OVERSIZE BİSİKLET YAKA T-SHIRT,529.99
KOLSUZ FITTED ATLET,479.99
PENCERE DETAYLI BİSİKLET YAKA ATLET,459.99
LOOSE FIT ETNİK BASKILI BİSİKLET YAKA T-SHIRT,429.99
FITTED NAKIŞLI ATLET,399.99
BAĞLAMA DETAYLI ÇİZGİLİ MİDİ KİMONO,1799
FLORAL BASKILI KOLSUZ CROP BLUZ,1099
ETNİK BASKILI KISA ŞORT,1259
ETNİK BASKILI KISA KOLLU GÖMLEK,1259
MİNİ KARGO ŞORT,1599
BELİ LASTİKLİ MİNİ ŞORT,759.99
DÜĞMELİ V YAKA KISA KOLLU SWEATSHIRT,859.99
KOLSUZ DAR MİNİ ELBİSE,799.99
HAVUÇ KESİM BELİ LASTİKLİ PANTOLON,1399
MARİN BASKILI BİSİKLET YAKA T-SHIRT,499.99
NAKIŞLI BİSİKLET YAKA T-SHIRT,429.99
ÇİZGİLİ OVERSIZE KOLSUZ BLUZ,1259
FİTİLLİ V YAKA CROP T-SHIRT,459.99
SLOGAN BASKILI LOOSE FIT BİSİKLET YAKA T-SHIRT,479.99
PENCERE DETAYLI BİSİKLET YAKA ATLET,459.99
DÜZ KESİM MİNİ KETEN ELBİSE,2299
RELAX FIT FLORAL BASKILI KISA ŞORT,1259
RELAX FIT FLORAL BASKILI BELİ LASTİKLİ ŞORT,1259
MARİN BASKILI RESORT YAKA CROP GÖMLEK,1259
ÇİZGİLİ BELİ BAĞLAMALI HAVUÇ KESİM PANTOLON,1259
ÇİZGİLİ KOLSUZ MİNİ ELBİSE,1399
ÇİZGİLİ BELİ LASTİKLİ MİNİ ŞORT,1259
BÜZGÜ DETAYLI KLOŞ MİNİ ELBİSE,1899
RELAX FIT ÇİZGİLİ BELİ BAĞLAMALI TRİKO PANTOLON,1499
RELAX FIT BELİ BAĞLAMALI LİYOSEL ŞORT,1699
ÇİZGİLİ ÖRME MİNİ ŞORT,1099
BELİ LASTİKLİ DANTELLİ PANTOLON,1259
BASKILI BAĞLAMALI GÖMLEK BLUZ,1259
RELAX FIT BAĞLAMALI PANTOLON,2199
ÇİZGİLİ RELAX FIT ŞORT,1399
YÜKSEK BEL MODAL JOGGER EŞOFMAN ALTI,1599
ÇİZGİLİ CROP KOLSUZ TRİKO KAZAK,799.99
BİSİKLET YAKA CROP T-SHIRT,429.99
BASKILI KISA KOLLU GÖMLEK,699.99
BASKILI BAĞLAMA DETAYLI MİNİ ŞORT,629.99
BASKILI BİSİKLET YAKA T-SHIRT,459.99
ÇİZGİLİ WIDE LEG BELİ BAĞLAMALI ÖRME PANTOLON,999.99
ÇİZGİLİ V YAKA DÜĞMELİ KOLSUZ BLUZ,899.99
BASKILI BİSİKLET YAKA OVERSIZE T-SHIRT,479.99
KOLSUZ FITTED ATLET,479.99
MODAL KARIŞIMLI ASKILI BÜZGÜLÜ MİNİ ELBİSE,1259
ÇİZGİLİ OVERSIZE KISA KOLLU GÖMLEK,1259
CEPLİ FITTED KISA ŞORT,1399
SLOGAN BASKILI LOOSE FIT BİSİKLET YAKA T-SHIRT,499.99
V YAKA ATLET,559.99
ÇİZGİLİ BELİ BAĞLAMALI MİNİ ETEK,799.99
DANTELLİ KOLSUZ CROP ATLET,699.99
BAĞLAMA DETAYLI DANTELLİ MİDİ ETEK,1399
AÇIK YAKA CROP T-SHIRT,399.99
DÜŞÜK KOLLU MODAL T-SHIRT,799.99
SKINNY FIT JEAN PANTOLON,999.99
BASKILI KOLSUZ MİDİ ELBİSE,1099
RENK BLOKLU CROP T-SHIRT,399.99
DÜĞMELİ BİSİKLET YAKA ATLET,529.99
NAKIŞLI FITTED T-SHIRT,499.99
ÇİZGİLİ YAKASI BAĞLAMALI BLUZ,1399
CEPLİ KAPÜŞONLU KISA YAĞMURLUK,1999
ÇİZGİLİ SIRT DETAYLI KLOŞ MİDİ ELBİSE,1599
BİSİKLET YAKA CROP T-SHIRT,599.99
JEAN ŞORT,1399
OVERSIZE UZUN KOLLU GÖMLEK,1599
BASKILI KRUVAZE MİDİ ETEK,1099
KOLSUZ CROP BLUZ,529.99
ASİMETRİK KESİM KOLSUZ KLOŞ MİDİ ELBİSE,1259
U YAKA FITTED ATLET,429.99
KOLSUZ DAR MİNİ ELBİSE,799.99
ÇAPA NAKIŞLI BİSİKLET YAKA T-SHIRT,529.99
BİSİKLET YAKA CROP T-SHIRT,399.99
JAKARLI POLO YAKA KOLSUZ TRİKO KAZAK,999.99
DÜZ KESİM YAN YIRTMAÇLI MİDİ ETEK,699.99
MARİN NAKIŞLI KISA KOLLU MİNİ ELBİSE,799.99
V YAKA KRUVAZE BAĞLAMALI ELBİSE,899.99
ETNİK NAKIŞLI MİNİ ELBİSE,899.99
KETEN MİDİ ETEK,899.99
NAKIŞLI YIRTMAÇLI UZUN ELBİSE,1699
HALTER YAKA DOKULU MİNİ ELBİSE,1599
KOLSUZ KETEN MİNİ ELBİSE,999.99
DÜĞME DETAYLI KEMERLİ ÇİZGİLİ MİDİ KALEM ETEK,899.99
CEP DETAYLI JEAN MİNİ ŞORT,859.99
FIRFIRLI MİDİ GÖMLEK ELBİSE,859.99
KETEN KARIŞIMLI WIDE LEG PANTOLON,699.99
NAKIŞLI SMART CROP BLUZ,699.99
V YAKA KETEN KARIŞIMLI BLUZ,699.99
FİTİLLİ KOLSUZ MİDİ TRİKO ELBİSE,529.99
BOYUNDAN BAĞLAMALI MİDİ ELBİSE,459.99
A FORM MİNİ ELBİSE,1399
ÇİZGİLİ MİNİ TULUM,1299
BİSİKLET YAKA KETEN T-SHIRT,1099
ETNİK BASKILI V YAKA SMART BLUZ,399.99
TRİKO DAR ELBİSE,799.99
BİSİKLET YAKA KETEN T-SHIRT,1099
ŞİLE BEZİ - BİSİKLET YAKA FIRFIRLI KOLSUZ BLUZ,1599
ŞİLE BEZİ - BİSİKLET YAKA KISA KOLLU BLUZ,1099
ÇİZGİLİ MİDİ ÖRME ETEK,799.99
AJURLU DÜĞMELİ TRİKO HIRKA,1299
ÇİÇEK BASKILI VİSKON MİDİ ELBİSE,699.99
KETEN KISA ŞORT,999.99
BASKILI HALTER YAKA CROP SMART BLUZ,659.99
BASKILI KETEN KARIŞIMLI CROPPED PANTOLON,859.99
BAĞLAMALI ÇİZGİLİ ŞORT,499.99
JEAN ŞORT,799.99
ETNİK NAKIŞLI MİDİ ETEK,899.99
NAKIŞ DESENLİ ETNİK ASKILI MİNİ TULUM,1099
KUŞAKLI UZUN GÖMLEK ELBİSE,659.99
ASKILI UZUN TULUM,1399
KETEN MİNİ ŞORT,899.99
ETNİK NAKIŞLI PANTOLON,1199
HAVUÇ KESİM KETEN PANTOLON,999.99
VİSKON KARIŞIMLI V YAKA KOLSUZ BLUZ,359.99
NAKIŞLI KISA ŞORT,799.99
KISA ŞORT,1199
ETNİK DESENLİ FLARE FIT PANTOLON,799.99
SATEN GÖRÜNÜMLÜ HALTER YAKA MİDİ ELBİSE,1099
KETEN KISA ŞORT,1499
KETEN BLUZ,999.99
FLORAL BASKILI TEK OMUZ MİDİ ELBİSE,899.99
ASKILI UZUN TULUM,799.99
KEMERLİ KETEN KISA ŞORT,799.99
BASKILI BAĞLAMALI KISA ŞORT,859.99
ÇİZGİLİ BİSİKLET YAKA KISA KOLLU T-SHIRT,599.99
ASKILI UZUN ELBİSE,699.99
ŞİLE BEZİ - ASKILI ASİMETRİK KESİM BLUZ,899.99
ŞİLE BEZİ - RELAX FIT UZUN KOL KİMONO,1399
ŞİLE BEZİ - V YAKA UZUN KOLLU BLUZ,1099
ŞİLE BEZİ - KRUVAZE RELAX FIT GÖMLEK,1799
BAHÇIVAN MİNİ TULUM,1259
EKOSELİ DOKUMA PANTOLON,1099
ASKILI PAMUK UZUN ELBİSE,1399
KOLSUZ MİNİ ELBİSE,1099
İNCE ASKILI TRİKO BLUZ,429.99
RELAX FIT MİNİ JEAN ŞORT,759.99
MİNİ ŞORT,479.99
STRAPLEZ ATLET,199.99
ETNİK BASKILI KISA ŞORT,759.99
AÇIK YAKA CROP ATLET,299.99
V YAKA KISA KOLLU CROP T-SHIRT,199.99
KRUVAZE ASKILI MİDİ ELBİSE,699.99
MİNİ KLOŞ ELBİSE,1099
PAMUKLU CROP GÖMLEK,599.99
MİNİ DAR ELBİSE,399.99
MODAL KARIŞIMLI RAHAT KESİM PANTOLON,799.99
ÇİÇEKLİ MİNİ ETEK,659.99
BASKILI KISA ŞORT,559.99
BASKILI KISA ŞORT,759.99
KARELİ MİNİ TRİKO ETEK,499.99
KRUVAZE ASKILI MİDİ ELBİSE,699.99
BİSİKLET YAKA KISA KOLLU T-SHIRT,229.99
A FORM MİNİ ETEK,659.99
EKOSELİ FIRFIRLI MİNİ ELBİSE,699.99
BAĞLAMALI RELAX FIT KISA ŞORT,859.99
BASKILI SMART CROP GÖMLEK,759.99
ÇİZGİLİ STRAPLEZ CROP BLUZ,389.99
KRUVAZE ASKILI MİDİ ELBİSE,699.99
PAMUKLU BAĞLAMA DETAYLI ÇİZGİLİ MİNİ ŞORT,899.99
KOLSUZ CROP KETEN BLUZ,559.99
MİDİ DAR ELBİSE,699.99
ÇİZGİLİ KISA ŞORT,699.99
BAĞLAMALI ÇİZGİLİ ŞORT,599.99
KETEN BLUZ,599.99
BİSİKLET YAKA T-SHIRT,259.99
KOLSUZ BİSİKLET YAKA T-SHIRT,299.99
BAĞLAMA DETAYLI A FORM MİNİ KETEN ELBİSE,1199
KETEN BÜZGÜLÜ MİNİ GÖMLEK  ELBİSE,2099
V YAKA KISA KOLLU T-SHIRT,499.99
KAYIK YAKA ÇİZGİLİ MİDİ ELBİSE,659.99
KETEN MİNİ ELBİSE,1399
NAKIŞLI BÜZGÜLÜ MİNİ ELBİSE,1499
ETNİK DESENLİ MİNİ ELBİSE,659.99
KETEN REGULAR FIT GÖMLEK,899.99
CEP DETAYLI BAĞLAMALI KARGO ŞORT,599.99
KETEN MİNİ ELBİSE,1399
ETNİK DESENLİ UZUN ELBİSE,859.99
LİYOSEL HAVUÇ PANTOLON,899.99
KEMER DETAYLI PAMUKLU KISA ŞORT,799.99
BASKILI KETEN KARIŞIMLI MİDİ ETEK,759.99
ÇİZGİLİ MİNİ ŞORT,429.99
LİYOSEL JOGGER PANTOLON,759.99
AJURLU KOLSUZ BLUZ,559.99
OVERSIZE ETNİK GÖMLEK,759.99
ETNİK DESENLİ UZUN ELBİSE,899.99
A FORM KETEN MİDİ ELBİSE,899.99
BASKILI MİNİ ETEK,659.99
BASKILI SMART CROP BLUZ,499.99
BAĞLAMA DETAYLI KISA ŞORT,699.99
JEAN ŞORT,699.99
PÜSKÜLLÜ MİNİ ETNİK ELBİSE,1099
RELAX FIT MİNİ ŞORT,999.99
KOLSUZ CROP BLUZ,759.99
KOLSUZ KLOŞ MİNİ ELBİSE,799.99
ÇİZGİLİ MİNİ ETEK,359.99
DOKULU KRUVAZE KESİM MİDİ ELBİSE,699.99
RELAX FIT ÇİZGİLİ KISA ŞORT,659.99
KISA ŞORT,459.99
YIRTIK DETAYLI MİNİ JEAN ŞORT,859.99
A FORM MİNİ KETEN ELBİSE,1299
A FORM MİNİ KETEN ELBİSE,1299
ÇİÇEK BASKILI KETEN KARIŞIMLI CROP BLUZ,559.99
FERMUAR DETAYLI MİNİ ETEK,559.99
FERMUARLI SMART CROP GÖMLEK,999.99
A FORM MİNİ KETEN ELBİSE,1299
ASKILI DAR KESİM MİNİ ELBİSE,499.99
DOKULU KRUVAZE KESİM MİDİ ELBİSE,699.99
ÇİZGİLİ ASKILI CROP BLUZ,329.99
ASKILI FLORAL BASKILI UZUN ELBİSE,899.99
MİNİ DAR ELBİSE,999.99
ÇİZGİLİ STRAIGHT FIT JEAN PANTOLON,759.99
FERMUAR DETAYLI MİNİ ETEK,559.99
MİNİ DAR ELBİSE,429.99
ETNİK BASKILI İŞLEMELİ KOLSUZ UZUN ELBİSE,2799
V YAKA TRİKO KAZAK,699.99
BİSİKLET YAKA OVERSIZE KISA KOLLU TRİKO KAZAK,899.99
AÇIK YAKA SIRT DETAYLI MİDİ ELBİSE,1259
REGULAR FIT ERKEK YAKA MONT CEKET,4599
NAKIŞLI KAPÜŞONLU YAĞMURLUK,3999
ÇİZGİLİ REGULAR FIT UZUN KOLLU GÖMLEK,1999
NAKIŞLI GİZLİ KAPÜŞONLU YAĞMURLUK,3999
REGULAR FIT CEP DETAYLI CEKET,2799
REGULAR FIT SUNİ DERİ CEKET,4599
REGULAR FIT UZUN KOLLU GÖMLEK,1999
SLIM FIT UZUN KOLLU KETEN GÖMLEK,2599
STRAIGHT FIT PANTOLON,2199
FERMUARLI İNCE CEKET,2799
CEP DETAYLI JEAN CEKET,3299
ÇİZGİLİ REGULAR FIT UZUN KOLLU GÖMLEK,1499
ÇİZGİLİ REGULAR FIT KETEN KARIŞIMLI UZUN KOLLU GÖMLEK,2599
EKOSELİ REGULAR FIT UZUN KOLLU GÖMLEK,1999
REGULAR FIT KEMERLİ KADİFE YAKA MONT CEKET,4999
TEKSTÜRLÜ POLO YAKA KISA KOLLU TRİKO KAZAK,1999
ÇİZGİLİ REGULAR FIT UZUN KOLLU GÖMLEK,1999
REGULAR FIT UZUN KOLLU GÖMLEK,1999
REGULAR FIT UZUN KOLLU GÖMLEK,1999
SLIM STRAIGHT FIT CHINO PANTOLON,2999
LOOSE FIT BELİ BAĞLAMALI PANTOLON,2999
REGULAR FIT UZUN KOLLU GÖMLEK,1799
FERMUARLI POLO YAKA T-SHIRT,1399
FERMUARLI POLO YAKA T-SHIRT,1399
REGULAR FIT UZUN KOLLU GÖMLEK,1499
OVERSIZE BİSİKLET YAKA T-SHIRT,899.99
OVERSIZE BİSİKLET YAKA T-SHIRT,899.99
BASKILI BİSİKLET YAKA T-SHIRT,699.99
BİSİKLET YAKA SWEATSHIRT,1199
POLO YAKA KISA KOLLU TRİKO KAZAK,1599
REGULAR FIT UZUN KOLLU GÖMLEK,1599
STRAIGHT FIT BELİ LASTİKLİ PANTOLON,2799
OVERSIZE BİSİKLET YAKA T-SHIRT,899.99
SLIM FIT UZUN KOLLU KETEN GÖMLEK,2599
REGULAR FIT UZUN KOLLU KETEN GÖMLEK,2599
ÇİZGİLİ REGULAR FIT UZUN KOLLU GÖMLEK,1999
ÇİZGİLİ POLO YAKA KISA KOLLU TRİKO KAZAK,1999
COMFORT FIT FERMUARLI KAPÜŞONLU SWEATSHIRT,1999
REGULAR FIT UZUN KOLLU GÖMLEK,2299
ÇİZGİLİ REGULAR FIT UZUN KOLLU GÖMLEK,1799
ÇİZGİLİ REGULAR FIT UZUN KOLLU GÖMLEK,1799
STRAIGHT FIT JEAN PANTOLON,1899
REGULAR FIT UZUN KOLLU GÖMLEK,1999
DÜĞMELİ POLO YAKA KISA KOLLU TRİKO KAZAK,1599
LOOSE FIT BİSİKLET YAKA T-SHIRT,899.99
REGULAR FIT TEK CEPLİ UZUN KOLLU GÖMLEK,1499
REGULAR FIT UZUN KOLLU GÖMLEK,1799
REGULAR FIT UZUN KOLLU GÖMLEK,1799
REGULAR FIT UZUN KOLLU GÖMLEK,1799
REGULAR FIT UZUN KOLLU GÖMLEK,1799
MULİNELİ FERMUARLI POLO YAKA KAZAK,1999
FERMUARLI DİK YAKA SWEATSHIRT,1299
DÜĞMELİ POLO YAKA KISA KOLLU TRİKO KAZAK,1799
BİSİKLET YAKA SWEATSHIRT,1199
DÜĞMELİ POLO YAKA KISA KOLLU TRİKO KAZAK,1599
COMFORT FIT BİSİKLET YAKA T-SHIRT,999.99
LOOSE FIT BİSİKLET YAKA T-SHIRT,999.99
COMFORT FIT BİSİKLET YAKA T-SHIRT,999.99
BASKILI BİSİKLET YAKA T-SHIRT,699.99
BİSİKLET YAKA T-SHIRT,699.99
BASKILI OVERSIZE BİSİKLET YAKA T-SHIRT,699.99
POLO YAKA KISA KOLLU TRİKO KAZAK,1799
SLIM FIT UZUN KOLLU KETEN GÖMLEK,2599
SLIM FIT PANTOLON,1899
SLIM STRAIGHT FIT PANTOLON,2299
TAPERED FIT CHINO PANTOLON,2199
TAPERED FIT CHINO PANTOLON,2199
LOOSE FIT BELİ BAĞLAMALI PANTOLON,2999
STRAIGHT FIT PANTOLON,2199
SLIM STRAIGHT FIT CHINO PANTOLON,2999
STRAIGHT FIT PANTOLON,2499
TAPERED FIT CHINO PANTOLON,3299
TAPERED FIT CHINO PANTOLON,3299
STRAIGHT FIT BELİ BAĞLAMALI PANTOLON,3299
STRAIGHT FIT BELİ BAĞLAMALI PANTOLON,3299
LOOSE FIT BİSİKLET YAKA T-SHIRT,899.99
LOOSE FIT BİSİKLET YAKA T-SHIRT,899.99
LİYOSEL KARIŞIMLI REGULAR FIT UZUN KOLLU GÖMLEK,1999
REGULAR FIT EKOSELİ UZUN KOLLU GÖMLEK,1499
TEKSTÜRLÜ POLO YAKA KISA KOLLU TRİKO KAZAK,1999
MULİNELİ FERMUARLI POLO YAKA KAZAK,1999
DÜĞMELİ POLO YAKA KISA KOLLU TRİKO KAZAK,1799
DÜĞMELİ POLO YAKA KISA KOLLU TRİKO KAZAK,1799
BASKILI OVERSIZE BİSİKLET YAKA T-SHIRT,899.99
FİTİLLİ BİSİKLET YAKA UZUN KOLLU T-SHIRT,999.99
FİTİLLİ BİSİKLET YAKA UZUN KOLLU T-SHIRT,999.99
FİTİLLİ BİSİKLET YAKA UZUN KOLLU T-SHIRT,999.99
BİSİKLET YAKA T-SHIRT,699.99
TEKSTÜRLÜ SLIM STRAIGHT FIT PANTOLON,2999
TEKSTÜRLÜ SLIM STRAIGHT FIT PANTOLON,2999
SLIM FIT PANTOLON,2799
STRAIGHT FIT KETEN KARIŞIMLI PANTOLON,3599
SLIM FIT UZUN KOLLU KETEN GÖMLEK,2599
SLIM FIT UZUN KOLLU KETEN GÖMLEK,2599
ÇİZGİLİ REGULAR FIT UZUN KOLLU GÖMLEK,1799
POLO YAKA KISA KOLLU TRİKO KAZAK,1599
DÜĞMELİ POLO YAKA KISA KOLLU TRİKO KAZAK,1599
POLO YAKA KISA KOLLU TRİKO KAZAK,1999
POLO YAKA KISA KOLLU TRİKO KAZAK,1999
REGULAR FIT UZUN KOLLU KETEN GÖMLEK,2599
REGULAR FIT KISA KOLLU KETEN GÖMLEK,2599
REGULAR FIT KISA KOLLU KETEN GÖMLEK,2599
REGULAR FIT TEK CEPLİ UZUN KOLLU GÖMLEK,2799
REGULAR FIT UZUN KOLLU GÖMLEK,1499
BİSİKLET YAKA SWEATSHIRT,1199
TEKSTÜRLÜ POLO YAKA SWEATSHIRT,1499
TEKSTÜRLÜ POLO YAKA SWEATSHIRT,1499
ÇİZGİLİ REGULAR FIT UZUN KOLLU GÖMLEK,1599
REGULAR FIT UZUN KOLLU GÖMLEK,1499
REGULAR FIT ÇİFT CEPLİ UZUN KOLLU GÖMLEK,2299
TEKSTÜRLÜ BİSİKLET YAKA KAZAK,1699
TEKSTÜRLÜ BİSİKLET YAKA KAZAK,1699
ÇİZGİLİ POLO YAKA KISA KOLLU TRİKO KAZAK,1999
MULİNELİ POLO YAKA KAZAK,1999
ÇİZGİLİ BİSİKLET YAKA KAZAK,1699
TEKSTÜRLÜ POLO YAKA KISA KOLLU TRİKO KAZAK,1999
FERMUARLI DİK YAKA SWEATSHIRT,1299
FERMUARLI DİK YAKA SWEATSHIRT,1299
TEKSTÜRLÜ COMFORT FIT POLO YAKA SWEATSHIRT,1799
LOOSE FIT BİSİKLET YAKA T-SHIRT,999.99
LOOSE FIT BİSİKLET YAKA T-SHIRT,999.99
ÇİZGİLİ REGULAR FIT UZUN KOLLU GÖMLEK,1599
ÇİZGİLİ REGULAR FIT UZUN KOLLU GÖMLEK,1599
COMFORT FIT KAPÜŞONLU SWEATSHIRT,1699
REGULAR FIT UZUN KOLLU SEERSUCKER GÖMLEK,1999
ÇİZGİLİ REGULAR FIT UZUN KOLLU GÖMLEK,1799
REGULAR FIT UZUN KOLLU KETEN GÖMLEK,2599
POLO YAKA KISA KOLLU TRİKO KAZAK,2299
POLO YAKA KISA KOLLU TRİKO KAZAK,2299
ÇİZGİLİ POLO YAKA KISA KOLLU TRİKO KAZAK,1999
REGULAR FIT DOKULU CEKET,2599
ÇİZGİLİ REGULAR FIT UZUN KOLLU GÖMLEK,2299
BASKILI BİSİKLET YAKA T-SHIRT,799.99
COMFORT FIT ÇİZGİLİ BİSİKLET YAKA T-SHIRT,899.99
COMFORT FIT BİSİKLET YAKA T-SHIRT,999.99
BASKILI OVERSIZE BİSİKLET YAKA T-SHIRT,899.99
BASKILI BİSİKLET YAKA T-SHIRT,799.99
REGULAR FIT TEK CEPLİ UZUN KOLLU GÖMLEK,2799
STRAIGHT FIT BAĞLAMALI KETEN PANTOLON,3599
POLO YAKA KISA KOLLU TRİKO KAZAK,1799
POLO YAKA KISA KOLLU TRİKO KAZAK,1799
POLO YAKA KISA KOLLU TRİKO KAZAK,1799
POLO YAKA KISA KOLLU TRİKO KAZAK,1799
STRAIGHT FIT BAĞLAMALI KETEN PANTOLON,3599
STRAIGHT FIT BAĞLAMALI KETEN PANTOLON,3599
SLIM FIT UZUN KOLLU KETEN GÖMLEK,2599
FERMUARLI HAKİKİ DERİ CEKET,19999
SLIM FIT UZUN KOLLU KETEN GÖMLEK,2599
POLO YAKA KISA KOLLU TRİKO KAZAK,1799
YAKA DETAYLI FERMUARLI CASUAL CEKET,3599
EKOSELİ KAPÜŞONLU YAĞMURLUK,3999
GİZLİ KAPÜŞONLU ÇOK CEPLİ KISA MONT,3999
CEP DETAYLI FERMUARLI JEAN CEKET,3999
LOOSE FIT CHINO PANTOLON,2999
YAKA DETAYLI MONT CEKET,4599
POLO YAKA TEKSTÜRLÜ T-SHIRT,1299
GİZLİ KAPÜŞONLU MONT CEKET,3999
COMFORT FIT CEP DETAYLI BİSİKLET YAKA T-SHIRT,999.99
CEP DETAYLI CEKET,3599
COMFORT FIT HENLEY YAKA SWEATSHIRT,1099
REGULAR FIT ÇİFT CEPLİ UZUN KOLLU JEAN GÖMLEK,1499
KAPÜŞONLU KISA MONT,3399
ÇİZGİLİ COMFORT FIT BİSİKLET YAKA T-SHIRT,1399
REGULAR FIT DİKİŞ DETAYLI JEAN CEKET,2999
NAKIŞLI OVERSIZE BİSİKLET YAKA T-SHIRT,899.99
REGULAR FIT UZUN KOLLU KADİFE DOKULU GÖMLEK,2299
NAKIŞLI OVERSIZE BİSİKLET YAKA T-SHIRT,899.99
BASKILI OVERSIZE BİSİKLET YAKA T-SHIRT,1299
REGULAR FIT CEP DETAYLI CEKET,2399
STRAIGHT FIT PANTOLON,2299
STRAIGHT FIT JEAN PANTOLON,1999
REGULAR FIT UZUN KOLLU GÖMLEK,1799
BASKILI COMFORT FIT BİSİKLET YAKA SWEATSHIRT,1499
ARMÜRLÜ REGULAR FIT UZUN KOLLU GÖMLEK,1799
REGULAR FIT RESORT YAKA UZUN KOLLU GÖMLEK,1699
ÇİZGİLİ BİSİKLET YAKA KISA KOLLU TRİKO KAZAK,1599
BİYELİ LOOSE FİT BİSİKLET YAKA T-SHIRT,799.99
OVERSIZE BİSİKLET YAKA T-SHIRT,999.99
BASKILI OVERSIZE BİSİKLET YAKA T-SHIRT,899.99
DOKULU COMFORT FIT BİSİKLET YAKA T-SHIRT,999.99
DOKULU COMFORT FIT BİSİKLET YAKA T-SHIRT,999.99
BELİ BAĞLAMALI JOGGER PANTOLON,1499
BELİ BAĞLAMALI JOGGER PANTOLON,1499
STRAIGHT FIT PANTOLON,2299
LOOSE FIT BELİ BAĞLAMALI PANTOLON,3299
STRAIGHT FIT PANTOLON,2999
COMFORT FIT BASKILI BİSİKLET YAKA T-SHIRT,799.99
REGULAR FIT UZUN KOLLU GÖMLEK,1799
ÇİZGİLİ COMFORT FIT UZUN KOLLU GÖMLEK,1799
REGULAR FIT RESORT YAKA UZUN KOLLU GÖMLEK,1699
EKOSELİ REGULAR FIT UZUN KOLLU GÖMLEK,1799
ÇİZGİLİ REGULAR FIT UZUN KOLLU GÖMLEK,1599
REGULAR FIT TEK CEPLİ UZUN KOLLU GÖMLEK,1499
BASKILI OVERSIZE BİSİKLET YAKA T-SHIRT,1299
BASKILI OVERSIZE BİSİKLET YAKA T-SHIRT,1299
OVERSIZE BASKILI BİSİKLET YAKA T-SHIRT,899.99
OVERSIZE BASKILI BİSİKLET YAKA T-SHIRT,899.99
OVERSIZE BİSİKLET YAKA T-SHIRT,999.99
BASKILI BİSİKLET YAKA T-SHIRT,899.99
LOOSE FIT BİSİKLET YAKA T-SHIRT,999.99
LOOSE FIT KAPÜŞONLU SWEATSHIRT,1699
ÇİZGİLİ REGULAR FIT UZUN KOLLU GÖMLEK,1799
ÇİZGİLİ REGULAR FIT UZUN KOLLU GÖMLEK,1799
ÇİZGİLİ FERMUARLI KAPÜŞONLU CEKET,2999
ÇİZGİLİ BİSİKLET YAKA KISA KOLLU TRİKO KAZAK,1999
ÇİZGİLİ OVERSIZE BİSİKLET YAKA T-SHIRT,999.99
OVERSIZE BİSİKLET YAKA T-SHIRT,999.99
ÇİZGİLİ REGULAR FIT UZUN KOLLU GÖMLEK,1799
ÇİZGİLİ OVERSIZE BİSİKLET YAKA KISA KOLLU KAZAK,1499
BASKILI OVERSIZE BİSİKLET YAKA T-SHIRT,999.99
OVERSIZE BİSİKLET YAKA T-SHIRT,1299
OVERSIZE BİSİKLET YAKA T-SHIRT,1299
NAKIŞLI OVERSIZE BİSİKLET YAKA T-SHIRT,899.99
SLIM FIT UZUN KOLLU KETEN GÖMLEK,2599
ÇİZGİLİ REGULAR FIT UZUN KOLLU GÖMLEK,1999
REGULAR FIT TEK CEPLİ UZUN KOLLU GÖMLEK,1499
SLIM FIT UZUN KOLLU KETEN GÖMLEK,2599
SLIM FIT UZUN KOLLU KETEN GÖMLEK,2599
ÇOK CEPLİ KETEN KARIŞIMLI CEKET,4999
PAMUKLU BİSİKLET YAKA T-SHIRT,599.99
STRAIGHT FIT BELİ LASTİKLİ PANTOLON,2799
TEKSTÜRLÜ SLIM STRAIGHT FIT PANTOLON,2999
SLIM FIT UZUN KOLLU KETEN GÖMLEK,2599
SLIM FIT UZUN KOLLU KETEN GÖMLEK,2599
REGULAR FIT UZUN KOLLU KETEN GÖMLEK,2599
POLO YAKA T-SHIRT,999.99
BİSİKLET YAKA T-SHIRT,699.99
POLO YAKA KISA KOLLU TRİKO KAZAK,1799
REGULAR FIT UZUN KOLLU GÖMLEK,2299
DÜĞMELİ POLO YAKA KISA KOLLU TRİKO KAZAK,1799
MODAL KARIŞIMLI OVERSIZE BİSİKLET YAKA T-SHIRT,1199
MODAL KARIŞIMLI OVERSIZE BİSİKLET YAKA T-SHIRT,1199
ÇİZGİLİ REGULAR FIT UZUN KOLLU GÖMLEK,1999
PAMUKLU BİSİKLET YAKA T-SHIRT,599.99
POLO YAKA KISA KOLLU TRİKO KAZAK,1999
POLO YAKA KISA KOLLU TRİKO KAZAK,1999
BİSİKLET YAKA T-SHIRT,699.99
ÇİZGİLİ REGULAR FIT UZUN KOLLU GÖMLEK,1899
PAMUKLU BİSİKLET YAKA T-SHIRT,599.99
REGULAR FIT TEK CEPLİ UZUN KOLLU GÖMLEK,1499
DÜĞMELİ POLO YAKA KISA KOLLU TRİKO KAZAK,1799
REGULAR FIT MODAL KARIŞIMLI GÖMLEK,1799
ÇİZGİLİ REGULAR FIT UZUN KOLLU GÖMLEK,1799
TEKSTÜRLÜ COMFORT FIT POLO YAKA SWEATSHIRT,1799
ÇİZGİLİ POLO YAKA T-SHIRT,1299
PAMUKLU BİSİKLET YAKA T-SHIRT,599.99
COMFORT FIT BİSİKLET YAKA T-SHIRT,999.99
PAMUKLU BİSİKLET YAKA T-SHIRT,599.99
ÇİZGİLİ OVERSIZE BİSİKLET YAKA T-SHIRT,1199
POLO YAKA T-SHIRT,899.99
POLO YAKA T-SHIRT,899.99
COMFORT FIT BİSİKLET YAKA T-SHIRT,899.99
PAMUKLU BİSİKLET YAKA T-SHIRT,599.99
PAMUKLU BİSİKLET YAKA T-SHIRT,599.99
OVERSIZE BİSİKLET YAKA T-SHIRT,799.99
BASKILI COMFORT FIT BİSİKLET YAKA T-SHIRT,999.99
BASKILI BİSİKLET YAKA T-SHIRT,799.99
PAMUKLU BİSİKLET YAKA T-SHIRT,599.99
PAMUKLU BİSİKLET YAKA T-SHIRT,599.99
STRAIGHT FIT BAĞLAMALI KETEN PANTOLON,3599
SLIM STRAIGHT FIT BELİ BAĞLAMALI PANTOLON,3299
SLIM STRAIGHT FIT BELİ BAĞLAMALI PANTOLON,3299
SLIM FIT CHINO PANTOLON,2999
SLIM FIT UZUN KOLLU KETEN GÖMLEK,2599
SLIM FIT UZUN KOLLU KETEN GÖMLEK,2599
REGULAR FIT KISA KOLLU KETEN GÖMLEK,2599
REGULAR FIT TEK CEPLİ UZUN KOLLU GÖMLEK,2799
REGULAR FIT TEK CEPLİ UZUN KOLLU GÖMLEK,2799
REGULAR FIT TEK CEPLİ UZUN KOLLU GÖMLEK,2799
POLO YAKA KISA KOLLU TRİKO KAZAK,1799
STRAIGHT FIT BAĞLAMALI KETEN PANTOLON,3599
SLIM FIT PANTOLON,1899
ÇİZGİLİ REGULAR FIT UZUN KOLLU GÖMLEK,1799
SLIM STRAIGHT FIT PANTOLON,2299
DÜĞMELİ POLO YAKA KISA KOLLU TRİKO KAZAK,1799
DÜĞMELİ POLO YAKA KISA KOLLU TRİKO KAZAK,1799
DÜĞMELİ POLO YAKA KISA KOLLU TRİKO KAZAK,1799
DÜĞMELİ POLO YAKA KISA KOLLU TRİKO KAZAK,1799
DÜĞMELİ POLO YAKA KISA KOLLU TRİKO KAZAK,1799
PAMUKLU BİSİKLET YAKA T-SHIRT,599.99
PAMUKLU BİSİKLET YAKA T-SHIRT,599.99
BİSİKLET YAKA T-SHIRT,699.99
TEKSTÜRLÜ SLIM STRAIGHT FIT PANTOLON,2999
SLIM STRAIGHT FIT CHINO PANTOLON,3299
SLIM FIT PANTOLON,2799
SLIM FIT UZUN KOLLU KETEN GÖMLEK,2599
SLIM FIT UZUN KOLLU KETEN GÖMLEK,2599
SLIM FIT UZUN KOLLU KETEN GÖMLEK,2599
SLIM FIT UZUN KOLLU KETEN GÖMLEK,2599
STRAIGHT FIT KETEN PANTOLON,3599
TEKSTÜRLÜ STRAIGHT FIT PANTOLON,2599
KETEN KARIŞIMLI STRAIGHT FIT PANTOLON,3299
BASKILI BİSİKLET YAKA T-SHIRT,699.99
REGULAR FIT UZUN KOLLU KETEN GÖMLEK,2599
ÇİZGİLİ REGULAR FIT UZUN KOLLU GÖMLEK,1999
ÇİZGİLİ REGULAR FIT UZUN KOLLU GÖMLEK,1999
POLO YAKA T-SHIRT,899.99
POLO YAKA T-SHIRT,899.99
POLO YAKA T-SHIRT,899.99
POLO YAKA T-SHIRT,899.99
POLO YAKA T-SHIRT,899.99
POLO YAKA T-SHIRT,899.99
ÇİZGİLİ POLO YAKA T-SHIRT,1299
BİSİKLET YAKA T-SHIRT,899.99
BİSİKLET YAKA T-SHIRT,899.99
BİSİKLET YAKA T-SHIRT,899.99
COMFORT FIT POLO YAKA T-SHIRT,1299
MODAL KARIŞIMLI LOOSE FIT BİSİKLET YAKA T-SHIRT,999.99
BASKILI BİSİKLET YAKA T-SHIRT,799.99
POLO YAKA T-SHIRT,999.99
POLO YAKA T-SHIRT,999.99
OVERSIZE BİSİKLET YAKA T-SHIRT,799.99
COMFORT FIT NAKIŞLI BİSİKLET YAKA T-SHIRT,799.99
ÇİZGİLİ POLO YAKA KISA KOLLU TRİKO KAZAK,1999
POLO YAKA KISA KOLLU TRİKO KAZAK,1799
POLO YAKA KISA KOLLU TRİKO KAZAK,1799
REGULAR FIT KISA KOLLU KETEN GÖMLEK,2599
STRAIGHT FIT BAĞLAMALI KETEN PANTOLON,3599
REGULAR FIT UZUN KOLLU GÖMLEK,1799
REGULAR FIT TEK CEPLİ UZUN KOLLU GÖMLEK,1499
COMFORT FIT FERMUARLI KAPÜŞONLU SWEATSHIRT,1999
LOOSE FIT BİSİKLET YAKA T-SHIRT,999.99
REGULAR FIT UZUN KOLLU GÖMLEK,1799
REGULAR FIT UZUN KOLLU GÖMLEK,1799
REGULAR FIT UZUN KOLLU GÖMLEK,2299
REGULAR FIT UZUN KOLLU GÖMLEK,2299
REGULAR FIT UZUN KOLLU GÖMLEK,1999
POLO YAKA KISA KOLLU TRİKO KAZAK,1999
ÇİZGİLİ POLO YAKA KISA KOLLU TRİKO KAZAK,1799
REGULAR FIT UZUN KOLLU GÖMLEK,2299
BİSİKLET YAKA KISA KOLLU TRİKO KAZAK,1799
REGULAR FIT BOMBER CEKET,2299
REGULAR FIT UZUN KOLLU KETEN GÖMLEK,2999
REGULAR FIT UZUN KOLLU KETEN GÖMLEK,2999
REGULAR FIT UZUN KOLLU KETEN GÖMLEK,2999
REGULAR FIT UZUN KOLLU KETEN GÖMLEK,2999
REGULAR FIT UZUN KOLLU KETEN GÖMLEK,2999
REGULAR FIT UZUN KOLLU MODAL GÖMLEK,2599
REGULAR FIT UZUN KOLLU MODAL GÖMLEK,2599
ARMÜRLÜ REGULAR FIT UZUN KOLLU GÖMLEK,1999
ARMÜRLÜ REGULAR FIT UZUN KOLLU GÖMLEK,1999
DOKULU REGULAR FIT UZUN KOLLU GÖMLEK,1999
COMFORT FIT BİSİKLET YAKA T-SHIRT,999.99
ÇİZGİLİ OVERSIZE BİSİKLET YAKA T-SHIRT,1199
BASKILI OVERSIZE BİSİKLET YAKA T-SHIRT,999.99
BASKILI COMFORT FIT BİSİKLET YAKA T-SHIRT,799.99
COMFORT FIT BASKILI BİSİKLET YAKA T-SHIRT,799.99
BASKILI OVERSIZE BİSİKLET YAKA T-SHIRT,799.99
NAKIŞLI LOOSE FIT BİSİKLET YAKA T-SHIRT,999.99
JAKARLI OVERSIZE BİSİKLET YAKA T-SHIRT,899.99
JAKARLI OVERSIZE BİSİKLET YAKA T-SHIRT,899.99
SLIM FIT UZUN KOLLU KETEN GÖMLEK,2599
REGULAR FIT KISA KOLLU KETEN GÖMLEK,2599
STRAIGHT FIT BAĞLAMALI KETEN PANTOLON,3599
STRAIGHT FIT BAĞLAMALI KETEN PANTOLON,3599
SLIM FIT UZUN KOLLU KETEN GÖMLEK,2599
POLO YAKA KISA KOLLU TRİKO KAZAK,1799
POLO YAKA KISA KOLLU TRİKO KAZAK,1799
REGULAR FIT UZUN KOLLU GÖMLEK,1999
STRAIGHT FIT JEAN PANTOLON,2299
MODAL KARIŞIMLI LOOSE FIT BİSİKLET YAKA T-SHIRT,1199
LOOSE FIT JEAN PANTOLON,2299
CEP DETAYLI KAPÜŞONLU KISA YAĞMURLUK,4299
POLO YAKA KISA KOLLU TRİKO KAZAK,1599
STRAIGHT FIT BELİ BAĞLAMALI PANTOLON,2999
MODAL KARIŞIMLI LOOSE FIT BİSİKLET YAKA T-SHIRT,1199
STRAIGHT FIT BELİ BAĞLAMALI PANTOLON,2999
ÇİZGİLİ COMFORT FIT UZUN KOLLU GÖMLEK,1299
COMFORT FIT BİSİKLET YAKA T-SHIRT,799.99
LOOSE FIT BELİ BAĞLAMALI PANTOLON,2299
MODAL KARIŞIMLI LOOSE FIT BİSİKLET YAKA T-SHIRT,1199
OVERSIZE BİSİKLET YAKA T-SHIRT,999.99
REGULAR FIT UZUN KOLLU GÖMLEK,1799
REGULAR FIT UZUN KOLLU GÖMLEK,1999
REGULAR FIT DOKULU KISA KOLLU GÖMLEK,1599
MODAL KARIŞIMLI LOOSE FIT BİSİKLET YAKA T-SHIRT,1199
NAKIŞLI POLO YAKA T-SHIRT,1199
COMFORT FIT BİSİKLET YAKA T-SHIRT,1399
MODAL KARIŞIMLI BİSİKLET YAKA KOLSUZ T-SHIRT,899.99
OVERSIZE BİSİKLET YAKA T-SHIRT,999.99
LOOSE FIT CHINO PANTOLON,2999
LOOSE FIT PANTOLON,2599
STRAIGHT FIT BELİ BAĞLAMALI PANTOLON,2999
STRAIGHT FIT KARGO PANTOLON,2999
LOOSE FIT BELİ BAĞLAMALI PANTOLON,2299
COMFORT FIT KAPÜŞONLU CEKET,2599
TEKSTÜRLÜ COMFORT FIT BELİ BAĞLAMALI PANTOLON,3299
STRAIGHT FIT TEKSTÜRLÜ PANTOLON,1499
STRAIGHT FIT CHINO PANTOLON,2999
POLO YAKA KISA KOLLU TRİKO KAZAK,1599
LOOSE FIT BİSİKLET YAKA T-SHIRT,999.99
NAKIŞLI POLO YAKA T-SHIRT,1199
TEKSTÜRLÜ STRAIGHT FIT ŞORT,2299
TEKSTÜRLÜ STRAIGHT FIT ŞORT,2299
TEKSTÜRLÜ STRAIGHT FIT ŞORT,2299
COMFORT FIT KAPÜŞONLU FERMUARLI SWEATSHIRT,1799
COMFORT FIT BİSİKLET YAKA T-SHIRT,999.99
TEKSTÜRLÜ POLO YAKA KAZAK,1799
LOOSE FIT BİSİKLET YAKA T-SHIRT,999.99
LOOSE FIT KAPÜŞONLU SWEATSHIRT,1699
REGULAR FIT UZUN KOLLU GÖMLEK,1999
COMFORT FIT KETEN KARIŞIMLI UZUN KOLLU GÖMLEK,1999
ÇİZGİLİ COMFORT FIT UZUN KOLLU GÖMLEK,2299
ÇİZGİLİ BİSİKLET YAKA KISA KOLLU TRİKO KAZAK,1499
ÇİZGİLİ POLO YAKA KAZAK,1899
ÇİZGİLİ REGULAR FIT UZUN KOLLU GÖMLEK,1799
REGULAR FIT UZUN KOLLU GÖMLEK,1799
COMFORT FIT MODAL KARIŞIMLI BİSİKLET YAKA T-SHIRT,1599
COMFORT FIT MODAL KARIŞIMLI BİSİKLET YAKA T-SHIRT,1599
COMFORT FIT BİSİKLET YAKA T-SHIRT,1399
COMFORT FIT BİSİKLET YAKA T-SHIRT,1399
MODAL KARIŞIMLI OVERSIZE BİSİKLET YAKA T-SHIRT,999.99
BASKILI OVERSIZE BİSİKLET YAKA T-SHIRT,999.99
BASKILI OVERSIZE BİSİKLET YAKA T-SHIRT,899.99
OVERSIZE BİSİKLET YAKA T-SHIRT,999.99
OVERSIZE BİSİKLET YAKA T-SHIRT,999.99
OVERSIZE BİSİKLET YAKA T-SHIRT,999.99
BATİK YIKAMA OVERSIZE BİSİKLET YAKA T-SHIRT,1199
BASKILI LOOSE FIT BİSİKLET YAKA T-SHIRT,799.99
BASKILI BİSİKLET YAKA T-SHIRT,799.99
BASKILI LOOSE FIT BİSİKLET YAKA T-SHIRT,999.99
COMFORT FIT RESORT YAKA KISA KOLLU GÖMLEK,1999
LOOSE FIT BİSİKLET YAKA T-SHIRT,999.99
ARMÜRLÜ REGULAR FIT RESORT YAKA KISA KOLLU GÖMLEK,1599
ÇİZGİLİ REGULAR FIT UZUN KOLLU GÖMLEK,1799
ÇİZGİLİ REGULAR FIT RESORT YAKA KISA KOLLU GÖMLEK,1299
REGULAR FIT DOKULU KISA KOLLU GÖMLEK,1599
REGULAR FIT DOKULU KISA KOLLU GÖMLEK,1599
STRAIGHT FIT PANTOLON,1099
BİSİKLET YAKA T-SHIRT,559.99
BİSİKLET YAKA T-SHIRT,459.99
BİSİKLET YAKA T-SHIRT,559.99
BİSİKLET YAKA T-SHIRT,559.99
SLIM STRAIGHT CHINO PANTOLON,1099
COMFORT FIT BİSİKLET YAKA T-SHIRT,699.99
BİSİKLET YAKA T-SHIRT,559.99
BİSİKLET YAKA T-SHIRT,459.99
YÜN KARIŞIMLI CASUAL CEKET,2299
ÇİFT FERMUARLI KAPÜŞONLU ŞİŞME MONT,2999
ÇİZGİLİ FERMUARLI POLO YAKA SWEATSHIRT,1399
ÇİFT CEPLİ DOKULU REGULAR FIT UZUN KOLLU GÖMLEK,1199
TEKSTÜRLÜ SLIM FIT LİYOSEL KARIŞIMLI PANTOLON,1699
ÇİZGİLİ REGULAR FIT UZUN KOLLU GÖMLEK,1399
FERMUARLI DİK YAKA SWEATSHIRT,1299
BİSİKLET YAKA SWEATSHIRT,1199
SLIM STRAIGHT FIT ÇİZGİLİ KLASİK PANTOLON,1599
YÜNLÜ UZUN KAŞE KABAN,5999
YÜN KARIŞIMLI FERMUARLI CASUAL CEKET,2299
NAKIŞLI POLO YAKA SWEATSHIRT,899.99
FLAMLI BİSİKLET YAKA TRİKO KAZAK,999.99
LOOSE FIT JEAN PANTOLON,799.99
RELAX FIT BİSİKLET YAKA T-SHIRT,399.99
COMFORT FIT BASKILI BİSİKLET YAKA T-SHIRT,359.99
OVERSIZE POLO YAKA KAZAK,1399
REGULAR FIT KADİFE DOKULU BOMBER CEKET,3999
CEP DETAYLI CASUAL CEKET,1999
KAPÜŞONLU PUFFER MONT,2199
ÇİZGİLİ BİSİKLET YAKA TRİKO KAZAK,899.99
JAKARLI REGULAR FIT UZUN KOLLU GÖMLEK,899.99
LOOSE FIT BİSİKLET YAKA T-SHIRT,599.99
FERMUARLI DİK YAKA OVERSIZE SWEATSHIRT,899.99
YAKA DETAYLI CASUAL CEKET,2299
LOOSE FIT JEAN PANTOLON,1399
KANGURU CEPLİ KAPÜŞONLU SWEATSHIRT,899.99
MODAL KARIŞIMLI LOOSE FIT BİSİKLET YAKA T-SHIRT,799.99
COMFORT FIT FERMUARLI DİK YAKA SWEATSHIRT,999.99
RENK BLOKLU LOOSE FIT V YAKA HIRKA,2499
COMFORT FIT ÇİFT TARAFLI SHERPA CEKET,2299
JAKARLI UZUN KABAN,4599
KANGURU CEPLİ OVERSIZE SWEATSHIRT,1099
COMFORT FIT PELÜŞ CEKET,2299
BİSİKLET YAKA T-SHIRT,559.99
REGULAR FIT UZUN KOLLU GÖMLEK,799.99
BİSİKLET YAKA T-SHIRT,459.99
BİSİKLET YAKA T-SHIRT,459.99
BİSİKLET YAKA T-SHIRT,459.99
BİSİKLET YAKA T-SHIRT,459.99
BİSİKLET YAKA T-SHIRT,559.99
BİSİKLET YAKA T-SHIRT,559.99
BİSİKLET YAKA T-SHIRT,559.99
BİSİKLET YAKA T-SHIRT,459.99
V YAKA T-SHIRT,459.99
COMFORT FIT BİSİKLET YAKA SWEATSHIRT,799.99
DİK YAKA KAZAK,1099
COMFORT FIT BİSİKLET YAKA T-SHIRT,799.99
BİSİKLET YAKA T-SHIRT,459.99
BİSİKLET YAKA T-SHIRT,459.99
BİSİKLET YAKA T-SHIRT,459.99
BİSİKLET YAKA T-SHIRT,559.99
BİSİKLET YAKA T-SHIRT,559.99
KAPÜŞONLU KALIN MONT,4399
LOOSE FIT BİSİKLET YAKA T-SHIRT,729.99
MODAL KARIŞIMLI LOOSE FIT BİSİKLET YAKA T-SHIRT,799.99
RENK BLOKLU KAPÜŞONLU MONT,3399
RENK BLOKLU OVERSIZE KAPÜŞONLU HIRKA,2199
ÖRGÜLÜ BİSİKLET YAKA KAZAK,1399
ÖRGÜLÜ BİSİKLET YAKA KAZAK,1399
LOOSE FIT DOKULU BİSİKLET YAKA SWEATSHIRT,699.99
MODAL KARIŞIMLI LOOSE FIT BİSİKLET YAKA T-SHIRT,799.99
ÇOK CEPLİ CASUAL CEKET,2599
BİSİKLET YAKA NAKIŞLI SWEATSHIRT,899.99
ÇİZGİLİ DOKULU POLO YAKA T-SHIRT,859.99
STRAIGHT FIT KETEN KARIŞIMLI CHINO PANTOLON,1799
ŞERİTLİ POLO YAKA KISA KOLLU TRİKO KAZAK,999.99
DİK YAKA FERMUARLI MONT CEKET,2599
ÇİZGİLİ REGULAR FIT UZUN KOLLU GÖMLEK,1259
KETEN KARIŞIMLI REGULAR FIT KISA KOLLU GÖMLEK,1259
KETEN KARIŞIMLI REGULAR FIT KISA KOLLU GÖMLEK,1259
REGULAR FIT UZUN KOLLU GÖMLEK,1259
BASKI DETAYLI KAPÜŞONLU YAĞMURLUK,2399
SLIM FIT TEKSTÜRLÜ CHINO PANTOLON,1199
ÇİZGİLİ POLO YAKA KISA KOLLU TRİKO KAZAK,1199
ÇİZGİLİ REGULAR FIT UZUN KOLLU KETEN GÖMLEK,2099
REGULAR FIT UZUN KOLLU KETEN GÖMLEK,2099
FERMUARLI POLO YAKA T-SHIRT,899.99
NAKIŞLI POLO YAKA T-SHIRT,849.99
NAKIŞLI POLO YAKA T-SHIRT,849.99
TEKSTÜRLÜ CHINO ŞORT,1699
ÇOK CEPLİ ÖRME CEKET,1499
ÇOK CEPLİ ÖRME CEKET,1499
BİSİKLET YAKA ÇAPA NAKIŞLI SWEATSHIRT,699.99
REGULAR FIT ÇİZGİLİ UZUN KOLLU GÖMLEK,1399
LİYOSEL KARIŞIMLI CASUAL CEKET,2299
ÇİZGİLİ POLO YAKA KISA KOLLU TRİKO KAZAK,1399
ÇİZGİLİ KETEN KARIŞIMLI REGULAR FIT GÖMLEK,1399
REGULAR FIT ÇİZGİLİ KETEN KARIŞIMLI UZUN KOLLU GÖMLEK,1399
REGULAR FIT KETEN KARIŞIMLI ÇİZGİLİ UZUN KOLLU GÖMLEK,1299
BİSİKLET YAKA KISA KOLLU TRİKO KAZAK,899.99
REGULAR FIT ÇİZGİLİ UZUN KOLLU GÖMLEK,1259
REGULAR FIT DOKULU UZUN KOLLU GÖMLEK,1259
NAKIŞLI RESORT YAKA KETEN KARIŞIMLI KISA KOLLU GÖMLEK,1199
SLIM FIT TEKSTÜRLÜ CHINO PANTOLON,1199
ÇİZGİLİ REGULAR FIT UZUN KOLLU GÖMLEK,1199
JAKARLI POLO YAKA KISA KOLLU TRİKO KAZAK,1259
POLO YAKA KISA KOLLU T-SHIRT,559.99
BASKILI BİSİKLET YAKA T-SHIRT,559.99
ÇİZGİLİ UZUN KOLLU GÖMLEK,1399
LİYOSEL KARIŞIMLI ÇİZGİLİ REGULAR FIT GÖMLEK,1099
REGULAR FIT DÜĞMELİ YAKA UZUN KOLLU GÖMLEK,1099
ÇİZGİLİ REGULAR FIT UZUN KOLLU GÖMLEK,1099
ÇİZGİLİ POLO YAKA KISA KOLLU TRİKO KAZAK,1099
BASKILI BİSİKLET YAKA T-SHIRT,459.99
BASKILI BİSİKLET YAKA T-SHIRT,459.99
ÇİZGİLİ BİSİKLET YAKA ÖRME T-SHIRT,899.99
KETEN KARIŞIMLI BİSİKLET YAKA T-SHIRT,899.99
BİSİKLET YAKA KISA KOLLU KAZAK,899.99
FERMUARLI POLO YAKA T-SHIRT,899.99
BİSİKLET YAKA NAKIŞLI SWEATSHIRT,899.99
ŞERİTLİ POLO YAKA T-SHIRT,849.99
REGULAR FIT UZUN KOLLU GÖMLEK,799.99
BİLEĞİ NAKIŞLI BİSİKLET YAKA SWEATSHIRT,799.99
REGULAR FIT UZUN KOLLU GÖMLEK,799.99
BİSİKLET YAKA ÇAPA NAKIŞLI SWEATSHIRT,699.99
NAKIŞLI BİSİKLET YAKA T-SHIRT,629.99
BİSİKLET YAKA İNCE KAZAK,999.99
NAKIŞLI BİSİKLET YAKA T-SHIRT,629.99
POLO YAKA KISA KOLLU T-SHIRT,559.99
POLO YAKA KISA KOLLU T-SHIRT,559.99
POLO YAKA KISA KOLLU T-SHIRT,559.99
BİSİKLET YAKA KISA KOLLU T-SHIRT,499.99
BASKILI BİSİKLET YAKA T-SHIRT,459.99
BASKILI BİSİKLET YAKA T-SHIRT,459.99
LOOSE FIT BASKILI BİSİKLET YAKA T-SHIRT,459.99
BASKILI BİSİKLET YAKA KISA KOLLU T-SHIRT,459.99
BASKILI BİSİKLET YAKA KISA KOLLU T-SHIRT,459.99
BASKILI BİSİKLET YAKA KISA KOLLU T-SHIRT,459.99
BASKILI BİSİKLET YAKA T-SHIRT,459.99
BASKILI BİSİKLET YAKA T-SHIRT,459.99
BASKILI BİSİKLET YAKA T-SHIRT,459.99
BASKILI BİSİKLET YAKA KISA KOLLU T-SHIRT,459.99
BASKILI BİSİKLET YAKA KISA KOLLU T-SHIRT,459.99
STRAIGHT FIT BELİ LASTİKLİ ŞORT,1699
KETEN KARIŞIMLI BELİ BAĞLAMALI ŞORT,1699
REGULAR FIT HAKİM YAKA UZUN KOLLU KETEN GÖMLEK,1599
REGULAR FIT HAKİM YAKA UZUN KOLLU KETEN GÖMLEK,1599
ÇİZGİLİ REGULAR FIT UZUN KOLLU GÖMLEK,1099
REGULAR FIT ÇİZGİLİ UZUN KOLLU GÖMLEK,1099
ÇİZGİLİ REGULAR FIT UZUN KOLLU GÖMLEK,1199
ÇİZGİLİ REGULAR FIT CEPLİ UZUN KOLLU GÖMLEK,1259
REGULAR FIT ÇİZGİLİ UZUN KOLLU GÖMLEK,1099
LOOSE FIT CHINO PANTOLON,1999
REGULAR FIT BİSİKLET YAKA T-SHIRT,459.99
POLO YAKA KISA KOLLU T-SHIRT,559.99
POLO YAKA KISA KOLLU KAZAK,1199
REGULAR FIT KETEN KARIŞIMLI ÇİZGİLİ UZUN KOLLU GÖMLEK,1399
NAKIŞLI RESORT YAKA KETEN KARIŞIMLI KISA KOLLU GÖMLEK,1199
ÇİZGİLİ RESORT YAKA REGULAR FIT UZUN KOLLU GÖMLEK,1259
LOOSE FIT KETEN PANTOLON,2499
ÇİZGİLİ STRAIGHT FIT BAĞLAMALI ŞORT,1599
ÇİZGİLİ BELİ BAĞLAMALI KETEN KARIŞIMLI ŞORT,1699
TEKSTÜRLÜ CHINO ŞORT,1699
GOFRE DESENLİ BELİ LASTİKLİ ŞORT,1699
NAKIŞLI BİSİKLET YAKA T-SHIRT,599.99
ÇİZGİLİ LOOSE FIT BİSİKLET YAKA T-SHIRT,699.99
ÇİZGİLİ POLO YAKA KISA KOLLU KAZAK,1399
BİSİKLET YAKA KISA KOLLU ÖRME T-SHIRT,629.99
STRAIGHT FIT BELİ LASTİKLİ ŞORT,1699
BASKILI BİSİKLET YAKA T-SHIRT,529.99
BASKILI RESORT YAKA KISA KOLLU GÖMLEK,1199
BASKILI RESORT YAKA KISA KOLLU GÖMLEK,999.99
BASKILI RESORT YAKA KISA KOLLU GÖMLEK,999.99
ÇİZGİLİ REGULAR FIT RESORT YAKA KISA KOLLU GÖMLEK,999.99
REGULAR FIT TEKSTÜRLÜ GÖMLEK CEKET,1499
REGULAR FIT TEKSTÜRLÜ GÖMLEK CEKET,1499
PAMUK KARIŞIMLI SLIM FIT PANTOLON,1399
ÇOK CEPLİ DÜĞMELİ CASUAL CEKET,1899
BİSİKLET YAKA KISA KOLLU KAZAK,899.99
REGULAR FIT ÇİZGİLİ UZUN KOLLU GÖMLEK,999.99
STRAIGHT FIT PANTOLON,1199
REGULAR FIT BİSİKLET YAKA T-SHIRT,559.99
REGULAR FIT BİSİKLET YAKA T-SHIRT,559.99
REGULAR FIT DOKULU UZUN KOLLU GÖMLEK,1099
ÇİZGİLİ REGULAR FIT UZUN KOLLU GÖMLEK,1099
REGULAR FIT ÇİZGİLİ CASUAL UZUN KOLLU GÖMLEK,1259
ÇİZGİLİ REGULAR FIT KETEN KARIŞIMLI GÖMLEK,1699
REGULAR FIT KETEN CEKET,4999
ÇİZGİLİ KISA KOLLU TRİKO GÖMLEK,1299
ÇİZGİLİ POLO YAKA KISA KOLLU TRİKO HIRKA,1399
REGULAR FIT TEK CEPLİ UZUN KOLLU GÖMLEK,1399
COMFORT FIT BASKILI T-SHIRT,459.99
BASKILI BİSİKLET YAKA KISA KOLLU T-SHIRT,459.99
POLO YAKA KISA KOLLU KAZAK,1199
JAKARLI NAKIŞLI POLO YAKA KISA KOLLU TRİKO KAZAK,1259
BELİ BAĞLAMALI KETEN ŞORT,2299
MODAL KARIŞIMLI KISA KOLLU TRİKO KAZAK,899.99
REGULAR FIT UZUN KOLLU KETEN GÖMLEK,2099
REGULAR FIT UZUN KOLLU KETEN GÖMLEK,2099
BASKILI COMFORT FIT BİSİKLET YAKA T-SHIRT,499.99
ÇİZGİLİ REGULAR FIT UZUN KOLLU GÖMLEK,1099
REGULAR FIT ÇİZGİLİ KISA KOLLU LİYOSEL GÖMLEK,1399
REGULAR FIT KETEN CEKET,3199
ÇİZGİLİ REGULAR FIT UZUN KOLLU GÖMLEK,1259
REGULAR FIT DOKULU UZUN KOLLU GÖMLEK,1259
ÇİZGİLİ REGULAR FIT KISA KOLLU TRİKO GÖMLEK,1399
COMFORT FIT ÇİFT CEPLİ UZUN KOLLU GÖMLEK,1099
ÇİZGİLİ LOOSE FIT POLO YAKA KISA KOLLU TRİKO KAZAK,1099
BİSİKLET YAKA KISA KOLLU T-SHIRT,599.99
REGULAR FIT RESORT YAKA KISA KOLLU ÖRME GÖMLEK,999.99
ÇİZGİLİ POLO YAKA KISA KOLLU T-SHIRT,899.99
ÇİZGİLİ REGULAR FIT RESORT YAKA KISA KOLLU GÖMLEK,1199
LİYOSEL KARIŞIMLI RESORT YAKA KISA KOLLU GÖMLEK,1259
BASKILI RESORT YAKA KETEN KARIŞIMLI KISA KOLLU GÖMLEK,1199
DOKULU RESORT YAKA KISA KOLLU GÖMLEK,1259
LİYOSEL KARIŞIMLI CASUAL CEKET,2599
PAMUK KARIŞIMLI SLIM FIT PANTOLON,1399
REGULAR FIT ÇİZGİLİ UZUN KOLLU GÖMLEK,1099
REGULAR FIT DOKULU UZUN KOLLU GÖMLEK,1259
TEKSTÜRLÜ SLIM FIT PANTOLON,1399
ÇOK CEPLİ DÜĞMELİ CASUAL CEKET,2399
REGULAR FIT ÇİZGİLİ DOKULU UZUN KOLLU GÖMLEK,899.99
BASKILI BİSİKLET YAKA KISA KOLLU T-SHIRT,459.99
ÇİZGİLİ NAKIŞLI SWEATSHIRT,999.99
BİSİKLET YAKA KISA KOLLU T-SHIRT,499.99
ÇİZGİLİ REGULAR FIT UZUN KOLLU GÖMLEK,1259
KETEN KARIŞIMLI ÇİZGİLİ STRAIGHT FIT PANTOLON,1899
BASKILI RESORT YAKA KISA KOLLU LİYOSEL GÖMLEK,1259
STRAIGHT FIT BAĞLAMALI LİYOSEL PANTOLON,2199
POLO YAKA KISA KOLLU T-SHIRT,559.99
REGULAR FIT ÇİZGİLİ KETEN KARIŞIMLI UZUN KOLLU GÖMLEK,1399
BASKILI RESORT YAKA KETEN KARIŞIMLI KISA KOLLU GÖMLEK,1199
PAMUK KARIŞIMLI SLIM FIT PANTOLON,1399
TAPERED FIT BELİ LASTİKLİ PANTOLON,1699
REGULAR FIT CASUAL UZUN KOLLU GÖMLEK,899.99
BASKILI BİSİKLET YAKA KISA KOLLU T-SHIRT,459.99
BASKILI BİSİKLET YAKA KISA KOLLU T-SHIRT,459.99
REGULAR FIT ÇİZGİLİ UZUN KOLLU GÖMLEK,1099
COMFORT FIT BASKILI KISA KOLLU T-SHIRT,499.99
REGULAR FIT UZUN KOLLU KETEN GÖMLEK,2099
POLO YAKA ÖRME KISA KOLLU T-SHIRT,999.99
POLO YAKA ÖRME KISA KOLLU T-SHIRT,999.99
NAKIŞLI BİSİKLET YAKA T-SHIRT,599.99
SLIM FIT PANTOLON,999.99
PAMUK KARIŞIMLI SLIM FIT PANTOLON,1399
REGULAR FIT EKOSE DESENLİ UZUN KOLLU GÖMLEK,999.99
REGULAR FIT DOKULU UZUN KOLLU GÖMLEK,1259
STRAIGHT FIT BELİ LASTİKLİ PANTOLON,1299
DOKULU ÇİZGİLİ REGULAR FIT GÖMLEK,899.99
REGULAR FIT ÇİZGİLİ DOKULU UZUN KOLLU GÖMLEK,1259
REGULAR FIT DOKULU UZUN KOLLU GÖMLEK,1099
NAKIŞLI KAPÜŞONLU FERMUARLI SWEATSHIRT,999.99
REGULAR FIT UZUN KOLLU GÖMLEK,1199
REGULAR FIT BİSİKLET YAKA T-SHIRT,459.99
ÇİZGİLİ BİSİKLET YAKA T-SHIRT,499.99
SLIM FIT PANTOLON,999.99
KAPÜŞONLU ÇOK CEPLİ MONT,2599
STRAIGHT FIT BELİ LASTİKLİ PANTOLON,1399
STRAIGHT FIT BELİ LASTİKLİ PANTOLON,1399
REGULAR FIT DOKULU UZUN KOLLU GÖMLEK,1099
TEKSTÜRLÜ SLIM FIT PANTOLON,1399
REGULAR FIT DOKULU UZUN KOLLU GÖMLEK,1099
ÇOK CEPLİ CASUAL CEKET,2399
BİSİKLET YAKA KISA KOLLU T-SHIRT,499.99
BİSİKLET YAKA KISA KOLLU T-SHIRT,399.99
MARİN BASKILI BİSİKLET YAKA T-SHIRT,499.99
NAKIŞLI POLO YAKA T-SHIRT,699.99
KAPİTONELİ DESENLİ CASUAL CEKET,2799
HAKİM YAKA CASUAL UZUN KOLLU GÖMLEK,899.99
HENLEY YAKA KISA KOLLU T-SHIRT,599.99
OVERSIZE BİSİKLET YAKA T-SHIRT,599.99
NAKIŞLI POLO YAKA T-SHIRT,759.99
CEPLİ KARGO PANTOLON,2199
MARİN BASKILI BİSİKLET YAKA T-SHIRT,459.99
ÇİZGİLİ BİSİKLET YAKA KISA KOLLU TRİKO KAZAK,999.99
STRAIGHT FIT CHINO PANTOLON,1999
ÇİFT TARAFLI KAPİTONELİ YELEK,1899
HAKİM YAKA CASUAL UZUN KOLLU GÖMLEK,899.99
ÇİZGİLİ CEPLİ CASUAL CEKET,1699
LOOSE FIT BELİ LASTİKLİ PANTOLON,1599
MİTOLOJİK BASKILI BİSİKLET YAKA T-SHIRT,459.99
PAMUKLU SLIM FIT PANTOLON,1299
KETEN KARIŞIMLI CASUAL CEKET,2399
ÇİZGİLİ REGULAR FIT UZUN KOLLU GÖMLEK,1259
BİSİKLET YAKA KISA KOLLU OVERSIZE T-SHIRT,599.99
RELAX FIT DİKİŞ DETAYLI BİSİKLET YAKA T-SHIRT,599.99
OVERSIZE BİSİKLET YAKA T-SHIRT,599.99
RELAX FIT DİKİŞ DETAYLI BİSİKLET YAKA T-SHIRT,599.99
REGULAR FIT UZUN KOLLU GÖMLEK,1199
DOKULU ÇİZGİLİ REGULAR FIT GÖMLEK,1099
REGULAR FIT DOKULU ÇİZGİLİ UZUN KOLLU GÖMLEK,1099
ÇİZGİLİ OVERSIZE KISA KOLLU T-SHIRT,999.99
DOKULU RESORT YAKA KISA KOLLU GÖMLEK,999.99
ÇİZGİLİ KISA KOLLU TRİKO KAZAK,899.99
LOOSE FIT KAPÜŞONLU ÖRME SWEATSHIRT,799.99
REGULAR FIT DOKULU UZUN KOLLU GÖMLEK,799.99
NAKIŞLI POLO YAKA T-SHIRT,759.99
HENLEY YAKA KISA KOLLU T-SHIRT,599.99
RELAX FIT DİKİŞ DETAYLI BİSİKLET YAKA T-SHIRT,599.99
HENLEY YAKA KISA KOLLU T-SHIRT,599.99
BİSİKLET YAKA KISA KOLLU OVERSIZE T-SHIRT,599.99
BASKILI OVERSIZE BİSİKLET YAKA T-SHIRT,459.99
MARİN BASKILI BİSİKLET YAKA T-SHIRT,459.99
BASKILI BİSİKLET YAKA KISA KOLLU T-SHIRT,459.99
MARİN BASKILI BİSİKLET YAKA T-SHIRT,459.99
MİTOLOJİK BASKILI BİSİKLET YAKA T-SHIRT,459.99
KISA KOLLU BİSİKLET YAKA T-SHIRT,349.99
TAPERED FIT CEPLİ PANTOLON,1799
PAMUKLU SLIM FIT PANTOLON,1299
LOOSE FIT FERMUARLI DİK YAKA SWEATSHIRT,859.99
STRAIGHT FIT CHINO PANTOLON,1999
STRAIGHT FIT ŞORT,1299
STRAIGHT FIT ŞORT,1299
BİSİKLET YAKA KISA KOLLU KAZAK,899.99
BİSİKLET YAKA KISA KOLLU KAZAK,899.99
BİSİKLET YAKA KISA KOLLU KAZAK,899.99
LOOSE FIT BELİ BAĞLAMALI PANTOLON,1699
LOOSE FIT BELİ BAĞLAMALI PANTOLON,1699
ÇİZGİLİ BELİ LASTİKLİ ŞORT,1699
REGULAR FIT RESORT YAKA ÇİZGİLİ KISA KOLLU GÖMLEK,1259
ÇİZGİLİ BELİ LASTİKLİ ŞORT,1699
PAMUKLU SLIM FIT PANTOLON,1299
PAMUKLU SLIM FIT PANTOLON,1299
REGULAR FIT DOKULU ÇİZGİLİ GÖMLEK,1099
REGULAR FIT DOKULU UZUN KOLLU GÖMLEK,999.99
REGULAR FIT DOKULU ÇİZGİLİ UZUN KOLLU GÖMLEK,1099
ÇİZGİLİ BİSİKLET YAKA KAZAK,999.99
REGULAR FIT UZUN KOLLU GÖMLEK,1199
ÇOK CEPLİ JEAN CEKET,2099
BASKILI BİSİKLET YAKA KISA KOLLU T-SHIRT,499.99
BİSİKLET YAKA FİTİLLİ SWEATSHIRT,999.99
BİSİKLET YAKA FİTİLLİ TRİKO KAZAK,999.99
BİSİKLET YAKA FİTİLLİ TRİKO KAZAK,999.99
STRAIGHT FIT CHINO PANTOLON,1999
BİSİKLET YAKA LOOSE FIT KISA KOLLU T-SHIRT,499.99
ÇİZGİLİ REGULAR FIT UZUN KOLLU GÖMLEK,1299
ÇİZGİLİ UZUN KOLLU REGULAR FIT GÖMLEK,1099
ÇİZGİLİ REGULAR FIT UZUN KOLLU GÖMLEK,1099
REGULAR FIT ÇİFT CEPLİ UZUN KOLLU GÖMLEK,1599
BİSİKLET YAKA KISA KOLLU KAZAK,899.99
MARİN BASKILI BİSİKLET YAKA T-SHIRT,459.99
MARİN BASKILI BİSİKLET YAKA T-SHIRT,429.99
STRAIGHT FIT KETEN PANTOLON,2199
ÇİZGİLİ RESORT YAKA KISA KOLLU GÖMLEK,1259
REGULAR FIT KETEN KARIŞIMLI ÇİZGİLİ KISA KOLLU GÖMLEK,1299
STRAIGHT FIT DOKULU BELİ BAĞLAMALI PANTOLON,1899
REGULAR FIT KETEN KARIŞIMLI ÇİZGİLİ KISA KOLLU GÖMLEK,1259
ÇİZGİLİ RESORT YAKA REGULAR FIT KISA KOLLU GÖMLEK,1259
ÇİZGİLİ REGULAR FIT RESORT YAKA KISA KOLLU GÖMLEK,1099
ÇİZGİLİ RESORT YAKA KISA KOLLU GÖMLEK,1259
STRAIGHT FIT ÇİZGİLİ CHINO ŞORT,1599
DOKULU RESORT YAKA KISA KOLLU GÖMLEK,999.99
JAKARLI DESENLİ KISA KOLLU ÖRME GÖMLEK,1259
REGULAR FIT KISA KOLLU TRİKO GÖMLEK,1099
BASKILI OVERSIZE BİSİKLET YAKA T-SHIRT,499.99
LOOSE FIT KISA KOLLU ÖRME GÖMLEK,1259
BASKILI REGULAR FIT RESORT YAKA KISA KOLLU GÖMLEK,999.99
ÇİZGİLİ RESORT YAKA REGULAR FIT KISA KOLLU GÖMLEK,1259
RESORT YAKA KISA KOLLU GÖMLEK,1259
RESORT YAKA KISA KOLLU GÖMLEK,1259
BASKILI RESORT YAKA KISA KOLLU GÖMLEK,999.99
BASKILI RESORT YAKA KISA KOLLU GÖMLEK,999.99
ÇİZGİLİ BİSİKLET YAKA T-SHIRT,699.99
ÇİZGİLİ BİSİKLET YAKA KISA KOLLU TRİKO KAZAK,999.99
NAKIŞLI POLO YAKA T-SHIRT,699.99
BİSİKLET YAKA LOOSE FIT KISA KOLLU T-SHIRT,499.99
ÇİZGİLİ BİSİKLET YAKA OVERSIZE T-SHIRT,659.99
ÇİZGİLİ REGULAR FIT UZUN KOLLU GÖMLEK,1399
ÇİZGİLİ HAKİM YAKA UZUN KOLLU GÖMLEK,1399
STRAIGHT FIT BELİ BAĞLAMALI PANTOLON,1899
COMFORT FIT ÇİZGİLİ UZUN KOLLU GÖMLEK,1099
REGULAR FIT UZUN KOLLU CASUAL GÖMLEK,1099
ÇİZGİLİ OVERSIZE BİSİKLET YAKA T-SHIRT,699.99
LOOSE FIT ÇİZGİLİ BİSİKLET YAKA T-SHIRT,549.99
ÇİZGİLİ RESORT YAKA KISA KOLLU GÖMLEK,1099
KAPÜŞONLU FERMUARLI CEKET,1799
REGULAR FIT DOKULU UZUN KOLLU GÖMLEK,999.99
TRUCKER CEKET,1999
KARGO PANTOLON,1999
KAPÜŞONLU ÇOK CEPLİ YAĞMURLUK,2599
NAKIŞLI POLO YAKA T-SHIRT,699.99
MİTOLOJİK BASKILI BİSİKLET YAKA T-SHIRT,459.99
STRAIGHT FIT BELİ BAĞLAMALI PANTOLON,1899
FERMUARLI CASUAL CEKET,2299
BASKILI OVERSIZE BİSİKLET YAKA T-SHIRT,529.99
REGULAR FIT DOKULU UZUN KOLLU GÖMLEK,999.99
KAPÜŞONLU ÇOK CEPLİ YAĞMURLUK,2599
KAPİTONELİ MONT CEKET,2799
BASKILI BİSİKLET YAKA KISA KOLLU T-SHIRT,429.99
MİTOLOJİK BASKILI OVERSIZE SWEATSHIRT,999.99
BİSİKLET YAKA FİTİLLİ SWEATSHIRT,999.99
BASKILI BİSİKLET YAKA T-SHIRT,529.99
PAMUKLU SLIM FIT PANTOLON,1299
ÇOK CEPLİ MONT CEKET,2299
SLIM STRAIGHT JEAN PANTOLON,1199
SLIM FIT JEAN PANTOLON,1299
SLIM STRAIGHT JEAN PANTOLON,1259
SLIM FIT JEAN PANTOLON,1259
SLIM STRAIGHT FIT JEAN PANTOLON,1599
REGULAR FIT UZUN KOLLU GÖMLEK,1199
REGULAR FIT DOKULU UZUN KOLLU GÖMLEK,799.99
MİTOLOJİK BASKILI RELAX FIT KISA KOLLU T-SHIRT,499.99
NAKIŞLI OVERSIZE BİSİKLET YAKA T-SHIRT,699.99
REGULAR FIT BLAZER CEKET,2199
HAKİM YAKA REGULAR FIT KETEN GÖMLEK,1699
BİSİKLET YAKA KETEN T-SHIRT,1099
PAMUKLU BİSİKLET YAKA KISA KOLLU T-SHIRT,599.99
BİSİKLET YAKA PAMUK KAZAK,999.99
BAĞLAMALI STRAIGHT FIT ŞORT,1599
POLO YAKA ÇİZGİLİ T-SHIRT,1399
KETEN KARIŞIMLI REGULAR FIT GÖMLEK,1099
BİSİKLET YAKA PAMUK KAZAK,999.99
ÇİZGİLİ REGULAR FIT GÖMLEK,1259
REGULAR FIT CASUAL GÖMLEK,1299
KETEN REGULAR FIT GÖMLEK,1999
BİSİKLET YAKA KETEN T-SHIRT,1099
MODAL KARIŞIMLI REGULAR FIT GÖMLEK,1799
POLO YAKA ÇİZGİLİ T-SHIRT,899.99
PAMUKLU BİSİKLET YAKA KISA KOLLU T-SHIRT,599.99
MODAL KARIŞIMLI REGULAR FIT GÖMLEK,1799
KETEN KARIŞIMLI REGULAR FIT CEKET,2299
POLO YAKA ÇİZGİLİ T-SHIRT,1399
REGULAR FIT CASUAL GÖMLEK,1299
KETEN KARIŞIMLI REGULAR FIT GÖMLEK,1099
ÇİZGİLİ BİSİKLET YAKA T-SHIRT,499.99
NAKIŞLI POLO YAKA T-SHIRT,799.99
ÇİZGİLİ REGULAR FIT GÖMLEK,1099
ÇİZGİLİ REGULAR FIT GÖMLEK,1099
ÇİZGİLİ REGULAR FIT GÖMLEK,999.99
ÇİZGİLİ REGULAR FIT KISA KOLLU GÖMLEK,1259
STRAIGHT FIT BAĞLAMALI ŞORT,1299
KETEN KARIŞIMLI HAKİM YAKA REGULAR FIT GÖMLEK,1399
BİSİKLET YAKA T-SHIRT,429.99
ETNİK BASKILI BİSİKLET YAKA T-SHIRT,459.99
ÇİZGİLİ POLO YAKA KISA KOLLU TRİKO KAZAK,1199
TAPERED FIT BELİ LASTİKLİ PANTOLON,1899
BASKILI BİSİKLET YAKA T-SHIRT,459.99
REGULAR FIT CASUAL CEKET,1799
TAPERED FIT BELİ LASTİKLİ PANTOLON,1899
TEKSTÜRLÜ SLIM FIT PANTOLON,1599
OVERSIZE MODAL BİSİKLET YAKA T-SHIRT,1399
BASKILI BİSİKLET YAKA T-SHIRT,459.99
STRAIGHT FIT PANTOLON,1299
REGULAR FIT DOKULU UZUN KOLLU GÖMLEK,1259
SLIM FIT PANTOLON,1199
POLO YAKA KISA KOLLU KAZAK,1199
REGULAR FIT UZUN KOLLU CASUAL GÖMLEK,1099
POLO YAKA ÖRME KISA KOLLU T-SHIRT,999.99
BASKILI BİSİKLET YAKA T-SHIRT,459.99
BASKILI BİSİKLET YAKA T-SHIRT,459.99
BASKILI BİSİKLET YAKA T-SHIRT,459.99
BASKILI BİSİKLET YAKA T-SHIRT,459.99
ÇİZGİLİ BİSİKLET YAKA ÖRME T-SHIRT,899.99
ÇİZGİLİ BİSİKLET YAKA T-SHIRT,759.99
KETEN KARIŞIMLI BİSİKLET YAKA T-SHIRT,699.99
BASKILI BİSİKLET YAKA T-SHIRT,459.99
MARİN BASKILI BİSİKLET YAKA T-SHIRT,459.99
V YAKA KISA KOLLU T-SHIRT,399.99
V YAKA KISA KOLLU T-SHIRT,399.99
STRAIGHT FIT CHINO ŞORT,1699
STRAIGHT FIT CHINO ŞORT,1699
HAKİM YAKA REGULAR FIT KETEN GÖMLEK,1699
KETEN KARIŞIMLI REGULAR FIT GÖMLEK,1099
ÇİZGİLİ KISA KOLLU GÖMLEK,1099
REGULAR FIT KETEN GÖMLEK,1259
ÇİZGİLİ REGULAR FIT UZUN KOLLU GÖMLEK,1299
REGULAR FIT ÇİZGİLİ UZUN KOLLU GÖMLEK,1299
ÇİZGİLİ REGULAR FIT UZUN KOLLU GÖMLEK,1099
REGULAR FIT ÇİZGİLİ UZUN KOLLU GÖMLEK,1099
REGULAR FIT UZUN KOLLU GÖMLEK,1599
STRAIGHT FIT BELİ LASTİKLİ ŞORT,1699
REGULAR FIT RESORT YAKA ÇİZGİLİ KISA KOLLU GÖMLEK,1259
REGULAR FIT ÇİZGİLİ UZUN KOLLU GÖMLEK,1259
ÇİZGİLİ REGULAR FIT RESORT YAKA UZUN KOLLU GÖMLEK,1299
ÇİZGİLİ REGULAR FIT UZUN KOLLU GÖMLEK,1299
STRAIGHT FIT BELİ BAĞLAMALI KETEN ŞORT,2099
KETEN KARIŞIMLI CHINO ŞORT,1699
STRAIGHT FIT ÇİZGİLİ CHINO ŞORT,1699
STRAIGHT FIT ÇİZGİLİ CHINO ŞORT,1899
STRAIGHT FIT ÇİZGİLİ CHINO ŞORT,1899
STRAIGHT FIT BELİ LASTİKLİ ŞORT,1599
STRAIGHT FIT BELİ LASTİKLİ ŞORT,1599
NAKIŞLI BİSİKLET YAKA T-SHIRT,599.99
ÇİZGİLİ POLO YAKA KISA KOLLU KAZAK,1399
POLO YAKA ÖRME KISA KOLLU T-SHIRT,999.99
BİSİKLET YAKA KISA KOLLU ÖRME T-SHIRT,629.99
ÇİZGİLİ BİSİKLET YAKA T-SHIRT,799.99
ÇİZGİLİ NAKIŞLI BİSİKLET YAKA T-SHIRT,799.99
ÇİZGİLİ NAKIŞLI BİSİKLET YAKA T-SHIRT,799.99
ÇİZGİLİ RESORT YAKA KISA KOLLU GÖMLEK,1099
REGULAR FIT BELİ BAĞLAMALI KISA ŞORT,999.99
BASKILI BİSİKLET YAKA T-SHIRT,459.99
KETEN KARIŞIMLI REGULAR FIT GÖMLEK,1099
KETEN KARIŞIMLI REGULAR FIT GÖMLEK,1099
REGULAR FIT BİSİKLET YAKA T-SHIRT,559.99
REGULAR FIT BİSİKLET YAKA T-SHIRT,559.99
REGULAR FIT BİSİKLET YAKA T-SHIRT,559.99
BASKILI BİSİKLET YAKA KISA KOLLU T-SHIRT,459.99
BASKILI BİSİKLET YAKA KISA KOLLU T-SHIRT,549.99
KISA KOLLU TRİKO GÖMLEK,1399
V YAKA KISA KOLLU T-SHIRT,399.99
REGULAR FIT UZUN KOLLU CASUAL GÖMLEK,1099
REGULAR FIT UZUN KOLLU CASUAL GÖMLEK,1099
REGULAR FIT ÇİZGİLİ UZUN KOLLU GÖMLEK,1099
ÇİZGİLİ REGULAR FIT UZUN KOLLU GÖMLEK,1259
REGULAR FIT UZUN KOLLU GÖMLEK,1599
REGULAR FIT UZUN KOLLU KETEN KARIŞIMLI GÖMLEK,1399
LİYOSEL KARIŞIMLI FERMUARLI CEKET,2299
POLO YAKA KISA KOLLU T-SHIRT,559.99
REGULAR FIT TRUCKER CEKET,1799
BİSİKLET YAKA KISA KOLLU TRİKO KAZAK,899.99
KETEN KARIŞIMLI BİSİKLET YAKA T-SHIRT,699.99
LİYOSEL CASUAL CEKET,2999
STRAIGHT FIT BELİ BAĞLAMALI LİYOSEL PANTOLON,2199
ÇİZGİLİ REGULAR FIT KISA KOLLU TRİKO GÖMLEK,1399
REGULAR FIT RESORT YAKA ÇİZGİLİ KISA KOLLU GÖMLEK,1259
LOOSE FIT POLO YAKA KISA KOLLU TRİKO KAZAK,1259
STRAIGHT FIT BELİ BAĞLAMALI ŞORT,1699
STRAIGHT FIT BELİ BAĞLAMALI ŞORT,1699
BASKILI BİSİKLET YAKA T-SHIRT,459.99
LOOSE FIT BASKILI BİSİKLET YAKA T-SHIRT,529.99
ÇİZGİLİ BİSİKLET YAKA T-SHIRT,699.99
ÇİZGİLİ BİSİKLET YAKA T-SHIRT,699.99
KETEN KARIŞIMLI BİSİKLET YAKA T-SHIRT,899.99
REGULAR FIT UZUN KOLLU GÖMLEK,1259
REGULAR FIT ÇİZGİLİ UZUN KOLLU KETEN GÖMLEK,1699
REGULAR FIT ÇİZGİLİ UZUN KOLLU KETEN GÖMLEK,1899
KETEN KARIŞIMLI BASKILI RESORT YAKA KISA KOLLU GÖMLEK,1259
BASKILI RESORT YAKA KISA KOLLU GÖMLEK,1259
BASKILI RESORT YAKA KISA KOLLU GÖMLEK,1259
ÇİZGİLİ RESORT YAKA KISA KOLLU GÖMLEK,1199
TEKSTÜRLÜ SLIM FIT PANTOLON,1599
BAĞLAMALI LOOSE FIT PANTOLON,2199
REGULAR FIT V YAKA T-SHIRT,359.99
REGULAR FIT UZUN KOLLU GÖMLEK,1399
BASKILI BİSİKLET YAKA T-SHIRT,459.99
KETEN KARIŞIMLI LOOSE FIT PANTOLON,1999
STRAIGHT FIT BELİ BAĞLAMALI ŞORT,1699
MODAL KARIŞIMLI BİSİKLET YAKA KISA KOLLU KAZAK,1259
REGULAR FIT RESORT YAKA KISA KOLLU GÖMLEK,1299
TEKSTÜRLÜ SLIM FIT PANTOLON,1599
TEKSTÜRLÜ SLIM FIT PANTOLON,1399
BİSİKLET YAKA SWEATSHIRT,799.99
BİSİKLET YAKA KISA KOLLU T-SHIRT,399.99
COMFORT FIT BASKILI BİSİKLET YAKA T-SHIRT,499.99
BASKILI COMFORT FIT BİSİKLET YAKA T-SHIRT,499.99
BASKILI BİSİKLET YAKA T-SHIRT,459.99
REGULAR FIT UZUN KOLLU GÖMLEK,1399
POLO YAKA ÖRME KISA KOLLU T-SHIRT,999.99
BASKILI BİSİKLET YAKA KISA KOLLU T-SHIRT,459.99
BASKILI REGULAR FIT BİSİKLET YAKA T-SHIRT,459.99
BASKILI BİSİKLET YAKA KISA KOLLU T-SHIRT,459.99
POLO YAKA KISA KOLLU T-SHIRT,559.99
BASKILI BİSİKLET YAKA T-SHIRT,459.99
REGULAR FIT UZUN KOLLU GÖMLEK,899.99
TEKSTÜRLÜ SLIM FIT PANTOLON,1599
BASKILI BİSİKLET YAKA KISA KOLLU T-SHIRT,549.99
REGULAR FIT V YAKA T-SHIRT,359.99
BİSİKLET YAKA KISA KOLLU T-SHIRT,399.99
POLO YAKA KISA KOLLU T-SHIRT,559.99
BASKILI BİSİKLET YAKA T-SHIRT,459.99
NAKIŞLI POLO YAKA T-SHIRT,699.99
LİYOSEL KARIŞIMLI ÇOK CEPLİ CASUAL CEKET,2799
ÇİZGİLİ TRİKO KISA KOLLU KAZAK,799.99
NAKIŞLI POLO YAKA T-SHIRT,759.99
POLO YAKA ÖRME T-SHIRT,999.99
PAMUKLU SLIM FIT PANTOLON,1299
COMFORT FIT KETEN KİMONO CEKET,1999
REGULAR FIT ÇİFT CEPLİ UZUN KOLLU GÖMLEK,1599
NAKIŞLI POLO YAKA T-SHIRT,759.99
STRAIGHT FIT BAĞLAMALI PANTOLON,1199
STRAIGHT FIT BAĞLAMALI ŞORT,1299
REGULAR FIT UZUN KOLLU CASUAL GÖMLEK,1099
LOOSE FIT ÇİZGİLİ POLO YAKA KISA KOLLU T-SHIRT,999.99
REGULAR FIT BELİ BAĞLAMALI ŞORT,999.99
ÇİZGİLİ OVERSIZE KISA KOLLU T-SHIRT,799.99
NAKIŞLI OVERSIZE BİSİKLET YAKA T-SHIRT,699.99
HENLEY YAKA KISA KOLLU T-SHIRT,599.99
MARİN BASKILI OVERSIZE BİSİKLET YAKA T-SHIRT,549.99
MARİN BASKILI BİSİKLET YAKA T-SHIRT,549.99
MARİN BASKILI LOOSE FIT T-SHIRT,549.99
MARİN BASKILI BİSİKLET YAKA T-SHIRT,499.99
MARİN BASKILI OVERSIZE BİSİKLET YAKA T-SHIRT,459.99
LOOSE FIT MARİN BASKILI BİSİKLET YAKA T-SHIRT,459.99
REGULAR FIT UZUN KOLLU LİYOSEL GÖMLEK,1399
BİSİKLET YAKA T-SHIRT,429.99
BİSİKLET YAKA T-SHIRT,429.99
LOOSE FIT JEAN PANTOLON,1199
DÜĞMELİ HENLEY YAKA T-SHIRT,629.99
STRAIGHT FIT ŞORT,1299
ÇİZGİLİ REGULAR FIT UZUN KOLLU GÖMLEK,999.99
STRAIGHT FIT ÇİZGİLİ BELİ LASTİKLİ ŞORT,1399
STRAIGHT FIT BAĞLAMALI ŞORT,1899
STRAIGHT FIT ÇİZGİLİ CHINO ŞORT,1899
BASKILI BİSİKLET YAKA T-SHIRT,459.99
LOOSE FIT BİSİKLET YAKA ATLET,479.99
PAMUK OVERSIZE BİSİKLET YAKA T-SHIRT,599.99
ÇİZGİLİ REGULAR FIT GÖMLEK,899.99
REGULAR FIT UZUN KOLLU GÖMLEK,1199
REGULAR FIT CASUAL CEKET,2399
CEPLİ KARGO PANTOLON,2199
BİSİKLET YAKA OVERSIZE T-SHIRT,699.99
BELİ BAĞLAMALI ŞORT,899.99
STRAIGHT FIT ŞORT,1299
REGULAR FIT ÇİZGİLİ UZUN KOLLU GÖMLEK,1299
REGULAR FIT ÇİZGİLİ DOKULU UZUN KOLLU GÖMLEK,1099
REGULAR FIT ÇİZGİLİ UZUN KOLLU GÖMLEK,1099
REGULAR FIT ÇİFT CEPLİ UZUN KOLLU GÖMLEK,1599
REGULAR FIT BAĞLAMALI ŞORT,999.99
BASKILI BİSİKLET YAKA OVERSIZE T-SHIRT,499.99
KAPÜŞONLU KANGURU CEPLİ MODAL SWEATSHIRT,1299
NAKIŞLI RESORT YAKA REGULAR FIT KISA KOLLU GÖMLEK,1399
REGULAR FIT ÇİZGİLİ UZUN KOLLU GÖMLEK,999.99
COMFORT FIT ÇİZGİLİ KISA KOLLU GÖMLEK,1259
ÇİZGİLİ DİKİŞ DETAYLI RESORT YAKA KISA KOLLU GÖMLEK,1259
ÇİZGİLİ BELİ LASTİKLİ ŞORT,1599
STRAIGHT FIT BELİ BAĞLAMALI LİYOSEL ŞORT,1899
STRAIGHT FIT BELİ BAĞLAMALI LİYOSEL ŞORT,1899
STRAIGHT FIT BAĞLAMALI ŞORT,1899
REGULAR FIT BELİ BAĞLAMALI ŞORT,999.99
POLO YAKA ÖRME T-SHIRT,999.99
LOOSE FIT ÇİZGİLİ BİSİKLET YAKA ÖRME T-SHIRT,799.99
ÇİZGİLİ BİSİKLET YAKA T-SHIRT,799.99
LOOSE FIT BASKILI BİSİKLET YAKA T-SHIRT,549.99
BASKILI BİSİKLET YAKA T-SHIRT,459.99
MARİN BASKILI BİSİKLET YAKA T-SHIRT,479.99
ÇİZGİLİ BİSİKLET YAKA T-SHIRT,799.99
LOOSE FIT BASKILI BİSİKLET YAKA T-SHIRT,549.99
REGULAR FIT DOKULU KISA KOLLU GÖMLEK,1099
REGULAR FIT DOKULU KISA KOLLU GÖMLEK,1099
RESORT YAKA KISA KOLLU GÖMLEK,1259
BASKILI RESORT YAKA KISA KOLLU GÖMLEK,1199
ÇİZGİLİ RESORT YAKA KISA KOLLU GÖMLEK,999.99
LOOSE FIT NAKIŞLI BİSİKLET YAKA T-SHIRT,699.99
KARGO ŞORT,1899
LOOSE FIT NAKIŞLI BİSİKLET YAKA T-SHIRT,559.99
LOOSE FIT MARİN BASKILI BİSİKLET YAKA T-SHIRT,499.99
KETEN KARIŞIMLI ÇİZGİLİ T-SHIRT,559.99
BİSİKLET YAKA KISA KOLLU T-SHIRT,459.99
STRAIGHT FIT BELİ BAĞLAMALI PANTOLON,1899
REGULAR FIT UZUN KOLLU CASUAL GÖMLEK,1099
ÇİZGİLİ OVERSIZE KISA KOLLU KAZAK,899.99
LOOSE FIT NAKIŞLI BİSİKLET YAKA T-SHIRT,559.99
ÇİZGİLİ REGULAR FIT RESORT YAKA ÖRME GÖMLEK,1099
OVERSIZE SIRTI BASKILI BİSİKLET YAKA T-SHIRT,549.99
BASKILI BİSİKLET YAKA KISA KOLLU T-SHIRT,459.99
REGULAR FIT DOKULU UZUN KOLLU GÖMLEK,999.99
LOOSE FIT JEAN PANTOLON,1399
BASKILI BİSİKLET YAKA KISA KOLLU T-SHIRT,459.99
BASKILI BİSİKLET YAKA KISA KOLLU T-SHIRT,459.99
DOKULU RESORT YAKA KISA KOLLU GÖMLEK,999.99
OVERSIZE SIRTI BASKILI BİSİKLET YAKA T-SHIRT,549.99
KETEN KARIŞIMLI ÇİZGİLİ T-SHIRT,559.99
REGULAR FIT UZUN KOLLU GÖMLEK,1199
BİSİKLET YAKA LOOSE FIT KISA KOLLU T-SHIRT,499.99
MARİN BASKILI LOOSE FIT T-SHIRT,549.99
STRAIGHT FIT JEAN PANTOLON,1399
OVERSIZE MODAL BİSİKLET YAKA T-SHIRT,699.99
OVERSIZE MODAL BİSİKLET YAKA T-SHIRT,699.99
DÜĞMELİ HENLEY YAKA T-SHIRT,629.99
V YAKA KISA KOLLU T-SHIRT,359.99
REGULAR FIT KISA KAPÜŞONLU MONT,2799
MİTOLOJİK BASKILI BİSİKLET YAKA T-SHIRT,459.99
NAKIŞLI POLO YAKA T-SHIRT,759.99
MARİN BASKILI LOOSE FIT BİSİKLET YAKA T-SHIRT,459.99
REGULAR FIT KETEN GÖMLEK,859.99
ÇİZGİLİ STRAIGHT FIT CHINO ŞORT,899.99
BAĞLAMALI ŞORT,859.99
STRAIGHT FIT KETEN CHINO ŞORT,1099
KISA KOLLU REGULAR FIT KETEN GÖMLEK,859.99
CHINO ŞORT,1099
ÇİZGİLİ STRAIGHT FIT CHINO ŞORT,899.99
POLO YAKA KISA KOLLU T-SHIRT,329.99
HAKİM YAKA REGULAR FIT KETEN GÖMLEK,899.99
ÇİZGİLİ REGULAR FIT KETEN GÖMLEK,1199
ÇİZGİLİ REGULAR FIT KETEN GÖMLEK,1599
BAĞLAMALI STRAIGHT FIT ŞORT,859.99
ÇİZGİLİ CHINO ŞORT,899.99
BELİ LASTİKLİ STRAIGHT FIT ŞORT,799.99
STRAIGHT FIT ŞORT,699.99
STRAIGHT FIT ŞORT,699.99
STRAIGHT FIT ŞORT,699.99
BAĞLAMALI ŞORT,499.99
BAĞLAMALI STRAIGHT FIT ŞORT,899.99
ETNİK JAKARLI ŞORT,599.99
STRAIGHT FIT ŞORT,699.99
PAMUKLU JEAN ŞORT,899.99
ÇİZGİLİ REGULAR FIT KISA KOLLU GÖMLEK,899.99
ETNİK BASKILI BİSİKLET YAKA KISA KOLLU T-SHIRT,279.99
DESENLİ BAĞLAMALI DENİZ ŞORTU,749.99
DESENLİ BAĞLAMALI DENİZ ŞORTU,749.99
DESENLİ BAĞLAMALI DENİZ ŞORTU,749.99
SLIM FIT KETEN GÖMLEK,1099
HAKİM YAKA REGULAR FIT KETEN GÖMLEK,999.99
KISA KOLLU REGULAR FIT LİYOSEL GÖMLEK,359.99
PAMUKLU CHINO ŞORT,1099
PAMUKLU CHINO ŞORT,1099
PAMUKLU CHINO ŞORT,1099
KETEN KARIŞIMLI ŞORT,759.99
REGULAR FIT KISA KOLLU GÖMLEK,599.99
HAKİM YAKA REGULAR FIT KETEN GÖMLEK,999.99
REGULAR FIT KETEN GÖMLEK,999.99
KETEN ŞORT,759.99
ÇİZGİLİ KISA KOLLU REGULAR FIT GÖMLEK,559.99
ÇİZGİLİ KISA KOLLU REGULAR FIT GÖMLEK,499.99
PAMUKLU BERMUDA ŞORT,459.99
BAĞLAMALI ŞORT,859.99
KETEN KARIŞIMLI REGULAR FIT GÖMLEK,659.99
CHINO ŞORT,859.99
BELİ LASTİKLİ STRAIGHT FIT ŞORT,759.99
POLO YAKA KISA KOLLU T-SHIRT,429.99
STRAIGHT FIT ŞORT,699.99
BELİ LASTİKLİ ŞORT,899.99
PAMUKLU ŞORT,599.99
PAMUKLU ŞORT,599.99
STRAIGHT FIT ŞORT,699.99
BAĞLAMALI ŞORT,1299
PAMUKLU ŞORT,599.99
DESENLİ KISA KOLLU REGULAR FIT GÖMLEK,499.99
BAĞLAMALI STRAIGHT FIT ŞORT,799.99
REGULAR FIT ŞORT,599.99
BASIC DENİZ ŞORTU,749.99
NAKIŞLI OVERSIZE BİSİKLET YAKA T-SHIRT,699.99
ETNİK DESENLİ POLAR DİK YAKA SWEATSHIRT,2099
