tarih,kategori,urun_adi,fiyat,para_birimi,tuik_category,per_item_inflation_1d,per_item_inflation_7d,per_item_inflation_15d,per_item_inflation_30d
2026-04-12,temel-gida,Akfa Domates Salçası 4300 Gr,507.0,TRY,01,0.0,0.0,0.0,0.5952380952380952
2026-04-12,temel-gida,Akfa Domates Salçası 830 Gr,118.0,TRY,01,0.0,5.357142857142857,5.357142857142857,6.306306306306306
2026-04-12,temel-gida,Akfa Domates Salçası Cam 700 Gr,118.5,TRY,01,0.0,0.0,0.0,0.851063829787234
2026-04-12,temel-gida,Amoy Soya Sosu 750 Ml,302.0,TRY,01,0.0,0.0,0.0,0.6666666666666667
2026-04-12,temel-gida,Ankara Makarna Arpa Şehriye 5 Kg,455.0,TRY,01,0.0,0.0,0.0,0.6637168141592921
2026-04-12,temel-gida,Ankara Makarna Arpa Şehriye 500 Gr,45.5,TRY,01,0.0,0.0,0.0,1.1111111111111112
2026-04-12,temel-gida,Ankara Makarna Boncuk 500 Gr,45.5,TRY,01,0.0,0.0,0.0,1.1111111111111112
2026-04-12,temel-gida,Ankara Makarna Burgu 5 Kg,455.0,TRY,01,0.0,0.0,0.0,0.6637168141592921
2026-04-12,temel-gida,Ankara Makarna Burgu 500 Gr,45.5,TRY,01,0.0,0.0,0.0,1.1111111111111112
2026-04-12,temel-gida,Ankara Makarna Dirsek 500 Gr,45.5,TRY,01,0.0,0.0,0.0,1.1111111111111112
2026-04-12,temel-gida,Ankara Makarna Erişte 5 Kg,455.0,TRY,01,0.0,0.0,0.0,0.6637168141592921
2026-04-12,temel-gida,Ankara Makarna Erişte 500 Gr,45.5,TRY,01,0.0,0.0,0.0,1.1111111111111112
2026-04-12,temel-gida,Ankara Makarna Fiyonk 5 Kg,455.0,TRY,01,0.0,0.0,0.0,
2026-04-12,temel-gida,Ankara Makarna Fiyonk 500 Gr,45.5,TRY,01,0.0,0.0,0.0,1.1111111111111112
2026-04-12,temel-gida,Ankara Makarna Fırın 500 Gr,45.5,TRY,01,0.0,0.0,0.0,1.1111111111111112
2026-04-12,temel-gida,Ankara Makarna İnce Uzun 5 Kg,455.0,TRY,01,0.0,0.0,0.0,0.6637168141592921
2026-04-12,temel-gida,Ankara Makarna İnce Uzun 500 Gr,45.5,TRY,01,0.0,0.0,0.0,1.1111111111111112
2026-04-12,temel-gida,Ankara Makarna İrmik 500 Gr,48.25,TRY,01,0.0,0.0,0.0,0.6256517205422255
2026-04-12,temel-gida,Ankara Makarna Kalem 500 Gr,45.5,TRY,01,0.0,0.0,0.0,1.1111111111111112
2026-04-12,temel-gida,Ankara Makarna Kelebek 500 Gr,45.5,TRY,01,0.0,0.0,0.0,1.1111111111111112
2026-04-12,temel-gida,Ankara Makarna Kepekli Spagetti 350 Gr,47.0,TRY,01,0.0,0.0,0.0,0.0
2026-04-12,temel-gida,Ankara Makarna Kuskus 5 Kg,381.0,TRY,01,0.0,-16.263736263736263,-16.263736263736263,-15.70796460176991
2026-04-12,temel-gida,Ankara Makarna Kuskus 500 Gr,45.5,TRY,01,0.0,0.0,0.0,1.1111111111111112
2026-04-12,temel-gida,Ankara Makarna Mantı 500 Gr,45.5,TRY,01,0.0,0.0,0.0,1.1111111111111112
2026-04-12,temel-gida,Ankara Makarna Nuhun Gemisi 350 Gr,47.0,TRY,01,0.0,0.0,0.0,0.0
2026-04-12,temel-gida,Ankara Makarna Sebzeli Burgu 350 Gr,47.0,TRY,01,0.0,0.0,0.0,0.0
2026-04-12,temel-gida,Ankara Makarna Spagetti 5 Kg,455.0,TRY,01,0.0,0.0,0.0,0.6637168141592921
2026-04-12,temel-gida,Ankara Makarna Spagetti 500 Gr,45.5,TRY,01,0.0,0.0,0.0,1.1111111111111112
2026-04-12,temel-gida,Ankara Makarna Tam Buğday Kalem 500 Gr,54.0,TRY,01,0.0,0.0,0.0,0.0
2026-04-12,temel-gida,Ankara Makarna Tel Şehriye 5 Kg,455.0,TRY,01,0.0,0.0,0.0,0.6637168141592921
2026-04-12,temel-gida,Ankara Makarna Tel Şehriye 500 Gr,45.05,TRY,01,0.0,0.0,0.0,0.6703910614525076
2026-04-12,temel-gida,Ankara Makarna Yüksük 5 Kg,455.0,TRY,01,0.0,0.0,0.0,0.6637168141592921
2026-04-12,temel-gida,Ankara Makarna Yüksük 500 Gr,45.5,TRY,01,0.0,0.0,0.0,1.1111111111111112
2026-04-12,temel-gida,Azmanlı Katkısız Acı Ev Tarhanası 500 Gr,266.0,TRY,01,0.0,0.0,0.0,0.7575757575757576
2026-04-12,temel-gida,Azmanlı Katkısız Tatlı Ev Tarhanası 500 Gr,266.0,TRY,01,0.0,0.0,0.0,0.7575757575757576
2026-04-12,temel-gida,Bafra Pirinç 25 Kg Osmancık (Çuval),2770.0,TRY,01,0.0,0.0,,
2026-04-12,temel-gida,Bafra Pirinç Osmancık 1 Kg,117.0,TRY,01,0.0,0.0,,
2026-04-12,temel-gida,Bağdat Acı Toz Biber 75 Gr,93.0,TRY,01,0.0,0.0,0.0,0.5405405405405406
2026-04-12,temel-gida,Bağdat Cajun Baharatı Cam 55 Gr,111.5,TRY,01,0.0,0.0,0.0,0.904977375565611
2026-04-12,temel-gida,Bağdat Çıtır Pane Harcı 90 Gr,62.0,TRY,01,0.0,0.0,0.0,0.8130081300813009
2026-04-12,temel-gida,Bağdat Çörek Otu 75 Gr,93.5,TRY,01,0.0,0.0,0.0,0.5376344086021506
2026-04-12,temel-gida,Bağdat Dolmalık Fıstık 23 Gr,279.0,TRY,01,0.0,0.0,0.0,0.5405405405405406
2026-04-12,temel-gida,Bağdat Ekstra Acı Pul Biber 80 Gr,100.0,TRY,01,0.0,0.0,0.0,0.5025125628140703
2026-04-12,temel-gida,Bağdat Fesleğen 30 Gr,44.0,TRY,01,0.0,0.0,0.0,0.0
2026-04-12,temel-gida,Bağdat Galeta Unu 250 Gr,55.5,TRY,01,0.0,0.0,0.0,0.9090909090909091
2026-04-12,temel-gida,Bağdat Hindistan Cevizi 50 Gr,82.5,TRY,01,0.0,0.0,0.0,0.6097560975609756
2026-04-12,temel-gida,Bağdat Hindistan Cevizi Eko 160 Gr,199.5,TRY,01,0.0,0.0,0.0,0.7575757575757576
2026-04-12,temel-gida,Bağdat İsot Biber 200 Gr,203.0,TRY,01,0.0,0.0,0.0,
2026-04-12,temel-gida,Bağdat İsot Biber 80 Gr,93.5,TRY,01,0.0,0.0,0.0,0.5376344086021506
2026-04-12,temel-gida,Bağdat Izgara Baharatı 65 Gr,78.0,TRY,01,0.0,0.0,0.0,0.6451612903225806
2026-04-12,temel-gida,Bağdat Kabuk Tarçın 45 Gr,89.0,TRY,01,0.0,0.0,0.0,0.5649717514124294
2026-04-12,temel-gida,Bağdat Karabiber 40 Gr,97.0,TRY,01,0.0,0.0,0.0,0.5181347150259068
2026-04-12,temel-gida,Bağdat KaraBiber Tuzluklu 55 Gr,166.5,TRY,01,0.0,0.0,0.0,0.9090909090909091
2026-04-12,temel-gida,Bağdat Karanfil 15 Gr,64.0,TRY,01,0.0,0.0,0.0,0.7874015748031495
2026-04-12,temel-gida,Bağdat Karbonat 1 Kg,146.5,TRY,01,0.0,0.0,0.0,0.6872852233676976
2026-04-12,temel-gida,Bağdat Karbonat 150 Gr,50.0,TRY,01,0.0,0.0,0.0,1.0101010101010102
2026-04-12,temel-gida,Bağdat Kekik 25 Gr,97.5,TRY,01,0.0,0.0,0.0,1.0362694300518136
2026-04-12,temel-gida,Bağdat Kekik Eko 60 Gr,215.0,TRY,01,0.0,0.0,0.0,0.9389671361502347
2026-04-12,temel-gida,Bağdat Kimyon 75 Gr,97.5,TRY,01,0.0,0.0,0.0,0.5154639175257731
2026-04-12,temel-gida,Bağdat Kişniş 40 Gr,36.5,TRY,01,0.0,0.0,0.0,0.0
2026-04-12,temel-gida,Bağdat Köfte Baharı 65 Gr,74.0,TRY,01,0.0,0.0,0.0,0.6802721088435374
2026-04-12,temel-gida,Bağdat Köfte Harcı 90 Gr,62.0,TRY,01,0.0,0.0,0.0,0.8130081300813009
2026-04-12,temel-gida,Bağdat Köri 70 Gr,82.5,TRY,01,0.0,0.0,0.0,0.6097560975609756
2026-04-12,temel-gida,Bağdat Kuş Üzümü 40 Gr,100.0,TRY,01,0.0,0.0,0.0,0.5025125628140703
2026-04-12,temel-gida,Bağdat Limon Tuzu 60 Gr,60.5,TRY,01,0.0,0.0,0.0,0.8333333333333334
2026-04-12,temel-gida,Bağdat Limon Tuzu Eko 275 Gr,158.5,TRY,01,0.0,0.0,0.0,0.6349206349206349
2026-04-12,temel-gida,Bağdat Mahlep 30 Gr,203.0,TRY,01,0.0,0.0,0.0,0.7444168734491315
2026-04-12,temel-gida,Bağdat Mavi Haşhaş 80 Gr,88.0,TRY,01,0.0,0.0,0.0,0.5714285714285714
2026-04-12,temel-gida,Bağdat Nane 30 Gr,50.0,TRY,01,0.0,0.0,0.0,0.0
2026-04-12,temel-gida,Bağdat Nane 70 Gr,96.5,TRY,01,0.0,0.0,0.0,1.0471204188481675
2026-04-12,temel-gida,Bağdat Pul Biber 210 Gr,212.5,TRY,01,0.0,0.0,0.0,0.7109004739336493
2026-04-12,temel-gida,Bağdat Pul Biber 80 Gr,93.5,TRY,01,0.0,0.0,0.0,0.5376344086021506
2026-04-12,temel-gida,Bağdat Sarımsak Granül 40 Gr,62.5,TRY,01,0.0,0.0,0.0,0.8064516129032258
2026-04-12,temel-gida,Bağdat Sebzeli Çeşni 250 Gr,83.5,TRY,01,0.0,0.0,0.0,0.6024096385542169
2026-04-12,temel-gida,Bağdat Selection Et Çeşnisi 45 Gr,147.0,TRY,01,0.0,0.0,0.0,0.684931506849315
2026-04-12,temel-gida,Bağdat Sumak 80 Gr,119.0,TRY,01,0.0,0.0,0.0,0.42194092827004215
2026-04-12,temel-gida,Bağdat Susam 75 Gr,64.0,TRY,01,0.0,0.0,0.0,0.0
2026-04-12,temel-gida,Bağdat Tane KaraBiber 40 Gr,97.0,TRY,01,0.0,0.0,0.0,0.5181347150259068
2026-04-12,temel-gida,Bağdat Tarçın 45 Gr,69.5,TRY,01,0.0,0.0,0.0,0.7246376811594203
2026-04-12,temel-gida,Bağdat Tatlı Toz Biber 1 Kg,641.0,TRY,01,0.0,0.0,0.0,0.6279434850863422
2026-04-12,temel-gida,Bağdat Tatlı Toz Biber 75 Gr,97.5,TRY,01,0.0,0.0,0.0,1.0362694300518136
2026-04-12,temel-gida,Bağdat Tavuk Harcı 65 Gr,72.5,TRY,01,0.0,0.0,0.0,0.6944444444444444
2026-04-12,temel-gida,Bağdat Yenibahar 40 Gr,109.0,TRY,01,0.0,0.0,0.0,0.4608294930875576
2026-04-12,temel-gida,Bağdat Zencefil 60 Gr,88.5,TRY,01,0.0,0.0,0.0,0.5681818181818182
2026-04-12,temel-gida,Bağdat Zerdeçal 70 Gr,79.5,TRY,01,0.0,0.0,0.0,0.6329113924050633
2026-04-12,temel-gida,Bağdat Zerdeçal Cam 55 Gr,111.0,TRY,01,0.0,0.0,0.0,0.9090909090909091
2026-04-12,temel-gida,Balküpü Küp Şeker 1 Kg,85.0,TRY,01,0.0,0.0,0.0,0.591715976331361
2026-04-12,temel-gida,Barbunya 1 Kg,176.5,TRY,01,0.0,,,
2026-04-12,temel-gida,Barbunya 25 Kg (Çuval),4075.0,TRY,01,0.0,,,
2026-04-12,temel-gida,Barilla Burgu Makarna 500 Gr,68.0,TRY,01,0.0,0.0,0.0,0.7407407407407408
2026-04-12,temel-gida,Barilla Fiyonk Makarna 500 Gr,68.0,TRY,01,0.0,0.0,0.0,0.7407407407407408
2026-04-12,temel-gida,Barilla Kelebek Makarna 500 Gr,68.0,TRY,01,0.0,0.0,0.0,0.7407407407407408
2026-04-12,temel-gida,Barilla Pesto Genovese Makarna Sosu 190 Gr,208.0,TRY,01,0.0,0.0,0.0,0.7263922518159807
2026-04-12,temel-gida,Barilla Pipette Bukle Makarna 500 Gr,68.0,TRY,01,0.0,0.0,0.0,0.7407407407407408
2026-04-12,temel-gida,Barilla Spagetti 500 Gr,68.0,TRY,01,0.0,0.0,0.0,0.7407407407407408
2026-04-12,temel-gida,Barilla Tagliatelle Makarna 500 Gr,220.5,TRY,01,0.0,0.0,0.0,0.684931506849315
2026-04-12,temel-gida,Barilla Yassı Spagetti 500 Gr,68.0,TRY,01,0.0,0.0,0.0,0.7407407407407408
2026-04-12,temel-gida,Beşler Glutensiz Kesme Makarna 400 Gr,165.5,TRY,01,0.0,0.0,0.0,
2026-04-12,temel-gida,Bibercizade Acı Toz Biber 120 Gr,89.0,TRY,01,0.0,0.0,0.0,9.202453987730062
2026-04-12,temel-gida,Bibercizade Çiğ Köfte Seti 600 Gr,182.0,TRY,01,0.0,0.0,0.0,6.122448979591836
2026-04-12,temel-gida,Bibercizade Çiğköfte Seti 380 Gr,135.5,TRY,01,0.0,0.0,0.0,5.859375
2026-04-12,temel-gida,Bibercizade Çörek Otu 150 Gr,89.0,TRY,01,0.0,0.0,0.0,9.202453987730062
2026-04-12,temel-gida,Bibercizade Dolmalık Fıstık 25 Gr,204.5,TRY,01,0.0,0.0,0.0,4.071246819338422
2026-04-12,temel-gida,Bibercizade Hindistan Cevizi 100 Gr,81.5,TRY,01,0.0,0.0,0.0,4.487179487179487
2026-04-12,temel-gida,Bibercizade Hindistan Cevizi 250 Gr,129.5,TRY,01,0.0,0.0,0.0,0.3875968992248062
2026-04-12,temel-gida,Bibercizade İsot 120 Gr,88.5,TRY,01,0.0,0.0,0.0,12.738853503184714
2026-04-12,temel-gida,Bibercizade İsot 500 Gr,207.5,TRY,01,0.0,0.0,0.0,5.32994923857868
2026-04-12,temel-gida,Bibercizade Kabuk Tarçın 50 Gr,76.5,TRY,01,0.0,0.0,0.0,10.869565217391305
2026-04-12,temel-gida,Bibercizade KaraBiber 120 Gr,155.0,TRY,01,0.0,0.0,0.0,5.084745762711865
2026-04-12,temel-gida,Bibercizade Karanfil 20 Gr,52.5,TRY,01,0.0,0.0,0.0,15.384615384615385
2026-04-12,temel-gida,Bibercizade Karbonat 200 Gr,59.5,TRY,01,0.0,0.0,0.0,5.3097345132743365
2026-04-12,temel-gida,Bibercizade Kekik 250 Gr,310.5,TRY,01,0.0,0.0,0.0,30.18867924528302
2026-04-12,temel-gida,Bibercizade Kimyon 1 Kg,453.0,TRY,01,0.0,,,0.6666666666666667
2026-04-12,temel-gida,Bibercizade Kimyon 120 Gr,89.0,TRY,01,0.0,0.0,0.0,9.202453987730062
2026-04-12,temel-gida,Bibercizade Kimyon 250 Gr,144.5,TRY,01,0.0,0.0,0.0,5.474452554744526
2026-04-12,temel-gida,Bibercizade Köfte Harcı 90 Gr,72.5,TRY,01,0.0,0.0,0.0,23.931623931623932
2026-04-12,temel-gida,Bibercizade Köri 120 Gr,59.5,TRY,01,0.0,0.0,0.0,19.0
2026-04-12,temel-gida,Bibercizade Kuş Üzümü 120 Gr,147.0,TRY,01,0.0,0.0,0.0,7.6923076923076925
2026-04-12,temel-gida,Bibercizade Limon Tuzu 1 Kg,253.0,TRY,01,0.0,0.0,0.0,4.545454545454546
2026-04-12,temel-gida,Bibercizade Limon Tuzu 200 Gr,83.5,TRY,01,0.0,0.0,0.0,9.868421052631579
2026-04-12,temel-gida,Bibercizade Mahlep 100 Gr,229.0,TRY,01,0.0,0.0,0.0,55.78231292517006
2026-04-12,temel-gida,Bibercizade Mavi Haşhaş 120 Gr,82.0,TRY,01,0.0,0.0,0.0,4.45859872611465
2026-04-12,temel-gida,Bibercizade Nane 40 Gr,44.0,TRY,01,0.0,0.0,0.0,18.91891891891892
2026-04-12,temel-gida,Bibercizade Pasta Süsü 100 Gr,53.0,TRY,01,0.0,0.0,0.0,6.0
2026-04-12,temel-gida,Bibercizade Pul Biber 120 Gr,88.5,TRY,01,0.0,0.0,0.0,12.738853503184714
2026-04-12,temel-gida,Bibercizade Sumak 120 Gr,105.5,TRY,01,0.0,0.0,0.0,18.53932584269663
2026-04-12,temel-gida,Bibercizade Susam 150 Gr,77.0,TRY,01,0.0,0.0,0.0,10.0
2026-04-12,temel-gida,Bibercizade Tane Kara Biber 60 Gr,88.5,TRY,01,0.0,0.0,0.0,9.25925925925926
2026-04-12,temel-gida,Bibercizade Tane Zencefil 120 Gr,106.0,TRY,01,0.0,0.0,0.0,10.416666666666668
2026-04-12,temel-gida,Bibercizade Tarçın 120 Gr,88.5,TRY,01,0.0,0.0,0.0,12.738853503184714
2026-04-12,temel-gida,Bibercizade Tatlı Biber 250 Gr,160.5,TRY,01,0.0,0.0,0.0,0.6269592476489028
2026-04-12,temel-gida,Bibercizade Tatlı Toz Biber 120 Gr,89.0,TRY,01,0.0,0.0,0.0,9.202453987730062
2026-04-12,temel-gida,Bibercizade Tatlı Toz Biber 250 Gr,129.0,TRY,01,0.0,0.0,0.0,6.172839506172839
2026-04-12,temel-gida,Bibercizade Toz Tatlı Biber 1 Kg,369.5,TRY,01,0.0,0.0,0.0,0.6811989100817438
2026-04-12,temel-gida,Bibercizade Yenibahar 100 Gr,126.0,TRY,01,0.0,0.0,0.0,2.857142857142857
2026-04-12,temel-gida,Bibercizade Zencefil 100 Gr,88.5,TRY,01,0.0,0.0,0.0,12.738853503184714
2026-04-12,temel-gida,Bibercizade Zerdeçal 100 Gr,68.0,TRY,01,0.0,0.0,0.0,5.426356589147287
2026-04-12,temel-gida,Billur Demir Mineralli İyotlu Sofra Tuzu 500 Gr,76.5,TRY,01,0.0,8.51063829787234,8.51063829787234,9.285714285714286
2026-04-12,temel-gida,Billur İyotlu Tuz 750 Gr,42.0,TRY,01,0.0,6.329113924050633,6.329113924050633,7.6923076923076925
2026-04-12,temel-gida,Billur Karton Tuz 250 Gr,41.0,TRY,01,0.0,10.81081081081081,10.81081081081081,10.81081081081081
2026-04-12,temel-gida,Billur Tuz İyotlu 3 Kg,215.0,TRY,01,0.0,6.172839506172839,6.172839506172839,6.699751861042183
2026-04-12,temel-gida,Billur Tuz İyotlu Tuzluklu 125 Gr,27.5,TRY,01,0.0,12.244897959183673,12.244897959183673,12.244897959183673
2026-04-12,temel-gida,"Billur Tuz Rafine İyotlu Sofra Tuzu 1,5 Kg",87.0,TRY,01,0.0,8.75,8.75,9.433962264150944
2026-04-12,temel-gida,Billur Tuz Sodyumu Azaltılmış İyotsuz Sofra Tuzu 500 Gr,129.5,TRY,01,0.0,10.212765957446807,10.212765957446807,11.158798283261802
2026-04-12,temel-gida,Billur Tuz Sofrada Öğütme Deniz Tuzu 500 Gr,72.0,TRY,01,0.0,0.0,0.0,0.6993006993006993
2026-04-12,temel-gida,Billur Tuz Sofrada Öğütme Yemeklik Himalaya Kristal Granül Doğal Kaya Tuzu 200 Gr Değirmenli,103.0,TRY,01,0.0,8.421052631578947,8.421052631578947,8.994708994708994
2026-04-12,temel-gida,Billur Tuzluklu Tuz 500 Gr,55.5,TRY,01,0.0,7.766990291262135,7.766990291262135,7.766990291262135
2026-04-12,temel-gida,Biryağ Ayçiçek Yağı 1 Lt,173.5,TRY,01,0.0,0.0,0.0,0.5797101449275363
2026-04-12,temel-gida,Biryağ Ayçiçek Yağı 2 Lt,323.5,TRY,01,0.0,0.0,0.0,0.6220839813374806
2026-04-12,temel-gida,Bizim Mutfak Çikolata Sosu 98 Gr,60.5,TRY,01,0.0,0.0,0.0,0.8333333333333334
2026-04-12,temel-gida,Bizim Mutfak Çilekli Puding 120 Gr,45.0,TRY,01,0.0,0.0,0.0,0.0
2026-04-12,temel-gida,Bizim Mutfak Domates Çorbası 65 Gr,45.0,TRY,01,0.0,0.0,0.0,0.0
2026-04-12,temel-gida,Bizim Mutfak Ezogelin Çorbası 80 Gr,44.0,TRY,01,0.0,0.0,0.0,1.1494252873563218
2026-04-12,temel-gida,Bizim Mutfak Kakaolu Puding 132 Gr,45.0,TRY,01,0.0,0.0,0.0,
2026-04-12,temel-gida,Bizim Mutfak Krem Şanti 150 Gr,74.0,TRY,01,0.0,0.0,0.0,0.6802721088435374
2026-04-12,temel-gida,Bizim Mutfak Krem Şanti 75 Gr,44.0,TRY,01,0.0,0.0,0.0,1.1494252873563218
2026-04-12,temel-gida,Bizim Mutfak Kremalı Mantar Çorbası 65 Gr,45.0,TRY,01,0.0,0.0,0.0,0.0
2026-04-12,temel-gida,Bizim Mutfak Kremalı Tavuk Çorbası 62 Gr,45.0,TRY,01,0.0,0.0,0.0,0.0
2026-04-12,temel-gida,Bizim Mutfak Mercimek Çorbası 72 Gr,45.0,TRY,01,0.0,0.0,0.0,0.0
2026-04-12,temel-gida,Bizim Mutfak Şehriyeli Tavuk Suyu Çorbası 80 Gr,44.0,TRY,01,0.0,0.0,0.0,
2026-04-12,temel-gida,Bizim Mutfak Tarhana Çorbası 65 Gr,45.0,TRY,01,0.0,0.0,0.0,0.0
2026-04-12,temel-gida,Bizim Mutfak Vanilyalı Puding 125 Gr,45.0,TRY,01,0.0,0.0,0.0,0.0
2026-04-12,temel-gida,Bizim Mutfak Yayla Çorbası 80 Gr,44.0,TRY,01,0.0,0.0,0.0,1.1494252873563218
2026-04-12,temel-gida,Burcu Acı Biber Salçası 1500 Gr,302.5,TRY,01,0.0,0.0,0.0,0.6655574043261231
2026-04-12,temel-gida,Burcu Acı Sos 100 Ml,61.0,TRY,01,0.0,0.0,0.0,
2026-04-12,temel-gida,Burcu Acı Tatlı Karışık Salça 1500 Gr,294.5,TRY,01,0.0,0.0,0.0,0.6837606837606838
2026-04-12,temel-gida,Burcu Ajvar Acı 310 Gr,79.0,TRY,01,0.0,0.0,0.0,0.6369426751592357
2026-04-12,temel-gida,Burcu Ajvar Tatlı 310 Gr,79.0,TRY,01,0.0,0.0,0.0,0.6369426751592357
2026-04-12,temel-gida,Burcu Bamya Konservesi 550 Gr,186.0,TRY,01,0.0,0.0,0.0,0.8130081300813009
2026-04-12,temel-gida,Burcu Barbekü Sos 330 Gr,62.0,TRY,01,0.0,0.0,0.0,0.8130081300813009
2026-04-12,temel-gida,Burcu Barbunya Pilaki Hazır Yemek 400 Gr,62.0,TRY,01,0.0,0.0,0.0,0.8130081300813009
2026-04-12,temel-gida,Burcu Bezelye Konservesi 4250 Gr,353.0,TRY,01,0.0,0.0,0.0,0.5698005698005698
2026-04-12,temel-gida,Burcu Bezelye Konservesi 570 Gr Cam Kavanoz,70.0,TRY,01,0.0,0.0,0.0,0.7194244604316548
2026-04-12,temel-gida,Burcu Bezelye Konservesi 830 Gr,83.0,TRY,01,0.0,0.0,0.0,0.6060606060606061
2026-04-12,temel-gida,Burcu Dilimli Mantar Cam Kavanoz 560 Gr,192.0,TRY,01,0.0,0.0,0.0,0.7874015748031495
2026-04-12,temel-gida,Burcu Domates Rendesi 700 Gr,67.0,TRY,01,0.0,0.0,0.0,0.7518796992481203
2026-04-12,temel-gida,Burcu Domates Salçası 1500 Gr,209.0,TRY,01,0.0,0.0,0.0,0.7228915662650602
2026-04-12,temel-gida,Burcu Domates Salçası 4300 Gr,495.0,TRY,01,0.0,,,-0.6024096385542169
2026-04-12,temel-gida,Burcu Domates Salçası 830 Gr,82.0,TRY,01,0.0,0.0,0.0,0.6134969325153374
2026-04-12,temel-gida,Burcu Enginar Konservesi 540 Gr Cam Kavanoz,238.0,TRY,01,0.0,0.0,0.0,0.847457627118644
2026-04-12,temel-gida,Burcu Fasulye Pilaki Hazır Yemek 400 Gr,62.0,TRY,01,0.0,0.0,0.0,0.8130081300813009
2026-04-12,temel-gida,Burcu Garnitür 4 Kg,366.5,TRY,01,0.0,3.824362606232295,3.824362606232295,4.415954415954416
2026-04-12,temel-gida,Burcu Garnitür Cam Kavanoz 570 Gr,70.0,TRY,01,0.0,0.0,0.0,0.7194244604316548
2026-04-12,temel-gida,Burcu Haşlanmış Barbunya 800 Gr,95.5,TRY,01,0.0,4.371584699453552,4.371584699453552,23.225806451612904
2026-04-12,temel-gida,Burcu Haşlanmış Fasülye 800 Gr,75.0,TRY,01,0.0,0.0,0.0,0.6711409395973155
2026-04-12,temel-gida,Burcu Haşlanmış Nohut 800 Gr,83.5,TRY,01,0.0,0.0,0.0,0.6024096385542169
2026-04-12,temel-gida,Burcu Ketçap Acılı 650 Gr,71.5,TRY,01,0.0,0.0,0.0,0.7042253521126761
2026-04-12,temel-gida,Burcu Ketçap Tatlı 650 Gr,71.5,TRY,01,0.0,0.0,0.0,0.7042253521126761
2026-04-12,temel-gida,Burcu Közlenmiş Biber 560 Gr,131.0,TRY,01,0.0,0.0,0.0,0.7692307692307693
2026-04-12,temel-gida,Burcu Közlenmiş Patlıcan Cam Kavanoz 540 Gr,74.0,TRY,01,0.0,0.0,0.0,0.6802721088435374
2026-04-12,temel-gida,Burcu Kurutulmuş Domates 550 Gr Cam Kavanoz,188.0,TRY,01,0.0,0.0,0.0,0.8042895442359249
2026-04-12,temel-gida,Burcu Mayonez 550 Gr,73.0,TRY,01,0.0,0.0,0.0,0.6896551724137931
2026-04-12,temel-gida,Burcu Meksika Fasülyesi 400 Gr,69.0,TRY,01,0.0,0.0,0.0,0.7299270072992701
2026-04-12,temel-gida,Burcu Mısır Konservesi 3 X 200 Gr,107.0,TRY,01,0.0,0.0,0.0,0.4694835680751174
2026-04-12,temel-gida,Burcu Paprika Sos 330 Gr,62.0,TRY,01,0.0,0.0,0.0,
2026-04-12,temel-gida,Burcu Ranch Sos 290 Gr,62.0,TRY,01,0.0,0.0,0.0,0.8130081300813009
2026-04-12,temel-gida,Burcu Sarımsaklı Mayonez 290 Gr,62.0,TRY,01,0.0,0.0,0.0,0.8130081300813009
2026-04-12,temel-gida,Burcu Tane Süt Mısır 2600 Gr,441.5,TRY,01,0.0,0.0,0.0,1.9630484988452657
2026-04-12,temel-gida,Burcu Tatlı Biber Salçası 1500 Gr,302.0,TRY,01,0.0,0.0,0.0,0.6666666666666667
2026-04-12,temel-gida,Burcu Taze Fasülye Hazır Yemek 550 Gr Cam Kavanoz,91.5,TRY,01,0.0,0.0,0.0,1.1049723756906076
2026-04-12,temel-gida,Burcu Zeytinyağlı Yaprak Sarma 200 gr,135.5,TRY,01,0.0,0.0,0.0,2.2641509433962264
2026-04-12,temel-gida,Calve Acı Set Ketçap 600 Gr + Mayonez 540 Gr,197.5,TRY,01,0.0,0.0,0.0,0.7653061224489796
2026-04-12,temel-gida,Calve Acı Sos 265 Gr,123.5,TRY,01,0.0,0.0,0.0,0.8163265306122449
2026-04-12,temel-gida,Calve Ballı Hardal Sos 260 Gr,167.0,TRY,01,0.0,0.0,0.0,0.6024096385542169
2026-04-12,temel-gida,Calve Barbekü Sos 290 Gr,121.5,TRY,01,0.0,0.0,0.0,
2026-04-12,temel-gida,Calve Chedar Sos 240 Gr,123.0,TRY,01,0.0,0.0,0.0,
2026-04-12,temel-gida,Calve Hardal Sos 250 Gr,152.5,TRY,01,0.0,0.0,0.0,0.6600660066006601
2026-04-12,temel-gida,Calve Ketçap Acılı 400 Gr,114.5,TRY,01,0.0,0.0,0.0,0.881057268722467
2026-04-12,temel-gida,Calve Ketçap Acılı 600 Gr,133.5,TRY,01,0.0,0.0,0.0,0.7547169811320755
2026-04-12,temel-gida,Calve Ketçap Tatlı 400 Gr,114.5,TRY,01,0.0,0.0,0.0,0.881057268722467
2026-04-12,temel-gida,Calve Ketçap Tatlı 600 Gr,133.5,TRY,01,0.0,0.0,0.0,0.7547169811320755
2026-04-12,temel-gida,Calve Köri Sos 260 Gr,123.0,TRY,01,0.0,0.0,0.0,0.40816326530612246
2026-04-12,temel-gida,Calve Mayonez 350 Gr,149.0,TRY,01,0.0,0.0,0.0,0.6756756756756757
2026-04-12,temel-gida,Calve Mayonez 540 Gr,182.5,TRY,01,0.0,0.0,0.0,0.8287292817679558
2026-04-12,temel-gida,Calve Ranch Sos 245 Gr,123.0,TRY,01,0.0,0.0,0.0,0.40816326530612246
2026-04-12,temel-gida,Calve Tatlı Set Ketçap 600 Gr Mayonez 540 Gr,197.5,TRY,01,0.0,0.0,0.0,0.7653061224489796
2026-04-12,temel-gida,Cemkar Esmer Küp Şeker 500 Gr,101.5,TRY,01,0.0,0.0,0.0,0.9950248756218906
2026-04-12,temel-gida,Cemkar Stick Tuz 800 Gr,57.0,TRY,01,0.0,0.0,0.0,0.8849557522123894
2026-04-12,temel-gida,Cin Mısır Açık 1 Kg,82.0,TRY,01,0.0,,,
2026-04-12,temel-gida,Cin Mısır Popcorn 25 Kg (Çuval),1620.0,TRY,01,0.0,,,
2026-04-12,temel-gida,Damla Aşurelik Buğday 1 Kg,70.5,TRY,01,0.0,0.0,0.0,0.7142857142857143
2026-04-12,temel-gida,Damla Barbunya 500 Gr,134.0,TRY,01,0.0,0.0,0.0,0.37453183520599254
2026-04-12,temel-gida,Damla Börülce 500 Gr,103.5,TRY,01,0.0,0.0,0.0,0.48543689320388345
2026-04-12,temel-gida,Damla Çiğ Köftelik Bulgur 1 Kg,78.5,TRY,01,0.0,0.0,0.0,-2.484472049689441
2026-04-12,temel-gida,Damla Dermason Fasulye 1 Kg,158.0,TRY,01,0.0,9.342560553633218,9.342560553633218,0.6369426751592357
2026-04-12,temel-gida,Damla Dermason Fasulye 2 Kg,321.0,TRY,01,0.0,0.0,0.0,0.6269592476489028
2026-04-12,temel-gida,Damla Dermason Fasulye 5 Kg,786.0,TRY,01,0.0,7.011572498298162,7.011572498298162,1.8794556059624108
2026-04-12,temel-gida,Damla Gönen Baldo Pirinç 1 Kg,187.0,TRY,01,0.0,0.0,0.0,-4.8346055979643765
2026-04-12,temel-gida,Damla Gönen Baldo Pirinç 2 Kg,401.5,TRY,01,0.0,7.209612817089453,7.209612817089453,0.6265664160401002
2026-04-12,temel-gida,Damla Gönen Baldo Pirinç 5 Kg,955.5,TRY,01,0.0,9.262435677530018,9.262435677530018,2.631578947368421
2026-04-12,temel-gida,Damla İspanyol Nohut 1 Kg,234.5,TRY,01,0.0,0.0,0.0,0.8602150537634409
2026-04-12,temel-gida,Damla Kırmızı Mercimek 1 Kg,122.0,TRY,01,0.0,0.0,0.0,-5.7915057915057915
2026-04-12,temel-gida,Damla Kırmızı Mercimek 2 Kg,258.0,TRY,01,0.0,0.0,0.0,0.78125
2026-04-12,temel-gida,Damla Kırmızı Mercimek 5 Kg,646.0,TRY,01,0.0,7.131011608623548,7.131011608623548,1.8124507486209613
2026-04-12,temel-gida,Damla Koçbaşı Nohut 1 Kg,176.5,TRY,01,0.0,1.729106628242075,1.729106628242075,0.5698005698005698
2026-04-12,temel-gida,Damla Koçbaşı Nohut 2 Kg,352.5,TRY,01,0.0,3.982300884955752,3.982300884955752,0.5706134094151213
2026-04-12,temel-gida,Damla Koçbaşı Nohut 9 Mm 5 Kg,825.0,TRY,01,0.0,0.0,0.0,2.0408163265306123
2026-04-12,temel-gida,Damla Köftelik Bulgur 1 Kg,80.5,TRY,01,0.0,0.0,0.0,-3.0120481927710845
2026-04-12,temel-gida,Damla Köftelik Bulgur 2 Kg,181.5,TRY,01,0.0,0.0,0.0,0.554016620498615
2026-04-12,temel-gida,Damla Maş Fasulyesi 500 Gr,81.0,TRY,01,0.0,0.0,0.0,0.6211180124223602
2026-04-12,temel-gida,Damla Mısır (Popcorn) 1 Kg,68.5,TRY,01,0.0,-9.271523178807946,-9.271523178807946,-8.666666666666668
2026-04-12,temel-gida,Damla Osmancık Pirinç 1 Kg,160.0,TRY,01,0.0,0.0,0.0,-6.432748538011696
2026-04-12,temel-gida,Damla Osmancık Pirinç 2 Kg,348.0,TRY,01,0.0,37.278106508875744,37.278106508875744,38.095238095238095
2026-04-12,temel-gida,Damla Osmancık Pirinç 5 Kg,818.5,TRY,01,0.0,3.41124447252053,3.41124447252053,1.9302615193026154
2026-04-12,temel-gida,Damla Pilavlık Bulgur 1 Kg,80.5,TRY,01,0.0,0.0,0.0,-3.0120481927710845
2026-04-12,temel-gida,Damla Pilavlık Bulgur 2 Kg,168.0,TRY,01,0.0,0.0,0.0,0.2985074626865672
2026-04-12,temel-gida,Damla Pilavlık Bulgur 5 Kg,443.0,TRY,01,0.0,9.653465346534654,9.653465346534654,1.6055045871559634
2026-04-12,temel-gida,Damla Sarı Mercimek 1 Kg,205.5,TRY,01,0.0,0.0,0.0,0.7352941176470588
2026-04-12,temel-gida,Damla Trakya Baldo Pirinç 2 Kg,382.0,TRY,01,0.0,15.582450832072617,15.582450832072617,17.719568567026194
2026-04-12,temel-gida,Damla Trakya Baldo Pirinç 5 Kg,896.5,TRY,01,0.0,8.142340168878166,8.142340168878166,1.9908987485779295
2026-04-12,temel-gida,Damla Trakya Pirinç 1 Kg,187.5,TRY,01,0.0,16.09907120743034,16.09907120743034,0.8064516129032258
2026-04-12,temel-gida,Damla Yeşil Mercimek 1 Kg,163.0,TRY,01,0.0,0.0,0.0,0.6172839506172839
2026-04-12,temel-gida,Damla Yeşil Mercimek 2 Kg,330.5,TRY,01,0.0,0.0,0.0,0.60882800608828
2026-04-12,temel-gida,Damla Yeşil Mercimek 5 Kg,797.0,TRY,01,0.0,0.0,0.0,1.9181585677749362
2026-04-12,temel-gida,Dardanel Ekonomik Ton Balığı 4×75 Gr,233.0,TRY,01,0.0,-14.963503649635038,-14.963503649635038,-12.406015037593985
2026-04-12,temel-gida,Doğalsan Organik Tam Buğday Unu 1 Kg,147.5,TRY,01,0.0,0.0,0.0,0.6825938566552902
2026-04-12,temel-gida,Doğalsan Yulaf Kepeği 400 Gr,85.0,TRY,01,0.0,0.0,0.0,0.591715976331361
2026-04-12,temel-gida,Doğalsan Yulaf Unu 1 Kg,138.5,TRY,01,0.0,0.0,0.0,0.7272727272727273
2026-04-12,temel-gida,Dola Glutensiz Fıstık Ezmesi Şekersiz 320 Gr,266.0,TRY,01,0.0,0.0,0.0,0.7575757575757576
2026-04-12,temel-gida,Dola Glutensiz Fıstık Parçacıklı 350 Gr,266.0,TRY,01,0.0,0.0,0.0,0.7575757575757576
2026-04-12,temel-gida,Dola Glutensiz Karabuğday Unu 750 Gr,246.0,TRY,01,0.0,0.0,0.0,
2026-04-12,temel-gida,Dola Glutensiz Mısır İrmiği 400 Gr,116.5,TRY,01,0.0,0.0,0.0,0.8658008658008658
2026-04-12,temel-gida,Dola Glutensiz Natural Beyaz Kinoa 400 Gr,260.5,TRY,01,0.0,0.0,0.0,0.7736943907156674
2026-04-12,temel-gida,Dola Glutensiz Natural Chia Tohumu 400 Gr,270.5,TRY,01,0.0,0.0,0.0,0.5576208178438662
2026-04-12,temel-gida,Dola Glutensiz Natural Keten Tohumu 400 Gr,146.5,TRY,01,0.0,0.0,0.0,0.6872852233676976
2026-04-12,temel-gida,Dolco Yumurtalı Erişte Noodle 354 Gr,106.5,TRY,01,0.0,0.0,0.0,0.4716981132075472
2026-04-12,temel-gida,Dr.Oetker 15 Li Şekerli Vanilin,45.5,TRY,01,0.0,16.666666666666664,16.666666666666664,18.181818181818183
2026-04-12,temel-gida,Dr.Oetker 150 Gr Bugday Nısasta,53.5,TRY,01,0.0,0.0,0.0,0.0
2026-04-12,temel-gida,Dr.Oetker 315Gr Trılece (Karamel),143.5,TRY,01,0.0,0.0,0.0,0.7017543859649122
2026-04-12,temel-gida,Dr.Oetker 70 Gr Sut.Bıt.Byz.Parcaları,198.5,TRY,01,0.0,0.0,0.0,0.7614213197969544
2026-04-12,temel-gida,Dr.Oetker Bardakta Puding Çikolata Parçalı Vanilyalı 34 Gr,37.0,TRY,01,0.0,0.0,0.0,1.36986301369863
2026-04-12,temel-gida,Dr.Oetker Bitter Çikolata Sosu 125 Gr,82.0,TRY,01,0.0,0.0,0.0,
2026-04-12,temel-gida,Dr.Oetker Bitter Çikolatalı Puding 111 Gr,60.5,TRY,01,0.0,0.0,0.0,0.0
2026-04-12,temel-gida,Dr.Oetker Çikolata Parçacıklı Puding 115 Gr,60.5,TRY,01,0.0,0.0,0.0,0.0
2026-04-12,temel-gida,Dr.Oetker Çikolatalı Antep Fıstıklı Puding 100 Gr,60.5,TRY,01,0.0,0.0,0.0,0.0
2026-04-12,temel-gida,Dr.Oetker Çikolatalı Bademli Puding 104 Gr,60.5,TRY,01,0.0,0.0,0.0,0.0
2026-04-12,temel-gida,Dr.Oetker Çikolatalı Fındıklı Puding 102 Gr,60.5,TRY,01,0.0,0.0,0.0,0.0
2026-04-12,temel-gida,Dr.Oetker Çikolatalı Sos 123 Gr,82.0,TRY,01,0.0,0.0,0.0,0.6134969325153374
2026-04-12,temel-gida,Dr.Oetker Çilek Aromalı Bitkisel Jel 100 Gr,58.0,TRY,01,0.0,0.0,0.0,0.8695652173913043
2026-04-12,temel-gida,Dr.Oetker Çilekli Puding 120 Gr,49.5,TRY,01,0.0,0.0,0.0,
2026-04-12,temel-gida,Dr.Oetker Creme Ole Çikolata 114 gr,74.0,TRY,01,0.0,0.0,0.0,0.6802721088435374
2026-04-12,temel-gida,Dr.Oetker Dekor Süsü Gümüş 10 Gr,41.0,TRY,01,0.0,0.0,0.0,0.0
2026-04-12,temel-gida,Dr.Oetker Dekor Süsü Kakaolu 10 Gr,41.0,TRY,01,0.0,0.0,0.0,0.0
2026-04-12,temel-gida,Dr.Oetker Dekor Süsü Konfeti 10 Gr,41.0,TRY,01,0.0,0.0,0.0,0.0
2026-04-12,temel-gida,Dr.Oetker Dekor Süsü Şekerli 10 Gr,41.0,TRY,01,0.0,0.0,0.0,0.0
2026-04-12,temel-gida,Dr.Oetker Ekonomik Krem Şanti 288 Gr,193.5,TRY,01,0.0,26.47058823529412,26.47058823529412,27.302631578947366
2026-04-12,temel-gida,Dr.Oetker Glutensiz Çikolata Sosu 128 Gr,100.0,TRY,01,0.0,0.0,0.0,1.0101010101010102
2026-04-12,temel-gida,Dr.Oetker Glutensiz Kakao 70 Gr,147.5,TRY,01,0.0,0.0,0.0,0.6825938566552902
2026-04-12,temel-gida,Dr.Oetker Glutensiz Kakaolu Puding 147 Gr,79.0,TRY,01,0.0,0.0,0.0,0.6369426751592357
2026-04-12,temel-gida,Dr.Oetker Glutensiz Krem Şanti 72 Gr,67.0,TRY,01,0.0,0.0,0.0,0.7518796992481203
2026-04-12,temel-gida,Dr.Oetker Glutensiz Pirinç Unu 175 Gr,74.5,TRY,01,0.0,0.0,0.0,0.6756756756756757
2026-04-12,temel-gida,Dr.Oetker Hamur Kabartma Tozu 10 Lu 100 Gr,42.5,TRY,01,0.0,0.0,0.0,0.0
2026-04-12,temel-gida,Dr.Oetker Hamur Kabartma Tozu 15 Li 150 Gr,60.0,TRY,01,0.0,18.81188118811881,18.81188118811881,29.03225806451613
2026-04-12,temel-gida,Dr.Oetker Hamur Kabartma Tozu 5 Li 50 Gr,22.5,TRY,01,0.0,0.0,0.0,2.272727272727273
2026-04-12,temel-gida,Dr.Oetker İrmik Helvası 360 Gr,111.0,TRY,01,0.0,8.823529411764707,8.823529411764707,0.4524886877828055
2026-04-12,temel-gida,Dr.Oetker Kakao 100 Gr,171.0,TRY,01,0.0,15.54054054054054,15.54054054054054,16.3265306122449
2026-04-12,temel-gida,Dr.Oetker Kakao 50 Gr,88.5,TRY,01,0.0,0.0,0.0,0.5681818181818182
2026-04-12,temel-gida,Dr.Oetker Kakaolu Kek Karışımı 350 Gr,121.5,TRY,01,0.0,0.0,0.0,0.4132231404958678
2026-04-12,temel-gida,Dr.Oetker Kakaolu Puding 147 Gr,59.5,TRY,01,0.0,0.0,0.0,0.0
2026-04-12,temel-gida,Dr.Oetker Karbonat 5 Li 25 Gr,13.5,TRY,01,0.0,0.0,0.0,0.0
2026-04-12,temel-gida,Dr.Oetker Keşkül 140 Gr,42.5,TRY,01,0.0,0.0,0.0,0.0
2026-04-12,temel-gida,Dr.Oetker Krem Şanti 72 Gr,59.5,TRY,01,0.0,0.0,0.0,0.847457627118644
2026-04-12,temel-gida,Dr.Oetker Krem Şanti Çikolatalı 77 g,59.5,TRY,01,0.0,0.0,0.0,0.847457627118644
2026-04-12,temel-gida,Dr.Oetker Limonlu Kek Karışımı 440 Gr,133.5,TRY,01,0.0,0.0,0.0,0.7547169811320755
2026-04-12,temel-gida,Dr.Oetker Meyveli Sos 80 Gr,44.5,TRY,01,0.0,0.0,0.0,1.1363636363636365
2026-04-12,temel-gida,Dr.Oetker Mısır Nişastası 150 Gr,38.5,TRY,01,0.0,0.0,0.0,0.0
2026-04-12,temel-gida,Dr.Oetker Muhallebi 210 Gr,54.0,TRY,01,0.0,0.0,0.0,0.9345794392523363
2026-04-12,temel-gida,Dr.Oetker Muzlu Puding 120 Gr,49.5,TRY,01,0.0,0.0,0.0,0.0
2026-04-12,temel-gida,Dr.Oetker Orman Meyveli Krem Şanti 72 Gr,59.5,TRY,01,0.0,0.0,0.0,0.847457627118644
2026-04-12,temel-gida,Dr.Oetker Pastacı Kreması 55 Gr,29.5,TRY,01,0.0,0.0,0.0,0.0
2026-04-12,temel-gida,Dr.Oetker Pirinç Unu 5 Li 175 Gr,64.5,TRY,01,0.0,0.0,0.0,0.78125
2026-04-12,temel-gida,Dr.Oetker Profiterol 305 Gr,188.0,TRY,01,0.0,0.0,0.0,0.53475935828877
2026-04-12,temel-gida,Dr.Oetker Pudra Şekeri 250 Gr,74.0,TRY,01,0.0,0.0,0.0,0.6802721088435374
2026-04-12,temel-gida,Dr.Oetker Revani 500 Gr,108.0,TRY,01,0.0,0.0,0.0,0.9345794392523363
2026-04-12,temel-gida,Dr.Oetker Sade Kek Karışımı 450 Gr,85.5,TRY,01,0.0,0.0,0.0,0.5882352941176471
2026-04-12,temel-gida,Dr.Oetker Sade Krem Şanti 144 Gr,102.0,TRY,01,0.0,0.0,0.0,0.9900990099009901
2026-04-12,temel-gida,Dr.Oetker Şekerli Vanilin 10 Lu 50 Gr,38.5,TRY,01,0.0,0.0,0.0,0.0
2026-04-12,temel-gida,Dr.Oetker Supangle 135 Gr,61.0,TRY,01,0.0,0.0,0.0,0.8264462809917356
2026-04-12,temel-gida,Dr.Oetker Sütlaç 141 Gr,58.0,TRY,01,0.0,0.0,0.0,0.8695652173913043
2026-04-12,temel-gida,Dr.Oetker Tavuk Göğsü 121 Gr,42.5,TRY,01,0.0,10.38961038961039,10.38961038961039,10.38961038961039
2026-04-12,temel-gida,Dr.Oetker Trileçe 315 Gr,141.0,TRY,01,0.0,0.0,0.0,0.7142857142857143
2026-04-12,temel-gida,Dr.Oetker Vanilin 5 Li 25 Gr,18.0,TRY,01,0.0,0.0,0.0,0.0
2026-04-12,temel-gida,Dr.Oetker Vanilya Aromalı Creme Ole 110 Gr,74.0,TRY,01,0.0,0.0,0.0,0.6802721088435374
2026-04-12,temel-gida,Dr.Oetker Vanilyalı Pasta Kreması 130 Gr,97.0,TRY,01,0.0,0.0,0.0,0.5181347150259068
2026-04-12,temel-gida,Dr.Oetker Vanilyalı Puding 120 Gr,49.5,TRY,01,0.0,0.0,0.0,0.0
2026-04-12,temel-gida,Duru Başbaşı Bulgur 1 Kg,93.5,TRY,01,0.0,0.0,0.0,0.5376344086021506
2026-04-12,temel-gida,Duru Çiğköftelik Bulgur 1 Kg,93.5,TRY,01,0.0,0.0,0.0,0.5376344086021506
2026-04-12,temel-gida,Duru Çiğköftelik Esmer Bulgur 1 Kg,84.5,TRY,01,0.0,-9.62566844919786,-9.62566844919786,-9.13978494623656
2026-04-12,temel-gida,Duru İri Bulgur 1 Kg,93.5,TRY,01,0.0,0.0,0.0,0.5376344086021506
2026-04-12,temel-gida,Duru Pilavlık Bulgur 1 Kg,88.5,TRY,01,0.0,0.0,0.0,0.5681818181818182
2026-04-12,temel-gida,Duru Pilavlık Bulgur 5 Kg,454.0,TRY,01,0.0,0.0,0.0,0.5537098560354374
2026-04-12,temel-gida,Esmer Köftelik Bulgur 1 Kg,55.0,TRY,01,0.0,,,
2026-04-12,temel-gida,Eti Pronot Glutensiz Mini Kek Kakaolu 144 Gr,118.0,TRY,01,0.0,0.0,0.0,0.8547008547008548
2026-04-12,temel-gida,Ezgi Beypazarı Çorbalık Erişte 500 Gr,164.0,TRY,01,0.0,0.0,0.0,0.6134969325153374
2026-04-12,temel-gida,Ezgi Beypazarı Erişte 500 Gr,164.0,TRY,01,0.0,0.0,0.0,0.6134969325153374
2026-04-12,temel-gida,Ezgi Beypazarı Tarhanası 500 Gr,164.5,TRY,01,0.0,0.0,0.0,0.6116207951070336
2026-04-12,temel-gida,Hatap Un Tip 1 2 Kg,166.0,TRY,01,0.0,8.852459016393443,8.852459016393443,9.570957095709572
2026-04-12,temel-gida,Heinz Acılı Mayonez 405 Gr,266.5,TRY,01,0.0,0.0,0.0,0.7561436672967864
2026-04-12,temel-gida,Heinz American Burger Sos 235 Gr,164.5,TRY,01,0.0,0.0,0.0,0.6116207951070336
2026-04-12,temel-gida,Heinz Barbekü Sos 465 Gr,218.5,TRY,01,0.0,0.0,0.0,0.6912442396313364
2026-04-12,temel-gida,Heinz Hardal 240 Gr,192.5,TRY,01,0.0,0.0,0.0,0.5221932114882507
2026-04-12,temel-gida,Heinz Ketçap 1 Kg,170.0,TRY,01,0.0,0.0,0.0,0.591715976331361
2026-04-12,temel-gida,Heinz Kombo Paket Ketçap 570 Gr + Mayonez 400 Gr,299.0,TRY,01,0.0,0.0,0.0,0.6734006734006733
2026-04-12,temel-gida,Heinz Light Mayonez 420 Gr,181.0,TRY,01,0.0,0.0,0.0,0.8356545961002786
2026-04-12,temel-gida,Heinz Sarımsaklı Mayonez 400 Gr,266.0,TRY,01,0.0,0.0,0.0,0.7575757575757576
2026-04-12,temel-gida,Huxol Tablet Tatlandırıcı 650 Tablet,149.0,TRY,01,0.0,0.0,0.0,0.6756756756756757
2026-04-12,temel-gida,İçim Krema 200 Gr,90.0,TRY,01,0.0,0.0,0.0,0.5586592178770949
2026-04-12,temel-gida,Itır Baharat Acı Biber 100 Gr,71.0,TRY,01,0.0,32.71028037383177,32.71028037383177,33.9622641509434
2026-04-12,temel-gida,Itır Baharat Beyaz Haşhaş 100 Gr,71.5,TRY,01,0.0,17.21311475409836,17.21311475409836,18.181818181818183
2026-04-12,temel-gida,Itır Baharat Cajun Baharat Harcı 100 Gr,50.0,TRY,01,0.0,6.382978723404255,6.382978723404255,6.382978723404255
2026-04-12,temel-gida,Itır Baharat Çam Fıstığı 50 Gr,369.5,TRY,01,0.0,29.876977152899826,29.876977152899826,30.796460176991154
2026-04-12,temel-gida,Itır Baharat Çiğ Köfte Harcı 385 Gr,59.5,TRY,01,0.0,-2.459016393442623,-2.459016393442623,
2026-04-12,temel-gida,Itır Baharat Çiğ Köfte Seti Etsiz 500 Gr,78.5,TRY,01,0.0,0.0,0.0,0.641025641025641
2026-04-12,temel-gida,Itır Baharat Çörek Otu 100 Gr,72.0,TRY,01,0.0,35.84905660377358,35.84905660377358,35.84905660377358
2026-04-12,temel-gida,Itır Baharat Çörekotu 1 Kg,493.0,TRY,01,0.0,0.0,0.0,0.7150153217568949
2026-04-12,temel-gida,Itır Baharat Defne Yaprağı 50 Gr,49.5,TRY,01,0.0,106.25,106.25,110.63829787234043
2026-04-12,temel-gida,Itır Baharat Galeta Unu 1 Kg,86.0,TRY,01,0.0,0.0,0.0,0.5847953216374269
2026-04-12,temel-gida,Itır Baharat Hindistan Cevizi 75 Gr,57.5,TRY,01,0.0,0.0,0.0,0.8771929824561403
2026-04-12,temel-gida,Itır Baharat İsot 1 Kg,369.5,TRY,01,0.0,,,
2026-04-12,temel-gida,Itır Baharat İsot 100 Gr,71.0,TRY,01,0.0,32.71028037383177,32.71028037383177,33.9622641509434
2026-04-12,temel-gida,Itır Baharat İsot 500 Gr,182.5,TRY,01,0.0,0.0,0.0,0.8287292817679558
2026-04-12,temel-gida,Itır Baharat Izgara Harcı 90 Gr,56.5,TRY,01,0.0,26.96629213483146,26.96629213483146,28.40909090909091
2026-04-12,temel-gida,Itır Baharat Kabuk Tarçın 100 Gr,102.0,TRY,01,0.0,10.27027027027027,10.27027027027027,10.869565217391305
2026-04-12,temel-gida,Itır Baharat Karabiber 1 Kg,1011.5,TRY,01,0.0,0.0,0.0,0.6968641114982579
2026-04-12,temel-gida,Itır Baharat Karabiber 100 Gr,145.5,TRY,01,0.0,14.117647058823529,14.117647058823529,14.566929133858267
2026-04-12,temel-gida,Itır Baharat Karabiber 500 Gr,519.0,TRY,01,0.0,0.0,0.0,0.6789524733268671
2026-04-12,temel-gida,Itır Baharat Karanfil 50 Gr,103.5,TRY,01,0.0,16.292134831460675,16.292134831460675,16.94915254237288
2026-04-12,temel-gida,Itır Baharat Karbonat 1 Kg,100.5,TRY,01,0.0,0.0,0.0,
2026-04-12,temel-gida,Itır Baharat Karbonat 200 Gr,35.0,TRY,01,0.0,18.64406779661017,18.64406779661017,18.64406779661017
2026-04-12,temel-gida,Itır Baharat Kekik 150 Gr,218.0,TRY,01,0.0,237.98449612403098,237.98449612403098,240.625
2026-04-12,temel-gida,Itır Baharat Kekik 50 Gr,64.0,TRY,01,0.0,72.97297297297297,72.97297297297297,75.34246575342466
2026-04-12,temel-gida,Itır Baharat Keten Tohumu 100 Gr,34.0,TRY,01,0.0,30.76923076923077,30.76923076923077,30.76923076923077
2026-04-12,temel-gida,Itır Baharat Kimyon 100 Gr,82.0,TRY,01,0.0,0.0,0.0,0.6134969325153374
2026-04-12,temel-gida,Itır Baharat Kimyon 500 Gr,167.0,TRY,01,0.0,0.0,0.0,0.6024096385542169
2026-04-12,temel-gida,Itır Baharat Kişniş 100 Gr,38.0,TRY,01,0.0,58.333333333333336,58.333333333333336,58.333333333333336
2026-04-12,temel-gida,Itır Baharat Köfte Baharı 100 Gr,74.0,TRY,01,0.0,24.369747899159663,24.369747899159663,25.423728813559322
2026-04-12,temel-gida,Itır Baharat Köfte Harcı 100 Gr,39.0,TRY,01,0.0,25.806451612903224,25.806451612903224,27.86885245901639
2026-04-12,temel-gida,Itır Baharat Köri 100 Gr,46.0,TRY,01,0.0,41.53846153846154,41.53846153846154,41.53846153846154
2026-04-12,temel-gida,Itır Baharat Limon Tuzu 1 Kg,296.0,TRY,01,0.0,16.30648330058939,16.30648330058939,17.227722772277225
2026-04-12,temel-gida,Itır Baharat Limon Tuzu 100 Gr,51.0,TRY,01,0.0,22.89156626506024,22.89156626506024,22.89156626506024
2026-04-12,temel-gida,Itır Baharat Mavi Haşhaş 100 Gr,71.5,TRY,01,0.0,17.21311475409836,17.21311475409836,18.181818181818183
2026-04-12,temel-gida,Itır Baharat Nane 200 Gr,125.5,TRY,01,0.0,21.256038647342994,21.256038647342994,22.439024390243905
2026-04-12,temel-gida,Itır Baharat Nane 50 Gr,35.0,TRY,01,0.0,29.629629629629626,29.629629629629626,32.075471698113205
2026-04-12,temel-gida,Itır Baharat Pasta Süsü 100 Gr,28.5,TRY,01,0.0,16.3265306122449,16.3265306122449,16.3265306122449
2026-04-12,temel-gida,Itır Baharat Pul Biber 1 Kg,369.0,TRY,01,0.0,0.0,0.0,0.6821282401091405
2026-04-12,temel-gida,Itır Baharat Pul Biber 100 Gr,71.0,TRY,01,0.0,32.71028037383177,32.71028037383177,33.9622641509434
2026-04-12,temel-gida,Itır Baharat Pul Biber 500 Gr,182.5,TRY,01,0.0,0.0,0.0,0.8287292817679558
2026-04-12,temel-gida,Itır Baharat Sumak 1 Kg,619.0,TRY,01,0.0,,,6.724137931034482
2026-04-12,temel-gida,Itır Baharat Sumak 100 Gr,101.5,TRY,01,0.0,59.84251968503938,59.84251968503938,59.84251968503938
2026-04-12,temel-gida,Itır Baharat Susam 100 Gr,48.0,TRY,01,0.0,12.941176470588237,12.941176470588237,12.941176470588237
2026-04-12,temel-gida,Itır Baharat Tane Karabiber 100 Gr,142.5,TRY,01,0.0,11.76470588235294,11.76470588235294,12.204724409448819
2026-04-12,temel-gida,Itır Baharat Tarçın 100 Gr,57.0,TRY,01,0.0,7.547169811320755,7.547169811320755,7.547169811320755
2026-04-12,temel-gida,Itır Baharat Tatlı Biber 100 Gr,71.0,TRY,01,0.0,32.71028037383177,32.71028037383177,33.9622641509434
2026-04-12,temel-gida,Itır Baharat Tatlı Biber 500 Gr,182.5,TRY,01,0.0,0.0,0.0,0.8287292817679558
2026-04-12,temel-gida,Itır Baharat Tatlı Toz Biber 1 Kg,396.0,TRY,01,0.0,,,
2026-04-12,temel-gida,Itır Baharat Tavuk Harcı 90 Gr,46.5,TRY,01,0.0,36.76470588235294,36.76470588235294,36.76470588235294
2026-04-12,temel-gida,Itır Baharat Yenibahar 100 Gr,147.0,TRY,01,0.0,9.701492537313433,9.701492537313433,10.526315789473683
2026-04-12,temel-gida,Itır Baharat Zencefil 100 Gr,72.0,TRY,01,0.0,39.80582524271845,39.80582524271845,39.80582524271845
2026-04-12,temel-gida,Itır Baharat Zerdeçal 1 Kg,344.0,TRY,01,0.0,0.0,0.0,
2026-04-12,temel-gida,Kanaat Acı Pul Biber 250 Gr,112.0,TRY,01,0.0,0.0,0.0,0.9009009009009009
2026-04-12,temel-gida,Kanaat Acı Pul Biber 500 Gr,208.5,TRY,01,0.0,0.0,0.0,0.7246376811594203
2026-04-12,temel-gida,Katmer Buğday Un 1 Kg,62.5,TRY,01,0.0,6.837606837606838,6.837606837606838,7.758620689655173
2026-04-12,temel-gida,Katmer Buğday Unu 2 Kg,134.0,TRY,01,0.0,6.349206349206349,6.349206349206349,7.199999999999999
2026-04-12,temel-gida,Katmer İrmik 500 Gr,53.0,TRY,01,0.0,4.9504950495049505,4.9504950495049505,6.0
2026-04-12,temel-gida,Katmer Tam Buğday Unu 1 Kg,68.5,TRY,01,0.0,7.874015748031496,7.874015748031496,7.874015748031496
2026-04-12,temel-gida,Kemal Kükrer Elma Sirkesi 500 Ml,151.0,TRY,01,0.0,0.0,0.0,0.6666666666666667
2026-04-12,temel-gida,Kemal Kükrer Elma Sirkesi Cam 500 Ml,165.5,TRY,01,0.0,0.0,0.0,0.60790273556231
2026-04-12,temel-gida,Kemal Kükrer Nar Ekşili Sos 250 Ml,271.0,TRY,01,0.0,0.0,0.0,-10.413223140495868
2026-04-12,temel-gida,Kemal Kükrer Parçacıklı Acı Sos 250 Ml,162.5,TRY,01,0.0,0.0,0.0,0.6191950464396285
2026-04-12,temel-gida,Kemal Kükrer Sarımsak Sosu 250 Ml,255.5,TRY,01,0.0,0.0,0.0,0.5905511811023622
2026-04-12,temel-gida,Kemal Kükrer Soya Sosu 375 Ml,220.5,TRY,01,0.0,0.0,0.0,0.684931506849315
2026-04-12,temel-gida,Kemal Kükrer Soya Sosu Cam Şişe 250 Ml,205.0,TRY,01,0.0,0.0,0.0,0.49019607843137253
2026-04-12,temel-gida,Kent Boringer Prf. Ezogelin Çorbası 3 Kg,752.5,TRY,01,0.0,8.821402747650037,8.821402747650037,
2026-04-12,temel-gida,Kilikya Şalgam Suyu Tatlı (Glutensiz – Şekersiz) 1 Lt,61.5,TRY,01,0.0,0.0,0.0,0.819672131147541
2026-04-12,temel-gida,Knorr Beşamel Sos 70 Gr,80.5,TRY,01,0.0,0.0,0.0,0.625
2026-04-12,temel-gida,Knorr Bolonez Makarna Sosu 45 Gr,80.5,TRY,01,0.0,0.0,0.0,0.625
2026-04-12,temel-gida,Knorr Çabuk Çorba Kremalı Mantarlı 19 Gr,24.0,TRY,01,0.0,0.0,0.0,2.127659574468085
2026-04-12,temel-gida,Knorr Çıtır Pane Harcı 90 Gr,75.0,TRY,01,0.0,0.0,0.0,-14.285714285714285
2026-04-12,temel-gida,Knorr Ezogelin Çorbası 65 Gr,45.5,TRY,01,0.0,0.0,0.0,
2026-04-12,temel-gida,Knorr Fırında Tavuk Çeşnisi Fesleğenli Kekikli 29 Gr,60.0,TRY,01,0.0,0.0,0.0,-30.63583815028902
2026-04-12,temel-gida,Knorr Fırında Tavuk Çeşnisi Mangal Lezzeti 32 Gr,67.5,TRY,01,0.0,0.0,0.0,-22.413793103448278
2026-04-12,temel-gida,Knorr Hazır Çorba Kıtırlı Domates 22 Gr,24.0,TRY,01,0.0,0.0,0.0,2.127659574468085
2026-04-12,temel-gida,Knorr İşkembe Çorbası 63 Gr,45.5,TRY,01,0.0,0.0,0.0,0.0
2026-04-12,temel-gida,Knorr Köfte Harcı 82 Gr,87.5,TRY,01,0.0,0.0,0.0,0.5747126436781609
2026-04-12,temel-gida,Knorr Kremalı Domates Çorbası 69 Gr,44.5,TRY,01,0.0,0.0,0.0,1.1363636363636365
2026-04-12,temel-gida,Knorr Kremalı Mantar Çorbası 62 Gr,45.5,TRY,01,0.0,0.0,0.0,0.0
2026-04-12,temel-gida,Knorr Kremalı Tavuk Çorbası 65 Gr,45.5,TRY,01,0.0,0.0,0.0,
2026-04-12,temel-gida,Knorr Mercimek Çorbası 76 Gr,45.5,TRY,01,0.0,0.0,0.0,0.0
2026-04-12,temel-gida,Knorr Pane Harcı 90 Gr,60.0,TRY,01,0.0,0.0,0.0,-30.63583815028902
2026-04-12,temel-gida,Knorr Pesto Makarna Sosu 50 Gr,87.5,TRY,01,0.0,0.0,0.0,0.5747126436781609
2026-04-12,temel-gida,Knorr Şehriyeli Tavuk Çorbası 51 Gr,44.5,TRY,01,0.0,0.0,0.0,1.1363636363636365
2026-04-12,temel-gida,Knorr Tarhana Çorbası 74 Gr,44.5,TRY,01,0.0,0.0,0.0,
2026-04-12,temel-gida,Knorr Yayla Çorbası 74 Gr,44.5,TRY,01,0.0,0.0,0.0,1.1363636363636365
2026-04-12,temel-gida,Komili Naturel Sızma Zeytinyağı Yumuşak Lezzet 1 Lt,525.5,TRY,01,0.0,0.0,0.0,0.7670182166826461
2026-04-12,temel-gida,Komili Natürel Sızma Zeytinyağı Yumuşak Lezzet 2 Lt,986.0,TRY,01,0.0,0.0,0.0,0.7150153217568949
2026-04-12,temel-gida,Komili Riviera Zeytinyağı 2 Lt,904.5,TRY,01,0.0,0.0,0.0,0.7238307349665924
2026-04-12,temel-gida,Komili Sızma Zeytinyağı 2 Lt Pet,1107.5,TRY,01,0.0,0.0,0.0,0.6818181818181818
2026-04-12,temel-gida,Komili Sızma Zeytinyağı 500 Ml Pet,311.5,TRY,01,0.0,0.0,0.0,0.6462035541195477
2026-04-12,temel-gida,Komili Yemeklik Riviera Zeytinyağı 5 lt x 1 Adet,1930.0,TRY,01,0.0,6.9252077562326875,6.9252077562326875,3.485254691689008
2026-04-12,temel-gida,Komili Yemeklik Riviera Zeytinyağı 5 lt x 4 Adet,6680.0,TRY,01,0.0,7.137129109863673,7.137129109863673,4.049844236760125
2026-04-12,temel-gida,Kristal Dolgun Güçlü Sızma Zeytinyağı Cam 1 Lt,598.0,TRY,01,0.0,0.0,0.0,0.6734006734006733
2026-04-12,temel-gida,Kristal Naturel Sızma Yumuşak Doğal Zeytinyağı Cam 500 Ml,338.5,TRY,01,0.0,0.0,0.0,0.744047619047619
2026-04-12,temel-gida,Kühne %100 Nar Ekşisi 250 Ml,352.0,TRY,01,0.0,0.0,0.0,0.7153075822603719
2026-04-12,temel-gida,Kühne Acı Hardal 265 Gr,131.0,TRY,01,0.0,0.0,0.0,0.7692307692307693
2026-04-12,temel-gida,Kühne Biberiye Turşusu 325 Gr,149.0,TRY,01,0.0,0.0,0.0,0.6756756756756757
2026-04-12,temel-gida,Kühne Cüccü Kornişon Turşusu 340 Gr,208.0,TRY,01,0.0,0.0,0.0,0.7263922518159807
2026-04-12,temel-gida,Kühne Elma Sirkesi Cam 500 Ml,78.5,TRY,01,0.0,0.0,0.0,0.641025641025641
2026-04-12,temel-gida,Kühne Gewürzgurken Salatalık Turşusu 670 Gr,219.0,TRY,01,0.0,0.0,0.0,0.6896551724137931
2026-04-12,temel-gida,Kühne Jalapeno Biber Turşusu 650 Gr,177.0,TRY,01,0.0,0.0,0.0,0.5681818181818182
2026-04-12,temel-gida,Kühne Kırmızı Acı Biber Sosu 100 Ml,163.0,TRY,01,0.0,0.0,0.0,0.6172839506172839
2026-04-12,temel-gida,Kühne Közlenmiş Biber 2500 Gr,713.5,TRY,01,0.0,0.0,0.0,0.7057163020465773
2026-04-12,temel-gida,Kühne Közlenmiş Patlıcan 640 Gr,220.0,TRY,01,0.0,,,
2026-04-12,temel-gida,Kühne Salatalık Turşusu 670 Gr,214.5,TRY,01,0.0,0.0,0.0,
2026-04-12,temel-gida,Kühne Sezar Salata Sosu 250 Ml,244.5,TRY,01,0.0,0.0,0.0,0.6172839506172839
2026-04-12,temel-gida,Kühne Soya Sosu 250 Ml,198.5,TRY,01,0.0,0.0,0.0,0.7614213197969544
2026-04-12,temel-gida,Kühne Tuz Az Salatalık Turşusu 670 Gr,246.0,TRY,01,0.0,0.0,0.0,0.6134969325153374
2026-04-12,temel-gida,Marmarabirlik Sızma Zeytinyağı Cam 1 Lt,518.0,TRY,01,0.0,0.0,0.0,0.6802721088435374
2026-04-12,temel-gida,Marmarabirlik Sızma Zeytinyağı Pet 1 Lt,482.0,TRY,01,0.0,0.0,0.0,0.7314524555903866
2026-04-12,temel-gida,Melis Biberiye Turşusu 370 Gr,110.0,TRY,01,0.0,0.0,0.0,0.9174311926605505
2026-04-12,temel-gida,Melis Karışık Turşu 720 Gr,101.5,TRY,01,0.0,0.0,0.0,0.49504950495049505
2026-04-12,temel-gida,Melis Kornişon Turşusu 370 Gr,93.0,TRY,01,0.0,0.0,0.0,0.5405405405405406
2026-04-12,temel-gida,Melis Kornişon Turşusu 720 Gr,137.5,TRY,01,0.0,0.0,0.0,0.7326007326007326
2026-04-12,temel-gida,Melis Salatalık Turşusu 720 Gr,118.5,TRY,01,0.0,0.0,0.0,0.851063829787234
2026-04-12,temel-gida,Melis Yakan Biber Turşusu 370 Gr,94.0,TRY,01,0.0,0.0,0.0,1.0752688172043012
2026-04-12,temel-gida,Melis Yakan Biber Turşusu 720 Gr,149.5,TRY,01,0.0,0.0,0.0,0.6734006734006733
2026-04-12,temel-gida,Mgs Fişek Şeker 750 Gr,92.0,TRY,01,0.0,0.0,0.0,0.546448087431694
2026-04-12,temel-gida,Mgs Kahverengi Küp Şeker 500 Gr,76.0,TRY,01,0.0,0.0,0.0,0.6622516556291391
2026-04-12,temel-gida,Mgs Kahverengi Toz Şeker 500 Gr,72.5,TRY,01,0.0,0.0,0.0,0.6944444444444444
2026-04-12,temel-gida,Mgs Küp Şeker 360 Lı 1 Kg,86.0,TRY,01,0.0,4.878048780487805,4.878048780487805,0.5847953216374269
2026-04-12,temel-gida,Mgs Küp Şeker 360 Lı 750 Gr,64.5,TRY,01,0.0,0.0,0.0,0.78125
2026-04-12,temel-gida,Mgs Küp Şeker 405 Li 1 Kg,80.0,TRY,01,0.0,0.0,0.0,0.628930817610063
2026-04-12,temel-gida,Mgs Tekli Sarma Küp Şeker Poşet 750 Gr,87.0,TRY,01,0.0,0.0,0.0,0.5780346820809248
2026-04-12,temel-gida,Mgs Toz Şeker 1 Kg,76.5,TRY,01,0.0,0.0,0.0,0.6578947368421052
2026-04-12,temel-gida,"Mgs Toz Şeker 2,5 Kg",197.0,TRY,01,0.0,0.0,0.0,0.5102040816326531
2026-04-12,temel-gida,Mutlu Makarna Arpa Şehriye 5 Kg,356.5,TRY,01,0.0,0.0,0.0,0.5641748942172073
2026-04-12,temel-gida,Mutlu Makarna Arpa Şehriye 500 Gr,35.5,TRY,01,0.0,0.0,0.0,1.4285714285714286
2026-04-12,temel-gida,Mutlu Makarna Burgu 5 Kg,356.5,TRY,01,0.0,0.0,0.0,0.5641748942172073
2026-04-12,temel-gida,Mutlu Makarna Burgu 500 Gr,35.5,TRY,01,0.0,0.0,0.0,1.4285714285714286
2026-04-12,temel-gida,Mutlu Makarna İnce Uzun 5 Kg,356.5,TRY,01,0.0,0.0,0.0,6.576980568011958
2026-04-12,temel-gida,Mutlu Makarna Spagetti 500 Gr,35.5,TRY,01,0.0,0.0,0.0,1.4285714285714286
2026-04-12,temel-gida,Mutlu Makarna Spagetti 5Kg,356.5,TRY,01,0.0,0.0,0.0,0.5641748942172073
2026-04-12,temel-gida,Mutlu Makarna Tel Şehriye 500 Gr,35.5,TRY,01,0.0,0.0,0.0,1.4285714285714286
2026-04-12,temel-gida,Olca Domates Salçası 1600 Gr,279.0,TRY,01,0.0,0.0,0.0,0.5405405405405406
2026-04-12,temel-gida,Öncü Acı Biber Salçası 1650 Gr,441.0,TRY,01,0.0,0.0,0.0,0.684931506849315
2026-04-12,temel-gida,Öncü Acı Biber Salçası 4300 Gr,1020.0,TRY,01,0.0,0.0,0.0,0.6910167818361304
2026-04-12,temel-gida,Öncü Acı Biber Salçası Cam 700 Gr,202.0,TRY,01,0.0,0.0,0.0,0.4975124378109453
2026-04-12,temel-gida,Öncü Domates Salçası 1650 Gr,279.0,TRY,01,0.0,0.0,0.0,0.7220216606498195
2026-04-12,temel-gida,Öncü Domates Salçası Cam Kavanoz 700 Gr,126.0,TRY,01,0.0,0.0,0.0,0.398406374501992
2026-04-12,temel-gida,"Öncü Domates Ve Biber Karışık Salça 1,6 Kg",401.5,TRY,01,0.0,0.0,0.0,0.6265664160401002
2026-04-12,temel-gida,Öncü Közlenmiş Biber 680 Gr,157.5,TRY,01,0.0,0.0,0.0,0.6389776357827476
2026-04-12,temel-gida,Öncü Tatlı Biber Salçası 1650 Gr,441.0,TRY,01,0.0,0.0,0.0,0.684931506849315
2026-04-12,temel-gida,Öncü Tatlı Biber Salçası Cam 700 Gr,202.0,TRY,01,0.0,0.0,0.0,0.4975124378109453
2026-04-12,temel-gida,Pakmaya Bal Bademli Puding 85 Gr,52.0,TRY,01,0.0,0.0,0.0,0.9708737864077669
2026-04-12,temel-gida,Pakmaya Beyaz Pul Çikolata 100 Gr,167.5,TRY,01,0.0,0.0,0.0,0.9036144578313252
2026-04-12,temel-gida,Pakmaya Bitter Kurabiye Çikolatası 90 Gr,168.5,TRY,01,0.0,0.0,0.0,0.5970149253731344
2026-04-12,temel-gida,Pakmaya Bitter Puding 115 Gr,53.0,TRY,01,0.0,0.0,0.0,0.0
2026-04-12,temel-gida,Pakmaya Bitter Pul Çikolata 100 Gr,167.5,TRY,01,0.0,0.0,0.0,0.9036144578313252
2026-04-12,temel-gida,Pakmaya Çift Renkli Damla Çikolata 70 Gr,151.5,TRY,01,0.0,0.0,0.0,0.6644518272425249
2026-04-12,temel-gida,Pakmaya Çikolata Sosu 125 Gr,78.5,TRY,01,0.0,0.0,0.0,0.641025641025641
2026-04-12,temel-gida,Pakmaya Çikolatalı Portakallı Puding 116 Gr,53.0,TRY,01,0.0,0.0,0.0,0.0
2026-04-12,temel-gida,Pakmaya Çikolatalı Puding 106 Gr,52.5,TRY,01,0.0,0.0,0.0,0.9615384615384616
2026-04-12,temel-gida,Pakmaya Kabartma Tozu 10 Lu,39.5,TRY,01,0.0,0.0,0.0,1.282051282051282
2026-04-12,temel-gida,Pakmaya Kabartma Tozu 5 Li,21.0,TRY,01,0.0,0.0,0.0,0.0
2026-04-12,temel-gida,Pakmaya Kakao 100 Gr,148.0,TRY,01,0.0,0.0,0.0,0.6802721088435374
2026-04-12,temel-gida,Pakmaya Kakao 2 X 25 Gr,82.5,TRY,01,0.0,0.0,0.0,0.6097560975609756
2026-04-12,temel-gida,Pakmaya Kakao 50 Gr,82.0,TRY,01,0.0,0.0,0.0,0.6134969325153374
2026-04-12,temel-gida,Pakmaya Kakaolu Puding 145 Gr,52.5,TRY,01,0.0,0.0,0.0,0.9615384615384616
2026-04-12,temel-gida,Pakmaya Karamelli Sütlü Parça Çikolata 70 Gr,151.5,TRY,01,0.0,,,0.6644518272425249
2026-04-12,temel-gida,Pakmaya Karbonat 5 Li,13.5,TRY,01,0.0,0.0,0.0,0.0
2026-04-12,temel-gida,Pakmaya Muzlu Puding 117 Gr,40.0,TRY,01,0.0,0.0,0.0,0.0
2026-04-12,temel-gida,Pakmaya Pasta Süsü Sedef Boncuk 50 Gr,133.0,TRY,01,0.0,0.0,0.0,0.7575757575757576
2026-04-12,temel-gida,Pakmaya Pasta Süsü Sütlü Boncuk 50 Gr,133.0,TRY,01,0.0,0.0,0.0,0.7575757575757576
2026-04-12,temel-gida,Pakmaya Portakallı Bitter Parça Çikolata,156.5,TRY,01,0.0,0.0,0.0,0.6430868167202572
2026-04-12,temel-gida,Pakmaya Sade Krem Şanti 150 Gr,98.5,TRY,01,0.0,0.0,0.0,1.0256410256410255
2026-04-12,temel-gida,Pakmaya Şef Krema 200 Ml,89.5,TRY,01,0.0,0.0,0.0,0.5617977528089888
2026-04-12,temel-gida,Pakmaya Şekerli Vanilin 10 Lu,29.0,TRY,01,0.0,0.0,0.0,0.0
2026-04-12,temel-gida,Pakmaya Şekerli Vanilin 5 Li,16.0,TRY,01,0.0,0.0,0.0,3.225806451612903
2026-04-12,temel-gida,Pakmaya Vanilyalı Puding 125 Gr,40.0,TRY,01,0.0,0.0,0.0,0.0
2026-04-12,temel-gida,Penguen Acı Kornişon Turşusu 330 Gr,136.5,TRY,01,0.0,0.0,0.0,0.7380073800738007
2026-04-12,temel-gida,Penguen Bezelye Cam Kavanoz 680 Gr,105.0,TRY,01,0.0,0.0,0.0,0.9615384615384616
2026-04-12,temel-gida,Penguen Bezelye Teneke 5000 Gr,521.5,TRY,01,0.0,0.0,0.0,0.6756756756756757
2026-04-12,temel-gida,Penguen Biberiye Turşusu 300 Gr,128.0,TRY,01,0.0,0.0,0.0,0.7874015748031495
2026-04-12,temel-gida,Penguen Garnitür 5000 Gr,521.5,TRY,01,0.0,0.0,0.0,0.6756756756756757
2026-04-12,temel-gida,Penguen Garnitür Cam Kavanoz 540 Gr,93.5,TRY,01,0.0,0.0,0.0,1.0810810810810811
2026-04-12,temel-gida,Penguen Kornişon Turşusu 330 Gr,136.5,TRY,01,0.0,0.0,0.0,0.7380073800738007
2026-04-12,temel-gida,Penguen Kornişon Turşusu 670 Gr,188.5,TRY,01,0.0,0.0,0.0,0.8021390374331552
2026-04-12,temel-gida,Penguen Közlenmiş Biber Cam Kavanoz 680 Gr,193.5,TRY,01,0.0,0.0,0.0,0.5194805194805194
2026-04-12,temel-gida,Penguen Közlenmiş Patlıcan 520 Gr,167.0,TRY,01,0.0,0.0,0.0,0.6024096385542169
2026-04-12,temel-gida,Penguen Közlenmiş Patlıcan Salatası 520 Gr,116.0,TRY,01,0.0,0.0,0.0,0.4329004329004329
2026-04-12,temel-gida,Penguen Lütenitsa Balkan Sosu 300 Gr,174.0,TRY,01,0.0,0.0,0.0,0.5780346820809248
2026-04-12,temel-gida,Penguen Mısır 2650 Gr,453.0,TRY,01,0.0,0.0,0.0,0.6666666666666667
2026-04-12,temel-gida,Penguen Süt Mısır 3 X 150 Gr,152.5,TRY,01,0.0,0.0,0.0,0.6600660066006601
2026-04-12,temel-gida,Pilavlık Köy Bulguru 1 Kg,55.0,TRY,01,0.0,,,
2026-04-12,temel-gida,Pop Buster Mikrodalga Mısır 3×100 Gr,209.5,TRY,01,0.0,,,
2026-04-12,temel-gida,Salina İyotlu Tuz 1500 Gr,69.5,TRY,01,0.0,0.0,0.0,0.7246376811594203
2026-04-12,temel-gida,Salina Tuz 750 Gr,33.0,TRY,01,0.0,0.0,0.0,0.0
2026-04-12,temel-gida,Sarıkılçık Pilavlık Pirinç 1 kg,149.0,TRY,01,0.0,-6.875000000000001,-6.875000000000001,-6.875000000000001
2026-04-12,temel-gida,Sarıkılçık Pilavlık Pirinç 10 kg,1400.0,TRY,01,0.0,-6.666666666666667,-6.666666666666667,-6.666666666666667
2026-04-12,temel-gida,Sarıkılçık Pilavlık Pirinç 15 Kg,2000.0,TRY,01,0.0,-8.045977011494253,-8.045977011494253,-8.256880733944955
2026-04-12,temel-gida,Sarıkılçık Pilavlık Pirinç 25 Kg (Çuval),3200.0,TRY,01,0.0,-8.571428571428571,-8.571428571428571,-8.571428571428571
2026-04-12,temel-gida,Sarıkılçık Pilavlık Pirinç 5 kg,745.0,TRY,01,0.0,-4.1184041184041185,-4.1184041184041185,-4.1184041184041185
2026-04-12,temel-gida,Söke Geleneksel Buğday Un 2 Kg,172.5,TRY,01,0.0,0.0,0.0,0.5830903790087464
2026-04-12,temel-gida,Söke Geleneksel Un 1 Kg,80.0,TRY,01,0.0,0.0,0.0,0.628930817610063
2026-04-12,temel-gida,Sunu Haşhaş Ezmesi 400 Gr,180.0,TRY,01,0.0,17.647058823529413,17.647058823529413,18.421052631578945
2026-04-12,temel-gida,Süper Köftelik Bulgur 1 Kg,55.0,TRY,01,0.0,,,
2026-04-12,temel-gida,Superfresh Ton Balığı 2 X 140 Gr,209.0,TRY,01,0.0,0.0,0.0,-23.722627737226276
2026-04-12,temel-gida,Superfresh Ton Balığı 3 X 75 Gr,260.5,TRY,01,0.0,0.0,0.0,0.7736943907156674
2026-04-12,temel-gida,Superfresh Ton Balığı Light 3 X 75 Gr,277.5,TRY,01,0.0,0.0,0.0,0.7259528130671506
2026-04-12,temel-gida,Superfresh Ton Balığı Zeytin Yağlı 3X75 Gr,299.5,TRY,01,0.0,0.0,0.0,0.6722689075630253
2026-04-12,temel-gida,Sütaş Krema 200 Ml,111.5,TRY,01,0.0,7.211538461538461,7.211538461538461,7.729468599033816
2026-04-12,temel-gida,Sütaş Yemeklik Krema 200 Ml,80.0,TRY,01,0.0,20.30075187969925,20.30075187969925,20.30075187969925
2026-04-12,temel-gida,Tam Buğday Unu 5 Kg,375.0,TRY,01,0.0,0.0,0.0,1.3513513513513513
2026-04-12,temel-gida,Tamek Bezelye Teneke 830 Gr,64.0,TRY,01,0.0,0.0,0.0,0.0
2026-04-12,temel-gida,Tamek Domates Salçası Teneke 830 Gr,79.0,TRY,01,0.0,-3.6585365853658534,-3.6585365853658534,15.328467153284672
2026-04-12,temel-gida,Tamek Fasulye Pilaki 400 Gr,78.0,TRY,01,0.0,0.0,0.0,0.6451612903225806
2026-04-12,temel-gida,Tariş Kuzey Sızma Zeytinyağı 1 Lt,707.0,TRY,01,0.0,0.0,0.0,0.7122507122507122
2026-04-12,temel-gida,Tariş Kuzey Sızma Zeytinyağı 2 Lt,1493.0,TRY,01,0.0,0.0,0.0,8.581818181818182
2026-04-12,temel-gida,Tariş Kuzey Sızma Zeytinyağı 500 Ml,409.0,TRY,01,0.0,0.0,0.0,11.748633879781421
2026-04-12,temel-gida,Tariş Riviera Zeytinyağı Teneke 2 Lt,1100.0,TRY,01,0.0,0.0,0.0,9.45273631840796
2026-04-12,temel-gida,Tat Domates Salçası Teneke 830 Gr,81.5,TRY,01,0.0,0.0,0.0,0.6172839506172839
2026-04-12,temel-gida,Tat Ketçap Acılı 650 Ml,110.5,TRY,01,0.0,0.0,0.0,0.91324200913242
2026-04-12,temel-gida,Tat Ketçap Tatlı 650 Ml,110.5,TRY,01,0.0,0.0,0.0,0.91324200913242
2026-04-12,temel-gida,Tukaş Bezelye 720Cc,86.5,TRY,01,0.0,0.0,0.0,0.5813953488372093
2026-04-12,temel-gida,Tukaş Bezelye 830Gr,86.5,TRY,01,0.0,0.0,0.0,0.5813953488372093
2026-04-12,temel-gida,Tukaş Fasulye Pilaki 400 Gr,57.5,TRY,01,0.0,0.0,0.0,0.8771929824561403
2026-04-12,temel-gida,Tukaş Garnitür 560Gr,70.0,TRY,01,0.0,0.0,0.0,0.7194244604316548
2026-04-12,temel-gida,Tukaş Hardal Sos 335 Gr,65.5,TRY,01,0.0,0.0,0.0,0.7692307692307693
2026-04-12,temel-gida,Tukaş Haşlanmış Fasulye 800 Gr,90.0,TRY,01,0.0,0.0,0.0,0.5586592178770949
2026-04-12,temel-gida,Tukaş Haşlanmış Nohut 800 Gr,90.0,TRY,01,0.0,0.0,0.0,0.5586592178770949
2026-04-12,temel-gida,Tukaş Mayonez 550 Gr + Ketçap 650 Gr,141.0,TRY,01,0.0,0.0,0.0,0.7142857142857143
2026-04-12,temel-gida,Tukaş Mısır 3 X 150 Gr,99.5,TRY,01,0.0,-5.238095238095238,-5.238095238095238,-4.784688995215311
2026-04-12,temel-gida,Tukaş Sos Barbekü 400 Gr,66.5,TRY,01,0.0,0.0,0.0,0.7575757575757576
2026-04-12,temel-gida,Tukaş Sos Ranch 335 Gr,65.5,TRY,01,0.0,0.0,0.0,0.7692307692307693
2026-04-12,temel-gida,Tukaş Yaprak Sarma 400 Gr.,102.0,TRY,01,0.0,0.0,0.0,0.49261083743842365
2026-04-12,temel-gida,Ülker Bitter Çokodamla 120 Gr,181.5,TRY,01,0.0,0.0,0.0,0.8333333333333334
2026-04-12,temel-gida,Ülker Bizim Mutfak Köfte Harcı 100 Gr,60.0,TRY,01,0.0,0.0,0.0,0.8403361344537815
2026-04-12,temel-gida,Ülker Bizim Mutfak Pane Harcı 90 Gr,58.5,TRY,01,0.0,0.0,0.0,0.8620689655172413
2026-04-12,temel-gida,Ülker Pul Beyaz Çikolata 120 Gr,181.5,TRY,01,0.0,0.0,0.0,0.8333333333333334
2026-04-12,temel-gida,Veronelli Arpa Şehriye 500 Gr,48.5,TRY,01,0.0,0.0,0.0,1.0416666666666665
2026-04-12,temel-gida,Veronelli Burgu Makarna 500 Gr,48.5,TRY,01,0.0,0.0,0.0,1.0416666666666665
2026-04-12,temel-gida,Veronelli Fırın Makarna 500 Gr,48.5,TRY,01,0.0,0.0,0.0,1.0416666666666665
2026-04-12,temel-gida,Veronelli Lazanya 500 Gr,190.0,TRY,01,0.0,,,0.5291005291005291
2026-04-12,temel-gida,Veronelli Penne Makarna 500 Gr,48.5,TRY,01,0.0,0.0,0.0,1.0416666666666665
2026-04-12,temel-gida,Veronelli Spagetti 500 Gr,48.5,TRY,01,0.0,0.0,0.0,1.0416666666666665
2026-04-12,temel-gida,Veronelli Tagliatelle Makarna 500 Gr,190.0,TRY,01,0.0,0.0,0.0,0.5291005291005291
2026-04-12,temel-gida,Veronelli Uzun Erişte 500 Gr,48.5,TRY,01,0.0,0.0,0.0,1.0416666666666665
2026-04-12,temel-gida,Veronelli Yassı Spagetti 500 Gr,48.5,TRY,01,0.0,0.0,0.0,1.0416666666666665
2026-04-12,temel-gida,Yakamoz Jalapeno Turşusu Cam 370 Cc,93.0,TRY,01,0.0,0.0,0.0,0.5405405405405406
2026-04-12,temel-gida,Yakamoz Sarı Biberiye Turşusu Cam 345 C,133.5,TRY,01,0.0,0.0,0.0,0.7547169811320755
2026-04-12,temel-gida,Yakamoz Yakan Biber Turşusu Cam 370 Cc,117.0,TRY,01,0.0,0.0,0.0,0.8620689655172413
2026-04-12,temel-gida,Yayla Haşlanmış Garnitur 560 gr,111.5,TRY,01,0.0,13.77551020408163,,
2026-04-12,temel-gida,Yazar Buğday Nişastası 400 Gr,65.0,TRY,01,0.0,0.0,0.0,21.49532710280374
2026-04-12,temel-gida,Yazar Buğday Nişastası 800 Gr,132.5,TRY,01,0.0,0.0,0.0,0.7604562737642585
2026-04-12,temel-gida,Yazar Galeta Unu 400 Gr,37.0,TRY,01,0.0,0.0,0.0,1.36986301369863
2026-04-12,temel-gida,Yazar İrmik 500 Gr,53.0,TRY,01,0.0,0.0,0.0,20.454545454545457
2026-04-12,temel-gida,Yazar Mısır Nişastası 400 Gr,52.5,TRY,01,0.0,0.0,0.0,23.52941176470588
2026-04-12,temel-gida,Yazar Mısır Nişastası 800 Gr,88.5,TRY,01,0.0,0.0,0.0,0.5681818181818182
2026-04-12,temel-gida,Yazar Mısır Unu 125 Gr,15.0,TRY,01,0.0,0.0,0.0,15.384615384615385
2026-04-12,temel-gida,Yazar Mısır Unu 400 Gr,32.5,TRY,01,0.0,0.0,0.0,0.0
2026-04-12,temel-gida,Yazar Mısır Unu 5 Kg,390.5,TRY,01,0.0,0.0,0.0,0.5148005148005148
2026-04-12,temel-gida,Yazar Pirinç Unu 500 Gr,41.5,TRY,01,0.0,0.0,0.0,0.0
2026-04-12,temel-gida,Yazar Tam Buğday Unu 1 Kg,67.0,TRY,01,0.0,0.0,0.0,0.5251312828206965
2026-04-12,temel-gida,Yazar Tam Kepekli Unu 1 Kg,70.15,TRY,01,0.0,0.0,0.0,0.6456241032998606
2026-04-12,temel-gida,Yudum Ayçiçek Yağı 1 Lt,174.0,TRY,01,0.0,0.0,0.0,0.5780346820809248
2026-04-12,temel-gida,Yudum Ayçiçek Yağı 2 Lt,338.0,TRY,01,0.0,4.160246533127889,4.160246533127889,4.8062015503875966
2026-04-12,temel-gida,Yudum Egemden Naturel Sızma Zeytinyağı Yumuşak Lezzet 2 Lt,876.0,TRY,01,0.0,0.0,0.0,0.6896551724137931
2026-04-12,temel-gida,Aşurelik Buğday 1 Kg,58.5,TRY,01,0.0,,,
2026-04-12,temel-gida,Basmati Pirinç 1 Kg,122.5,TRY,01,0.0,,,
2026-04-12,temel-gida,Dardanel Klasik Ton Balığı 4 X 75 Gr,256.0,TRY,01,0.0,-13.804713804713806,-13.804713804713806,-12.925170068027212
2026-04-12,temel-gida,Dermason Fasulye 1 Kg,122.0,TRY,01,0.0,,,
2026-04-12,temel-gida,Gönen Baldo Pirinç 1 Kg,130.8,TRY,01,0.0,,,
2026-04-12,temel-gida,Kırık Pirinç 1 Kg,61.0,TRY,01,0.0,,,
2026-04-12,temel-gida,Kırmızı Mercimek 1 Kg,94.4,TRY,01,0.0,,,
2026-04-12,temel-gida,Koçbaşı Nohut 25 Kg (Çuval),3500.0,TRY,01,0.0,,,
2026-04-12,temel-gida,Nohut 1 Kg,118.4,TRY,01,0.0,,,
2026-04-12,temel-gida,Süper Pilavlık Bulgur 1 Kg,60.3,TRY,01,0.0,,,
2026-04-12,temel-gida,Yeşil Mercimek 1 Kg,113.0,TRY,01,0.0,,,
2026-04-12,temel-gida,Aşurelik Buğday 25 Kg (Çuval),1462.5,TRY,01,0.0,,,
2026-04-12,temel-gida,Basmati Pirinç 10 Kg,1205.0,TRY,01,0.0,,,
2026-04-12,temel-gida,Dardanel Klasik Ton Balığı 5 x 75 gr x 4 lü Paket (20 ad x 75 gr),1280.0,TRY,01,0.0,-13.804713804713806,-13.804713804713806,-11.966987620357635
2026-04-12,temel-gida,Dermason Fasulye 25 Kg (Çuval),2800.0,TRY,01,0.0,,,
2026-04-12,temel-gida,Gönen Baldo Pirinç 25 Kg (Çuval),2990.0,TRY,01,0.0,,,
2026-04-12,temel-gida,Kırık Pirinç 25 Kg (Çuval),1370.0,TRY,01,0.0,,,
2026-04-12,temel-gida,Kırmızı Mercimek 25 Kg (Çuval),2130.0,TRY,01,0.0,,,
2026-04-12,temel-gida,Koçbaşı Nohut 1 Kg,153.5,TRY,01,0.0,,,
2026-04-12,temel-gida,Nohut 25 Kg (Çuval),2745.0,TRY,01,0.0,,,
2026-04-12,temel-gida,Süper Pilavlık Bulgur 25 Kg (Çuval),1395.0,TRY,01,0.0,,,
2026-04-12,temel-gida,Yeşil Mercimek 25 Kg (Çuval),2825.0,TRY,01,0.0,,,
2026-04-12,temel-gida,Basmati Pirinç 25 Kg (Çuval),2765.0,TRY,01,0.0,,,
2026-04-12,kahvaltilik,Abdurrahman Tatlıcı Tadıbu %35 Fındık Ezmesi 330 Gr,380.0,TRY,01,0.0,0.0,0.0,0.7957559681697612
2026-04-12,kahvaltilik,Anavarza Çam Balı 450 Gr,509.0,TRY,01,0.0,0.0,0.0,0.7920792079207921
2026-04-12,kahvaltilik,Anavarza Çiçek Balı 220 Gr,226.0,TRY,01,0.0,0.0,0.0,0.8928571428571428
2026-04-12,kahvaltilik,Anavarza Çiçek Balı 450 Gr,423.0,TRY,01,0.0,0.0,0.0,3.6764705882352944
2026-04-12,kahvaltilik,Anavarza Çiçek Balı 850 Gr,604.0,TRY,01,0.0,0.0,0.0,0.6666666666666667
2026-04-12,kahvaltilik,Anavarza Çıt Kapak Çiçek Balı 325 Gr,364.0,TRY,01,0.0,0.0,0.0,0.8310249307479225
2026-04-12,kahvaltilik,Anavarza Kavanoz Çam Balı 32 Gr,43.0,TRY,01,0.0,0.0,0.0,2.380952380952381
2026-04-12,kahvaltilik,Anavarza Kestane Balı 450 Gr,1810.0,TRY,01,0.0,0.0,0.0,0.7234279354479688
2026-04-12,kahvaltilik,Anavarza Keven Kekik Balı 450 Gr,584.0,TRY,01,0.0,0.0,0.0,0.8635578583765112
2026-04-12,kahvaltilik,Anavarza Keven Kekik Balı 850 Gr,965.0,TRY,01,0.0,0.0,0.0,0.7306889352818371
2026-04-12,kahvaltilik,Balparmak Apitera Zen 7Gr 7 Adet,152.5,TRY,01,0.0,0.0,0.0,0.6600660066006601
2026-04-12,kahvaltilik,Balparmak Yayla Ve Ova Çiçek Balı 650 Gr,584.5,TRY,01,0.0,0.0,0.0,0.6890611541774333
2026-04-12,kahvaltilik,Binboğa Çiçek Balı 460 Gr,323.0,TRY,01,0.0,0.0,0.0,0.6230529595015576
2026-04-12,kahvaltilik,"Binboğa Kooperatif Çiçek Balı 1,5 Kg",863.5,TRY,01,0.0,12.215724496426251,12.215724496426251,12.949640287769784
2026-04-12,kahvaltilik,Binboğa Süzme Çiçek Balı 850 Gr,509.5,TRY,01,0.0,15.141242937853109,15.141242937853109,15.927189988623436
2026-04-12,kahvaltilik,Canlı Anadolu Üzüm Pekmezi Bidon 650 Gr,154.0,TRY,01,0.0,0.0,0.0,0.6535947712418301
2026-04-12,kahvaltilik,Doğalsan Yulaf Ezmesi 400 Gr,91.5,TRY,01,0.0,0.0,0.0,0.5494505494505495
2026-04-12,kahvaltilik,Dr.Oetker Vitalis Ballı Bademli Çıtır Müsli 450 Gr,194.0,TRY,01,0.0,0.0,0.0,0.7792207792207793
2026-04-12,kahvaltilik,Ece Light Siyah Zeytin 400 Gr,178.5,TRY,01,0.0,0.0,0.0,0.847457627118644
2026-04-12,kahvaltilik,Ece Yeşil Çizik Zeytin 1600 Cc,448.5,TRY,01,0.0,0.0,0.0,0.6734006734006733
2026-04-12,kahvaltilik,Eti Lifalif İnce Öğütülmüş Yulaf Ezmesi 350 Gr,120.0,TRY,01,0.0,0.0,0.0,0.41841004184100417
2026-04-12,kahvaltilik,Eti Lifalif Kuru Meyveli Fındıklı Müsli 350 Gr,148.5,TRY,01,0.0,0.0,0.0,0.6779661016949152
2026-04-12,kahvaltilik,Eti Lifalif Yer Fıstıklı ve Hurmalı Müsli 350 gr x 1 adet,151.0,TRY,01,0.0,0.0,0.0,2.027027027027027
2026-04-12,kahvaltilik,Eti Lifalif Yer Fıstıklı ve Hurmalı Müsli 350 gr x 12 adet,1760.0,TRY,01,0.0,0.0,0.0,1.7341040462427744
2026-04-12,kahvaltilik,Eti Lifalif Yulaf Ezmesi 500 Gr,120.5,TRY,01,0.0,0.0,0.0,0.4166666666666667
2026-04-12,kahvaltilik,Gold Krem Fıstık Ezmesi 340 Gr,222.0,TRY,01,0.0,0.0,0.0,29.82456140350877
2026-04-12,kahvaltilik,Gold Şeker İlavesiz Fıstık Ezmesi 340 Gr,261.5,TRY,01,0.0,0.0,0.0,31.07769423558897
2026-04-12,kahvaltilik,Koska Antep Fıstıklı Tahin Helvası 350 Gr,324.0,TRY,01,0.0,0.0,0.0,0.7776049766718507
2026-04-12,kahvaltilik,Koska Antep Fıstıklı Tahin Helvası 500 Gr,455.0,TRY,01,0.0,0.0,0.0,0.7751937984496124
2026-04-12,kahvaltilik,Koska Çilek Reçeli 1500 Gr,452.0,TRY,01,0.0,0.0,0.0,-11.285574092247302
2026-04-12,kahvaltilik,Koska Fındık Püreli Tahin Pekmez 320 Gr,291.5,TRY,01,0.0,0.0,0.0,0.690846286701209
2026-04-12,kahvaltilik,Koska Fıstık Püreli Tahin Pekmez 320 Gr,229.0,TRY,01,0.0,0.0,0.0,0.6593406593406593
2026-04-12,kahvaltilik,Koska Kakaolu Tahin Helvası 350 Gr,149.0,TRY,01,0.0,0.0,0.0,0.6756756756756757
2026-04-12,kahvaltilik,Koska Kakaolu Tahin Helvası 500 Gr,198.0,TRY,01,0.0,0.0,0.0,26.517571884984026
2026-04-12,kahvaltilik,Koska Pekmez 700 Gr,367.0,TRY,01,0.0,0.0,0.0,0.6858710562414266
2026-04-12,kahvaltilik,Koska Sade Tahin Helvası 350 Gr,149.0,TRY,01,0.0,0.0,0.0,0.6756756756756757
2026-04-12,kahvaltilik,Koska Sade Tahin Helvası 500 Gr,194.0,TRY,01,0.0,0.0,0.0,27.21311475409836
2026-04-12,kahvaltilik,Koska Tahin 550 Gr,268.0,TRY,01,0.0,0.0,0.0,0.7518796992481203
2026-04-12,kahvaltilik,Marmarabirlik Az Tuzlu Siyah Zeytin 400 Gr,157.5,TRY,01,0.0,0.0,0.0,0.6389776357827476
2026-04-12,kahvaltilik,Marmarabirlik Az Tuzlu Siyah Zeytin Teneke (S) 800 Gr,284.0,TRY,01,0.0,0.0,0.0,0.7092198581560284
2026-04-12,kahvaltilik,Marmarabirlik Az Tuzlu Yağlı Salamura Siyah Zeytin 800 Gr,414.0,TRY,01,0.0,0.0,0.0,0.7299270072992701
2026-04-12,kahvaltilik,Marmarabirlik Dilimli Yeşil Zeytin 350 Gr,129.5,TRY,01,0.0,0.0,0.0,0.7782101167315175
2026-04-12,kahvaltilik,Marmarabirlik Ekstra Siyah Zeytin Teneke (Xs) 800 Gr,245.0,TRY,01,0.0,,,
2026-04-12,kahvaltilik,Marmarabirlik Gold Siyah Zeytin 400 Gr XL,253.0,TRY,01,0.0,0.0,0.0,0.5964214711729622
2026-04-12,kahvaltilik,Marmarabirlik Gold Siyah Zeytin Teneke 800 Gr,474.5,TRY,01,0.0,0.0,0.0,0.743099787685775
2026-04-12,kahvaltilik,Marmarabirlik Kokteyl Yeşil Zeytin 400 Gr,168.0,TRY,01,0.0,0.0,0.0,0.5988023952095809
2026-04-12,kahvaltilik,Marmarabirlik Kuru Köy Sele Siyah Zeytin 400 Gr,186.0,TRY,01,0.0,0.0,0.0,0.8130081300813009
2026-04-12,kahvaltilik,Marmarabirlik Kuru Sele Siyah Zeytin 400 Gr,157.5,TRY,01,0.0,0.0,0.0,0.6389776357827476
2026-04-12,kahvaltilik,Marmarabirlik Kuru Sele Siyah Zeytin 800 Gr,284.5,TRY,01,0.0,0.0,0.0,0.7079646017699115
2026-04-12,kahvaltilik,Marmarabirlik Mega Xl Teneke Siyah Zeytin 800 Gr,474.5,TRY,01,0.0,0.0,0.0,0.6362672322375398
2026-04-12,kahvaltilik,Marmarabirlik Sade Zeytin Ezmesi 175 Gr,71.5,TRY,01,0.0,0.0,0.0,0.7042253521126761
2026-04-12,kahvaltilik,Marmarabirlik Sade Zeytin Ezmesi 340 Gr,117.0,TRY,01,0.0,0.0,0.0,0.4291845493562232
2026-04-12,kahvaltilik,Marmarabirlik Sepet Serisi 3xs Boy 400 Gr,116.5,TRY,01,0.0,0.0,0.0,0.43103448275862066
2026-04-12,kahvaltilik,Marmarabirlik Sepet Serisi Siyah Zeytin (2Xs) 800 Gr,229.5,TRY,01,0.0,0.0,0.0,0.8791208791208791
2026-04-12,kahvaltilik,Marmarabirlik Soslu Zeytin Ezmesi 350 Gr,153.5,TRY,01,0.0,0.0,0.0,0.6557377049180327
2026-04-12,kahvaltilik,Marmarabirlik Süper Siyah Zeytin Pet 1400 Gr,622.0,TRY,01,0.0,0.0,0.0,
2026-04-12,kahvaltilik,Marmarabirlik Vakumlu Siyah Zeytin (Xl) 800 Gr,474.5,TRY,01,0.0,0.0,0.0,0.6362672322375398
2026-04-12,kahvaltilik,Nestle Cheerios Ballı Tahıl Gevreği 225 Gr,150.5,TRY,01,0.0,0.0,0.0,0.6688963210702341
2026-04-12,kahvaltilik,Nestle Gold Corn Flakes Mısır Gevreği 200 Gr,126.0,TRY,01,0.0,16.129032258064516,16.129032258064516,31.93717277486911
2026-04-12,kahvaltilik,Nestle Gold Corn Flakes Mısır Gevreği 400 Gr,192.0,TRY,01,0.0,6.077348066298343,6.077348066298343,25.0814332247557
2026-04-12,kahvaltilik,Nestle Gold Corn Flakes Mısır Gevreği 650 Gr,243.0,TRY,01,0.0,12.761020881670534,12.761020881670534,17.675544794188863
2026-04-12,kahvaltilik,Nestle Nesfit Ballı Bademli Kahvaltılık Gevrek 430 Gr,222.0,TRY,01,0.0,6.474820143884892,6.474820143884892,7.246376811594203
2026-04-12,kahvaltilik,Nestle Nesfit Çikolatalı Kahvaltılık Gevrek 400 Gr,222.0,TRY,01,0.0,6.474820143884892,6.474820143884892,7.246376811594203
2026-04-12,kahvaltilik,Nestle Nesfit Karışık Meyveli Kahvaltılık Gevrek 400 Gr,222.0,TRY,01,0.0,6.474820143884892,6.474820143884892,7.246376811594203
2026-04-12,kahvaltilik,Nestle Nesfit Sade Pirinç Gevreği 420 Gr,153.5,TRY,01,0.0,0.0,0.0,0.6557377049180327
2026-04-12,kahvaltilik,Nestle Nesquik 450 Gr Eko Gevrek,151.0,TRY,01,0.0,9.818181818181818,9.818181818181818,12.686567164179104
2026-04-12,kahvaltilik,Nestle Nesquik Çikolatalı İçecek Tozu 180 Gr,135.0,TRY,01,0.0,0.0,0.0,0.7462686567164178
2026-04-12,kahvaltilik,Nestle Nesquik Çikolatalı İçecek Tozu 375 Gr,247.0,TRY,01,0.0,0.0,0.0,0.6109979633401221
2026-04-12,kahvaltilik,Nestle Nesquik Çikolatalı İçecek Tozu 420 Gr,315.0,TRY,01,0.0,0.0,0.0,0.6389776357827476
2026-04-12,kahvaltilik,Nestle Nesquik Çilekkare 310 Gr,150.0,TRY,01,0.0,0.0,0.0,5.633802816901409
2026-04-12,kahvaltilik,Nestle Nesquik Çokokare 310 Gr,137.0,TRY,01,0.0,0.0,0.0,0.7352941176470588
2026-04-12,kahvaltilik,Nestle Nesquik Duo Sütlü Kakaolu Buğday Mısır Gevreği 310 Gr,149.0,TRY,01,0.0,0.0,0.0,5.673758865248227
2026-04-12,kahvaltilik,Nestle Nesquik Harfler Mısır Gevreği 310 Gr,150.0,TRY,01,0.0,0.0,0.0,5.633802816901409
2026-04-12,kahvaltilik,Nestle Nesquik Kakaolu Buğday Ve Mısır Gevreği 700 Gr,228.5,TRY,01,0.0,,,24.52316076294278
2026-04-12,kahvaltilik,Nutella Kakaolu Fındık Kreması 1000 Gr,432.0,TRY,01,0.0,0.0,0.0,2.3696682464454977
2026-04-12,kahvaltilik,Nutella Kakaolu Fındık Kreması 400 Gr,221.0,TRY,01,0.0,0.0,0.0,0.683371298405467
2026-04-12,kahvaltilik,Nutella Kakaolu Fındık Kreması 750 Gr,357.5,TRY,01,0.0,0.0,0.0,2.142857142857143
2026-04-12,kahvaltilik,Seğmen Bal (Piknik) 20 Gr 100 Lü,1102.0,TRY,01,0.0,0.0,0.0,0.7312614259597806
2026-04-12,kahvaltilik,Seğmen Bal Kavanoz 30 Gr,37.5,TRY,01,0.0,0.0,0.0,2.73972602739726
2026-04-12,kahvaltilik,Seğmen Böğürtlen Reçeli 1 Kg,235.0,TRY,01,0.0,7.79816513761468,7.79816513761468,8.294930875576037
2026-04-12,kahvaltilik,Seğmen Böğürtlen Reçeli Kavanoz 800 Gr,196.0,TRY,01,0.0,8.287292817679557,8.287292817679557,8.88888888888889
2026-04-12,kahvaltilik,Seğmen Çilek Reçeli 1 Kg,209.5,TRY,01,0.0,3.45679012345679,3.45679012345679,3.970223325062035
2026-04-12,kahvaltilik,Seğmen Çilek Reçeli 5 Kg Kova,963.0,TRY,01,0.0,5.824175824175824,5.824175824175824,8.323959505061868
2026-04-12,kahvaltilik,Seğmen Çilek Reçeli Kavanoz 30 Gr x 1 Adet,23.5,TRY,01,0.0,11.904761904761903,11.904761904761903,14.634146341463413
2026-04-12,kahvaltilik,Seğmen Çilek Reçeli Kavanoz 30 Gr x 36 Adet,805.0,TRY,01,0.0,13.380281690140844,13.380281690140844,15.827338129496402
2026-04-12,kahvaltilik,Seğmen Çilek Reçeli Kavanoz 800 Gr,191.0,TRY,01,0.0,14.714714714714713,14.714714714714713,15.407854984894259
2026-04-12,kahvaltilik,Seğmen Dut Pekmezi Kavanoz 800 Gr,261.0,TRY,01,0.0,0.0,0.0,0.7722007722007722
2026-04-12,kahvaltilik,Seğmen Fındık Ezmesi 20 Gr 100 Lü,760.0,TRY,01,0.0,0.0,0.0,0.7957559681697612
2026-04-12,kahvaltilik,Seğmen Fındık Ezmesi Kavanoz 30 Gr,30.0,TRY,01,0.0,0.0,0.0,1.694915254237288
2026-04-12,kahvaltilik,Seğmen Gül Reçeli Kavanoz 800 Gr,148.0,TRY,01,0.0,9.62962962962963,9.62962962962963,10.44776119402985
2026-04-12,kahvaltilik,Seğmen Harnup Pekmezi Kavanoz 800 Gr,195.0,TRY,01,0.0,0.0,0.0,1.0362694300518136
2026-04-12,kahvaltilik,Seğmen İncir Reçeli Kavanoz 800 Gr,176.0,TRY,01,0.0,11.39240506329114,11.39240506329114,12.101910828025478
2026-04-12,kahvaltilik,Seğmen Kakaolu Tahin Helvası 80 Gr,26.0,TRY,01,0.0,0.0,0.0,
2026-04-12,kahvaltilik,Seğmen Karadut Reçeli Kavanoz 800 Gr,194.0,TRY,01,0.0,7.18232044198895,7.18232044198895,7.777777777777778
2026-04-12,kahvaltilik,Seğmen Karadut Reçeli Plastik 1 Kg,235.0,TRY,01,0.0,7.79816513761468,7.79816513761468,8.294930875576037
2026-04-12,kahvaltilik,Seğmen Kayısı Reçeli 1 Kg,193.0,TRY,01,0.0,7.222222222222221,7.222222222222221,8.123249299719888
2026-04-12,kahvaltilik,Seğmen Kızılcık Marmelatı 370 Gr,100.5,TRY,01,0.0,0.0,0.0,0.5
2026-04-12,kahvaltilik,Seğmen Kuşburnu Marmelatı 750 Gr,158.0,TRY,01,0.0,0.0,0.0,0.6369426751592357
2026-04-12,kahvaltilik,Seğmen Organik Çilek Reçeli 270 Gr,179.0,TRY,01,0.0,5.294117647058823,5.294117647058823,6.547619047619048
2026-04-12,kahvaltilik,Seğmen Piknik Çilek Reçeli 100 Lü 20 Gr,369.0,TRY,01,0.0,12.5,12.5,13.190184049079754
2026-04-12,kahvaltilik,Seğmen Piknik Vişne Reçeli 100 Lü 20 Gr,495.0,TRY,01,0.0,12.244897959183673,12.244897959183673,13.013698630136986
2026-04-12,kahvaltilik,"Seğmen Sade Helva 2,5 Kg",654.0,TRY,01,0.0,0.0,0.0,0.6153846153846154
2026-04-12,kahvaltilik,Seğmen Şeftali Marmelatı 370 Gr,73.0,TRY,01,0.0,0.0,0.0,0.6896551724137931
2026-04-12,kahvaltilik,Seğmen Şeker İlavesiz Böğürtlen Reçeli 270 Gr,191.0,TRY,01,0.0,7.303370786516854,7.303370786516854,8.522727272727272
2026-04-12,kahvaltilik,Seğmen Şeker İlavesiz Vişne Reçeli 270 Gr,259.0,TRY,01,0.0,5.284552845528456,5.284552845528456,6.147540983606557
2026-04-12,kahvaltilik,Seğmen Tahin Kavanoz 300 Gr,107.0,TRY,01,0.0,0.9433962264150944,0.9433962264150944,1.9047619047619049
2026-04-12,kahvaltilik,Seğmen Tahin Kavanoz 600 Gr,199.0,TRY,01,0.0,3.1088082901554404,3.1088082901554404,4.18848167539267
2026-04-12,kahvaltilik,Seğmen Üzüm Pekmezi 400 Gr,132.0,TRY,01,0.0,4.761904761904762,4.761904761904762,5.6000000000000005
2026-04-12,kahvaltilik,Seğmen Üzüm Pekmezi 800 Gr,238.0,TRY,01,0.0,5.777777777777778,5.777777777777778,6.726457399103139
2026-04-12,kahvaltilik,Seğmen Vişne Reçeli Kavanoz 800 Gr,299.0,TRY,01,0.0,9.926470588235293,9.926470588235293,10.74074074074074
2026-04-12,kahvaltilik,Seğmen Vişne Reçeli Plastik 1 Kg,376.0,TRY,01,0.0,7.736389684813753,7.736389684813753,8.357348703170029
2026-04-12,kahvaltilik,Torku Antep Fıstıklı Helva 500 Gr,324.5,TRY,01,0.0,0.0,0.0,0.7763975155279503
2026-04-12,kahvaltilik,Torku Banada Fındık Kreması 700 Gr Cam,288.5,TRY,01,0.0,0.0,0.0,0.6980802792321117
2026-04-12,kahvaltilik,Torku Banada Krema 400 Gr,227.5,TRY,01,0.0,13.184079601990051,13.184079601990051,14.035087719298245
2026-04-12,kahvaltilik,Torku Frema Fındık Kreması 400 Gr,136.5,TRY,01,0.0,0.0,0.0,0.7380073800738007
2026-04-12,kahvaltilik,Torku Frema Kakaolu Fındık Kreması 1 Kg,331.0,TRY,01,0.0,0.0,0.0,0.76103500761035
2026-04-12,kahvaltilik,Torku Frema Kakaolu Fındık Kreması 1500 Gr,504.0,TRY,01,0.0,0.0,0.0,6.329113924050633
2026-04-12,kahvaltilik,Torku Harnup Keçiboynuzu Pekmezi 750 Gr,289.0,TRY,01,0.0,0.0,0.0,0.6968641114982579
2026-04-12,kahvaltilik,Torku Kakaolu Helva 500 Gr,171.0,TRY,01,0.0,0.0,0.0,0.8849557522123894
2026-04-12,kahvaltilik,Torku Sade Helva 500 Gr,171.0,TRY,01,0.0,0.0,0.0,0.8849557522123894
2026-04-12,kahvaltilik,Torku Tahin Cam 600 Gr,238.5,TRY,01,0.0,0.0,0.0,0.8456659619450317
2026-04-12,kahvaltilik,Turap Siyah Zeytin 320-360 No:5,223.0,TRY,01,0.0,0.0,0.0,0.904977375565611
2026-04-12,kahvaltilik,Ülker Çokokrem 400 Gr,150.5,TRY,01,0.0,0.0,0.0,0.6688963210702341
2026-04-12,kahvaltilik,Ülker Çokokrem 950 Gr,303.5,TRY,01,0.0,0.0,0.0,11.172161172161173
2026-04-12,kahvaltilik,Ülker Çokokrem Tüp 40 Gr,37.5,TRY,01,0.0,0.0,0.0,0.0
2026-04-12,kahvaltilik,Uzungil Cevizli Yaz Helvası 375 Gr,202.0,TRY,01,0.0,0.0,0.0,0.4975124378109453
2026-04-12,kahvaltilik,Uzungil Fıstıklı Helva 375 Gr,260.0,TRY,01,0.0,0.0,0.0,0.7751937984496124
2026-04-12,kahvaltilik,Uzungil Harnup Pekmezi700 Gr,214.0,TRY,01,0.0,0.0,0.0,0.4694835680751174
2026-04-12,kahvaltilik,Uzungil Kakaolu Fıstıklı Helva 375 Gr,260.0,TRY,01,0.0,0.0,0.0,0.7751937984496124
2026-04-12,kahvaltilik,Uzungil Kakaolu Helva 40 Gr,22.0,TRY,01,0.0,0.0,0.0,0.0
2026-04-12,kahvaltilik,Uzungil Kakaolu Helva 500 Gr,216.0,TRY,01,0.0,0.0,0.0,0.9345794392523363
2026-04-12,kahvaltilik,Uzungil Kakaolu Helva 80 Gr,41.5,TRY,01,0.0,0.0,0.0,1.2195121951219512
2026-04-12,kahvaltilik,Uzungil Kakaolu Yaz Helvası 375 Gr,202.0,TRY,01,0.0,0.0,0.0,0.4975124378109453
2026-04-12,kahvaltilik,Uzungil Meyveli Yazlık Helva 375 Gr,166.0,TRY,01,0.0,0.0,0.0,1.2195121951219512
2026-04-12,kahvaltilik,Uzungil Pekmez 1 Kg,308.0,TRY,01,0.0,0.0,0.0,0.6535947712418301
2026-04-12,kahvaltilik,Uzungil Pekmez 650Gr Pet,214.0,TRY,01,0.0,0.0,0.0,0.4694835680751174
2026-04-12,kahvaltilik,Uzungil Pekmez 700 Gr,241.0,TRY,01,0.0,0.0,0.0,0.8368200836820083
2026-04-12,kahvaltilik,Uzungil Sade Helva 40 Gr,22.0,TRY,01,0.0,0.0,0.0,0.0
2026-04-12,kahvaltilik,Uzungil Sade Helva 500 Gr,216.0,TRY,01,0.0,0.0,0.0,0.9345794392523363
2026-04-12,kahvaltilik,Uzungil Tahin 500Gr Pet,246.0,TRY,01,0.0,0.0,0.0,0.819672131147541
2026-04-12,kahvaltilik,Uzungil Tahin 550 Gr,268.0,TRY,01,0.0,0.0,0.0,0.7518796992481203
2026-04-12,kahvaltilik,Uzungil Tahin 760 Gr,369.0,TRY,01,0.0,0.0,0.0,0.819672131147541
2026-04-12,atistirmalik,Antep Fıstığı Naturel 1000 Gr,2030.0,TRY,01,0.0,,,
2026-04-12,atistirmalik,Antep Fıstığı Naturel 250 Gr,512.5,TRY,01,0.0,,,
2026-04-12,atistirmalik,Antep Fıstığı Naturel 500 Gr,1020.0,TRY,01,0.0,,,
2026-04-12,atistirmalik,Antep Fıstığı Naturel 750 Gr,1540.0,TRY,01,0.0,,,
2026-04-12,atistirmalik,Ay Çekirdek Dakota Çiğ 1 Kg,203.0,TRY,01,0.0,,,
2026-04-12,atistirmalik,Ay Çekirdek Dakota Tuzlu 1 Kg,203.0,TRY,01,0.0,,,
2026-04-12,atistirmalik,Badem Kavrulmuş 1 Kg,948.0,TRY,01,0.0,,,
2026-04-12,atistirmalik,Barbie Candy Phone Sakızlı Oyuncak Telefon 90 Gr,122.5,TRY,01,0.0,0.0,0.0,0.823045267489712
2026-04-12,atistirmalik,Beyaz Leblebi1 Kg,274.0,TRY,01,0.0,,,
2026-04-12,atistirmalik,Biscolata Sütlü Stix 40 Gr,40.0,TRY,01,0.0,15.942028985507244,15.942028985507244,0.0
2026-04-12,atistirmalik,Bounty Hindistan Cevizli 57 Gr Çikolata,65.0,TRY,01,0.0,0.0,0.0,0.7751937984496124
2026-04-12,atistirmalik,Canlı Anadolu Saray Helvası 400Gr,130.5,TRY,01,0.0,0.0,0.0,0.7722007722007722
2026-04-12,atistirmalik,Ceviz İçi Lüx 1 Kg,956.0,TRY,01,0.0,,,
2026-04-12,atistirmalik,Ceviz Kabuklu 1 Kg,339.0,TRY,01,0.0,,,
2026-04-12,atistirmalik,Cevizli Sucuk 1 Kg,362.0,TRY,01,0.0,,,
2026-04-12,atistirmalik,Çiğ Badem İçi 1 Kg,888.0,TRY,01,0.0,,,
2026-04-12,atistirmalik,Çiğ Fındık 1000 Gr,1480.0,TRY,01,0.0,,,
2026-04-12,atistirmalik,Çiğ Fındık 250 Gr,367.5,TRY,01,0.0,,,
2026-04-12,atistirmalik,Çiğ Fındık 500 Gr,732.5,TRY,01,0.0,,,
2026-04-12,atistirmalik,Çiğ Fındık 750 Gr,1107.5,TRY,01,0.0,,,
2026-04-12,atistirmalik,Çiğ Kabak Çekirdeği 1 Kg,438.0,TRY,01,0.0,,,
2026-04-12,atistirmalik,Çiğ Kaju Fıstığı 1000 Gr,1002.5,TRY,01,0.0,,,
2026-04-12,atistirmalik,Çiğ Kaju Fıstığı 250 Gr,250.0,TRY,01,0.0,,,
2026-04-12,atistirmalik,Çiğ Kaju Fıstığı 500 Gr,497.5,TRY,01,0.0,,,
2026-04-12,atistirmalik,Çiğ Kaju Fıstığı 750 Gr,752.5,TRY,01,0.0,,,
2026-04-12,atistirmalik,Cips Fıstık 1 Kg,247.0,TRY,01,0.0,,,
2026-04-12,atistirmalik,Cips Külah 1 Kg,150.0,TRY,01,0.0,,,
2026-04-12,atistirmalik,Çıtır Elma 90 Gr,192.0,TRY,01,0.0,,,
2026-04-12,atistirmalik,Elit Bohem Karışık Madlen Çikolata 400 Gr,716.5,TRY,01,0.0,0.0,0.0,2.9454022988505746
2026-04-12,atistirmalik,Elit Çikolata Beyoğlu 27Gr,56.5,TRY,01,0.0,0.0,0.0,0.8928571428571428
2026-04-12,atistirmalik,Elit Çikolata Bohem 175 Gr,382.5,TRY,01,0.0,0.0,0.0,2.1361815754339117
2026-04-12,atistirmalik,Elit Çikolata Chooeggy 200 Gr,320.0,TRY,01,0.0,0.0,0.0,0.628930817610063
2026-04-12,atistirmalik,Elit Çikolata Şemsiye 30Gr,48.5,TRY,01,0.0,0.0,0.0,1.0416666666666665
2026-04-12,atistirmalik,Erik Kurusu 1 Kg,302.0,TRY,01,0.0,,,
2026-04-12,atistirmalik,Eti Antep Fıstıklı Kare Çikolata 60 Gr,101.0,TRY,01,0.0,0.0,0.0,0.4975124378109453
2026-04-12,atistirmalik,Eti Balık Kraker 85 Gr,28.0,TRY,01,0.0,0.0,0.0,1.8181818181818181
2026-04-12,atistirmalik,Eti Balık Kraker Mısırlı 70 Gr,29.0,TRY,01,0.0,0.0,0.0,0.0
2026-04-12,atistirmalik,Eti Benimo Lokmalık 3 Lü 240 Gr,110.0,TRY,01,0.0,0.0,0.0,0.45662100456621
2026-04-12,atistirmalik,Eti Benimo Lokmalık Bisküvi 80 Gr,40.0,TRY,01,0.0,0.0,0.0,1.2658227848101267
2026-04-12,atistirmalik,Eti Bidolu Fındık Kremalı Yer Fıstığı Parçacıklı Gofret 81 Gr,44.5,TRY,01,0.0,0.0,0.0,1.1363636363636365
2026-04-12,atistirmalik,Eti Bidolu Kakao Kremalı Yer Fıstığı Parçacıklı Gofret 81 Gr,44.5,TRY,01,0.0,0.0,0.0,1.1363636363636365
2026-04-12,atistirmalik,Eti Browni Çikolatalı 50 Gr,29.0,TRY,01,0.0,-1.694915254237288,-1.694915254237288,-13.432835820895523
2026-04-12,atistirmalik,Eti Browni Gold Çikolata Soslu Çikolatalı Kek 45 Gr,20.5,TRY,01,0.0,0.0,0.0,0.0
2026-04-12,atistirmalik,Eti Browni Gold Kakao Soslu Çikolatalı Kek 9 Lu 180 Gr,81.5,TRY,01,0.0,0.0,0.0,0.6172839506172839
2026-04-12,atistirmalik,Eti Browni Gold Vişne Soslu Çikolatalı Kek 45 Gr,20.5,TRY,01,0.0,0.0,0.0,0.0
2026-04-12,atistirmalik,Eti Browni İntense Çikolatalı Kek 160 Gr,110.0,TRY,01,0.0,0.0,0.0,0.45662100456621
2026-04-12,atistirmalik,Eti Browni Klasik Çikolatalı Fındıklı Kek 40 Gr,20.5,TRY,01,0.0,0.0,0.0,0.0
2026-04-12,atistirmalik,Eti Burçak Bisküvi 100 Gr,34.5,TRY,01,0.0,0.0,0.0,0.0
2026-04-12,atistirmalik,Eti Burçak Bisküvi 131 Gr,34.5,TRY,01,0.0,0.0,0.0,0.0
2026-04-12,atistirmalik,Eti Burçak Bisküvi 3 Lü 393 Gr,87.5,TRY,01,0.0,8.695652173913043,8.695652173913043,9.375
2026-04-12,atistirmalik,Eti Burçak Çikolatalı Bisküvi 114 Gr,53.0,TRY,01,0.0,0.0,0.0,0.9523809523809524
2026-04-12,atistirmalik,Eti Burçak Kurabiye Kakaolu 198 Gr,81.0,TRY,01,0.0,0.0,0.0,0.6211180124223602
2026-04-12,atistirmalik,Eti Burçak Sultani Bisküvi 123 Gr,34.5,TRY,01,0.0,0.0,0.0,0.0
2026-04-12,atistirmalik,Eti Burçak Sultani Üzümlü Kepekli Bisküvi 3 Lü 369 Gr,88.5,TRY,01,0.0,0.0,0.0,0.5681818181818182
2026-04-12,atistirmalik,Eti Burçak Sütlü Kakao Kremalı 100 Gr,34.5,TRY,01,0.0,0.0,0.0,0.0
2026-04-12,atistirmalik,Eti Burçak Sütlü Kremalı Bisküvi 3 Lü 300 Gr,92.5,TRY,01,0.0,-0.5376344086021506,-0.5376344086021506,0.5434782608695652
2026-04-12,atistirmalik,Eti Burçak Yulaflı Bisküvi 125 Gr,34.5,TRY,01,0.0,0.0,0.0,0.0
2026-04-12,atistirmalik,Eti Burçak Yulaflı Bisküvi 3 Lü 375 Gr,88.5,TRY,01,0.0,0.0,0.0,0.5681818181818182
2026-04-12,atistirmalik,Eti Canga Yer Fıstıklı Karamelli Nuga Bar 45 Gr,31.0,TRY,01,0.0,-3.125,-3.125,-3.125
2026-04-12,atistirmalik,Eti Cicibebe 400 Gr,113.5,TRY,01,0.0,0.0,0.0,0.8888888888888888
2026-04-12,atistirmalik,Eti Çikolata İçibol %27 Antep Fıstıklı 30 Gr,72.5,TRY,01,0.0,0.0,0.0,0.6944444444444444
2026-04-12,atistirmalik,Eti Çikolatalı Gofret 34 Gr,19.5,TRY,01,0.0,0.0,0.0,2.631578947368421
2026-04-12,atistirmalik,Eti Cin Çilek Soslu Bisküvi 25 Gr,7.5,TRY,01,0.0,0.0,0.0,0.0
2026-04-12,atistirmalik,Eti Cin Lokmalık 114 Gr,34.5,TRY,01,0.0,0.0,0.0,1.4705882352941175
2026-04-12,atistirmalik,Eti Cin Lokmalık 342 Gr,99.0,TRY,01,0.0,0.0,0.0,8.19672131147541
2026-04-12,atistirmalik,Eti Cin Portakal Soslu Bisküvi 13 Lü 325 Gr,80.5,TRY,01,0.0,0.0,0.0,0.625
2026-04-12,atistirmalik,Eti Cin Portakal Soslu Bisküvi 25 Gr,7.5,TRY,01,0.0,0.0,0.0,0.0
2026-04-12,atistirmalik,Eti Crax Baharatlı Çubuk Kraker 175 Gr,50.0,TRY,01,0.0,0.0,0.0,0.0
2026-04-12,atistirmalik,Eti Crax Baharatlı Çubuk Kraker 80 Gr,25.5,TRY,01,0.0,0.0,0.0,2.0
2026-04-12,atistirmalik,Eti Crax Çubuk Kraker 85 Gr,16.5,TRY,01,0.0,0.0,0.0,3.125
2026-04-12,atistirmalik,Eti Crax Patlayan Lezzet Acı Baharatlı Kraker 50 Gr – 1 adet,28.0,TRY,01,0.0,0.0,0.0,1.8181818181818181
2026-04-12,atistirmalik,Eti Crax Patlayan Lezzet Acı Baharatlı Kraker 50 Gr – 20 adet,542.0,TRY,01,0.0,0.0,0.0,2.2641509433962264
2026-04-12,atistirmalik,Eti Crax Patlayan Lezzet Limon Acı Biberli Kraker 50 Gr,26.5,TRY,01,0.0,0.0,0.0,0.0
2026-04-12,atistirmalik,Eti Crax Peynirli Çubuk Kraker 175 Gr,50.0,TRY,01,0.0,0.0,0.0,0.0
2026-04-12,atistirmalik,Eti Crax Peynirli Çubuk Kraker 80 Gr,25.5,TRY,01,0.0,0.0,0.0,2.0
2026-04-12,atistirmalik,Eti Çubuk Kraker 40 Gr,7.5,TRY,01,0.0,0.0,0.0,0.0
2026-04-12,atistirmalik,Eti Etimek Form Kızarmış Ekmek 138 Gr,82.0,TRY,01,0.0,0.0,0.0,0.6134969325153374
2026-04-12,atistirmalik,Eti Etimek Klasik Kızarmış Ekmek 143 Gr,68.5,TRY,01,0.0,0.0,0.0,12.295081967213115
2026-04-12,atistirmalik,Eti Etimek Tuzsuz Kızarmış Ekmek 148 Gr,68.5,TRY,01,0.0,0.0,0.0,12.295081967213115
2026-04-12,atistirmalik,Eti Finger Bisküvi 900 Gr,183.5,TRY,01,0.0,-0.2717391304347826,-0.2717391304347826,0.273224043715847
2026-04-12,atistirmalik,Eti Fındıklı Kurabiye 198 Gr,79.0,TRY,01,0.0,0.0,0.0,0.6369426751592357
2026-04-12,atistirmalik,Eti Form Bisküvi Kepekli 45 Gr,18.0,TRY,01,0.0,0.0,0.0,0.0
2026-04-12,atistirmalik,Eti Form Bitter Çikolata Kaplı Lifli Bisküvi 50 Gr,49.0,TRY,01,0.0,0.0,0.0,1.0309278350515463
2026-04-12,atistirmalik,Eti Form Limon Lifli Kepekli Bisküvi 50 Gr,25.0,TRY,01,0.0,0.0,0.0,0.0
2026-04-12,atistirmalik,Eti Form Tahıllı Buğday Patlağı 41 Gr,32.5,TRY,01,0.0,0.0,0.0,0.0
2026-04-12,atistirmalik,Eti Gong Mısır Ve Pirinç Patlağı 64 Gr,33.5,TRY,01,0.0,8.064516129032258,8.064516129032258,1.5151515151515151
2026-04-12,atistirmalik,Eti Gong Peynirli Acılı Pirinç Patlağı 68 Gr,41.0,TRY,01,0.0,0.0,0.0,0.0
2026-04-12,atistirmalik,Eti Gong Pops Baharat Çeşnili Mısır Ve Pirinç Patlağı 80 Gr,59.0,TRY,01,0.0,0.0,0.0,0.0
2026-04-12,atistirmalik,Eti Gong Pops Mısır Ve Pirinç Patlağı 80 Gr,59.0,TRY,01,0.0,0.0,0.0,0.0
2026-04-12,atistirmalik,Eti Hoşbeş Çilekli Gofret 142 Gr,67.5,TRY,01,0.0,-10.0,-10.0,-9.395973154362416
2026-04-12,atistirmalik,Eti Hoşbeş Fındık Kremalı Gofret 70 Gr,41.5,TRY,01,0.0,0.0,0.0,0.0
2026-04-12,atistirmalik,Eti Hoşbeş Fındıklı Gofret 142 Gr,68.0,TRY,01,0.0,-9.333333333333334,-9.333333333333334,-8.724832214765101
2026-04-12,atistirmalik,Eti Hoşbeş Hindistan Cevizli Gofret 142 Gr,67.5,TRY,01,0.0,-10.0,-10.0,-9.395973154362416
2026-04-12,atistirmalik,Eti Hoşbeş Hindistan Cevizli Gofret 70 Gr,41.5,TRY,01,0.0,0.0,0.0,0.0
2026-04-12,atistirmalik,Eti Hoşbeş Kakaolu Gofret 142 Gr,68.0,TRY,01,0.0,-9.333333333333334,-9.333333333333334,-8.724832214765101
2026-04-12,atistirmalik,Eti Hoşbeş Kakaolu Gofret 70 Gr,41.5,TRY,01,0.0,0.0,0.0,0.0
2026-04-12,atistirmalik,Eti Hoşbeş Muzlu Gofret 120 Gr,75.0,TRY,01,0.0,0.0,0.0,0.6711409395973155
2026-04-12,atistirmalik,Eti Karam %27 Antep Fıstıklı Bitter Çikolata 28 Gr,72.5,TRY,01,0.0,0.0,0.0,0.6944444444444444
2026-04-12,atistirmalik,Eti Karam %54 Bitter Tablet Çikolata 60 Gr – 1 adet,80.0,TRY,01,0.0,0.0,0.0,1.910828025477707
2026-04-12,atistirmalik,Eti Karam %54 Bitter Tablet Çikolata 60 Gr – 10 adet,798.0,TRY,01,0.0,0.0,0.0,2.176696542893726
2026-04-12,atistirmalik,Eti Karam Bitter %45 Kakaolu Kare Çikolata 60 Gr,81.0,TRY,01,0.0,0.0,0.0,0.6211180124223602
2026-04-12,atistirmalik,Eti Karam Bitter %54 Kakaolu Antep Fıstıklı 60 Gr,101.5,TRY,01,0.0,0.0,0.0,0.49504950495049505
2026-04-12,atistirmalik,Eti Karam Bitter %70 Kakaolu Çikolata 60 Gr,79.5,TRY,01,0.0,0.0,0.0,1.2738853503184715
2026-04-12,atistirmalik,Eti Karam Gofret 50 Gr,35.0,TRY,01,0.0,-10.256410256410255,-10.256410256410255,-10.256410256410255
2026-04-12,atistirmalik,Eti Kombo Çikolata Kaplamalı Bisküvi 56 Gr,35.5,TRY,01,0.0,,,
2026-04-12,atistirmalik,Eti Kremalı Bisküvi 61 Gr,18.0,TRY,01,0.0,0.0,0.0,0.0
2026-04-12,atistirmalik,Eti Kremalı Bisküvi Çilekli 61 Gr,18.0,TRY,01,0.0,0.0,0.0,0.0
2026-04-12,atistirmalik,Eti Kremalı Bisküvi Fındıklı 61 Gr,18.0,TRY,01,0.0,0.0,0.0,0.0
2026-04-12,atistirmalik,Eti Lifalif Bitter Çikolatalı Yulaf Bar 35 Gr,44.0,TRY,01,0.0,0.0,0.0,1.1494252873563218
2026-04-12,atistirmalik,Eti Lifalif Bitter Çikolatalı Yulaf Bar 35 Gr x 12 Adet,519.5,TRY,01,0.0,0.0,0.0,2.06286836935167
2026-04-12,atistirmalik,Eti Lifalif Kuru Meyveli Müsli Bar 35 Gr,44.0,TRY,01,0.0,0.0,0.0,1.1494252873563218
2026-04-12,atistirmalik,Eti Lifalif Kuru Meyveli Müsli Bar 35 Gr x 12 Adet,519.5,TRY,01,0.0,0.0,0.0,2.06286836935167
2026-04-12,atistirmalik,Eti Lifalif Kuru Yemişli Müsli Bar 35 Gr,44.0,TRY,01,0.0,0.0,0.0,1.1494252873563218
2026-04-12,atistirmalik,Eti Lifalif Kuru Yemişli Müsli Bar 35 Gr x 12 Adet,519.5,TRY,01,0.0,0.0,0.0,2.06286836935167
2026-04-12,atistirmalik,Eti Maximus Loading Bar 50 Gr,29.5,TRY,01,0.0,0.0,0.0,1.7241379310344827
2026-04-12,atistirmalik,Eti Mini Pop Kek Bitter Çikolatalı 162 Gr,74.0,TRY,01,0.0,-0.6711409395973155,-0.6711409395973155,0.0
2026-04-12,atistirmalik,Eti Paykek Şekl-İ Şahane 285 Gr,138.0,TRY,01,0.0,,,
2026-04-12,atistirmalik,Eti Petit Beurre Bisküvi 2 Li 400 Gr,76.5,TRY,01,0.0,-5.555555555555555,-5.555555555555555,0.0
2026-04-12,atistirmalik,Eti Petit Beurre Bisküvi Kakaolu 2 Li 370 Gr,76.5,TRY,01,0.0,-5.555555555555555,-5.555555555555555,0.0
2026-04-12,atistirmalik,Eti Petito Ayıcık Mini Sütlü Çikolata 32 G,51.5,TRY,01,0.0,0.0,0.0,0.9803921568627451
2026-04-12,atistirmalik,Eti Petito Ayıcık Mini Sütlü Çikolata 72 G,118.0,TRY,01,0.0,0.0,0.0,0.8547008547008548
2026-04-12,atistirmalik,Eti Petito Sütlü Çikolata 18 Gr,24.0,TRY,01,0.0,0.0,0.0,0.0
2026-04-12,atistirmalik,Eti Pizza Kraker 76 Gr,21.0,TRY,01,0.0,0.0,0.0,0.0
2026-04-12,atistirmalik,Eti Popkek Hindistan Cevizli Kek 180 Gr,75.5,TRY,01,0.0,0.0,0.0,0.6666666666666667
2026-04-12,atistirmalik,Eti Popkek Kakao Kaplamalı Mini Kek 180 Gr,75.0,TRY,01,0.0,-0.6622516556291391,-0.6622516556291391,0.0
2026-04-12,atistirmalik,Eti Popkek Kakaolu Kek 60 Gr,20.5,TRY,01,0.0,0.0,0.0,0.0
2026-04-12,atistirmalik,Eti Popkek Limon Kaplamalı Mini Kek 180 Gr,75.5,TRY,01,0.0,0.0,0.0,0.6666666666666667
2026-04-12,atistirmalik,Eti Popkek Limonlu Kek 60 Gr,20.5,TRY,01,0.0,0.0,0.0,0.0
2026-04-12,atistirmalik,Eti Popkek Muzlu Kek 60 Gr,20.5,TRY,01,0.0,0.0,0.0,0.0
2026-04-12,atistirmalik,Eti Popkek Muzlu Mini Kek 180 Gr,75.5,TRY,01,0.0,0.0,0.0,0.6666666666666667
2026-04-12,atistirmalik,Eti Popkek Portakallı Kek 60 Gr,20.5,TRY,01,0.0,0.0,0.0,0.0
2026-04-12,atistirmalik,Eti Popkek Vişneli Kek 60 Gr,20.5,TRY,01,0.0,0.0,0.0,0.0
2026-04-12,atistirmalik,Eti Puf Hindistan Cevizli 16 Gr,8.0,TRY,01,0.0,0.0,0.0,0.0
2026-04-12,atistirmalik,Eti Puf Kakaolu 18 Gr,8.0,TRY,01,0.0,0.0,0.0,0.0
2026-04-12,atistirmalik,Eti Puf Renkli 18 Gr (Adet),8.0,TRY,01,0.0,0.0,0.0,0.0
2026-04-12,atistirmalik,Eti Susamlı Çubuk Kraker 120 Gr,37.0,TRY,01,0.0,0.0,0.0,0.0
2026-04-12,atistirmalik,Eti Susamlı Çubuk Kraker 56 Gr,18.5,TRY,01,0.0,0.0,0.0,0.0
2026-04-12,atistirmalik,Eti Sütlü Çubuk Çikolata 34 Gr,44.0,TRY,01,0.0,0.0,0.0,1.1494252873563218
2026-04-12,atistirmalik,Eti Tartini Frambuazlı Turta 114 Gr,53.0,TRY,01,0.0,0.0,0.0,0.0
2026-04-12,atistirmalik,Eti Topkek Çilekli Kek 40 Gr,14.5,TRY,01,0.0,-12.121212121212121,-12.121212121212121,-12.121212121212121
2026-04-12,atistirmalik,Eti Topkek Kakaolu Kek 35 Gr,14.5,TRY,01,0.0,-12.121212121212121,-12.121212121212121,-12.121212121212121
2026-04-12,atistirmalik,Eti Topkek Meyveli Kek 40 Gr,14.5,TRY,01,0.0,-12.121212121212121,-12.121212121212121,-12.121212121212121
2026-04-12,atistirmalik,Eti Tutku Kakao Kremalı Mozaik Bisküvi 100 Gr,35.5,TRY,01,0.0,0.0,0.0,0.0
2026-04-12,atistirmalik,Eti Tutku Kakao Kremalı Mozaik Bisküvi 150 Gr,49.0,TRY,01,0.0,-1.0101010101010102,-1.0101010101010102,-1.0101010101010102
2026-04-12,atistirmalik,Eti Tutku Kakao Kremalı Mozaik Bisküvi 210 Gr,69.0,TRY,01,0.0,0.0,0.0,0.7299270072992701
2026-04-12,atistirmalik,Eti Tutku Kakao Kremalı Mozaik Bisküvi Bold 138 Gr,49.5,TRY,01,0.0,0.0,0.0,0.0
2026-04-12,atistirmalik,Eti Uzun Çikolata Keyfi Antep Fıstıklı 34 Gr,54.0,TRY,01,0.0,0.0,0.0,0.9345794392523363
2026-04-12,atistirmalik,Eti Yeni Gold Antep Fıstıklı Kare Çikolata 60 Gr,124.5,TRY,01,0.0,0.0,0.0,0.8097165991902834
2026-04-12,atistirmalik,Falım 5’li Damla Aromalı Sakız 35 gr,50.5,TRY,01,0.0,-0.9803921568627451,-0.9803921568627451,0.0
2026-04-12,atistirmalik,Falım Çilek Aromalı Şekersiz Sakız 100 Adet,192.0,TRY,01,0.0,0.0,0.0,2.949061662198391
2026-04-12,atistirmalik,Falım Damla Sakızı Aromalı Şekersiz Sakız 5’li,11.0,TRY,01,0.0,0.0,0.0,0.0
2026-04-12,atistirmalik,Falım Karışık Meyve Aromalı Şekersiz Sakız 100 Adet,192.0,TRY,01,0.0,0.0,0.0,2.949061662198391
2026-04-12,atistirmalik,Falım Nane Aromalı Şekersiz Sakız 7gr x 5 Adet,48.5,TRY,01,0.0,-1.0204081632653061,-1.0204081632653061,1.0416666666666665
2026-04-12,atistirmalik,First Sensations Çilek Aromalı Sakız 27 Gr,48.5,TRY,01,0.0,-1.0204081632653061,-1.0204081632653061,0.0
2026-04-12,atistirmalik,First Sensations Damla Sakızı Aromalı Sakız 27 Gr,48.5,TRY,01,0.0,-1.0204081632653061,-1.0204081632653061,0.0
2026-04-12,atistirmalik,First Sensations Karpuz Aromalı Sakız 27 Gr,48.5,TRY,01,0.0,-1.0204081632653061,-1.0204081632653061,0.0
2026-04-12,atistirmalik,First Sensations Nane Aromalı Sakız 27 Gr,48.5,TRY,01,0.0,-1.0204081632653061,-1.0204081632653061,0.0
2026-04-12,atistirmalik,First Sensations Tropikal Meyve Aromalı Sakız 27 Gr,48.5,TRY,01,0.0,-1.0204081632653061,-1.0204081632653061,0.0
2026-04-12,atistirmalik,First Sensations Yeşil Nane Aromalı Sakız 27 Gr,48.5,TRY,01,0.0,-1.0204081632653061,-1.0204081632653061,0.0
2026-04-12,atistirmalik,First X-Fresh Şeftali Karpuz Aromalı Sakız 27 G,48.5,TRY,01,0.0,-1.0204081632653061,-1.0204081632653061,0.0
2026-04-12,atistirmalik,Fıstık Amigo 1 Kg,247.0,TRY,01,0.0,,,
2026-04-12,atistirmalik,Fıstık Çatlamış 1 Kg,244.0,TRY,01,0.0,,,
2026-04-12,atistirmalik,Fıstık Kabuklu 1 Kg,206.0,TRY,01,0.0,,,
2026-04-12,atistirmalik,Fıstık Susamlı 1 Kg,283.0,TRY,01,0.0,,,
2026-04-12,atistirmalik,Fıstık Tuzsuz 1 Kg,250.0,TRY,01,0.0,,,
2026-04-12,atistirmalik,Foça Fındık 1000 Gr,1507.5,TRY,01,0.0,,,
2026-04-12,atistirmalik,Foça Fındık 250 Gr,375.0,TRY,01,0.0,,,
2026-04-12,atistirmalik,Foça Fındık 500 Gr,747.5,TRY,01,0.0,,,
2026-04-12,atistirmalik,Foça Fındık 750 Gr,1127.5,TRY,01,0.0,,,
2026-04-12,atistirmalik,Haribo 45Gr Roulette,34.0,TRY,01,0.0,0.0,0.0,17.24137931034483
2026-04-12,atistirmalik,Haribo Altın Ayıcık Şekerleme 80 Gr,58.0,TRY,01,0.0,0.0,0.0,13.725490196078432
2026-04-12,atistirmalik,Haribo Berries Şekerleme 80 Gr,58.0,TRY,01,0.0,0.0,0.0,13.725490196078432
2026-04-12,atistirmalik,Haribo Chammallows Pembe Beyaz Marshmallow 70 Gr,58.0,TRY,01,0.0,0.0,0.0,13.725490196078432
2026-04-12,atistirmalik,Haribo Chammallows Rubino Marshmallow 70 Gr,58.0,TRY,01,0.0,0.0,0.0,13.725490196078432
2026-04-12,atistirmalik,Haribo Chammalow Klasik 150 Gr,103.0,TRY,01,0.0,0.0,0.0,27.160493827160494
2026-04-12,atistirmalik,Haribo Diş Şekerleme 80 Gr,58.0,TRY,01,0.0,0.0,0.0,13.725490196078432
2026-04-12,atistirmalik,Haribo Fizz Mix Şekerleme 70 Gr,58.0,TRY,01,0.0,0.0,0.0,13.725490196078432
2026-04-12,atistirmalik,Haribo Happy Cola Şekerleme 160 Gr,103.0,TRY,01,0.0,0.0,0.0,17.71428571428571
2026-04-12,atistirmalik,Haribo Happy Cola Şekerleme 80 Gr,58.0,TRY,01,0.0,0.0,0.0,13.725490196078432
2026-04-12,atistirmalik,Haribo Phantasia Şekerleme 80 Gr,58.0,TRY,01,0.0,0.0,0.0,13.725490196078432
2026-04-12,atistirmalik,Haribo Solucan Şekerleme 160 Gr,103.0,TRY,01,0.0,0.0,0.0,17.71428571428571
2026-04-12,atistirmalik,Haribo Solucan Şekerleme 80 Gr,58.0,TRY,01,0.0,0.0,0.0,13.725490196078432
2026-04-12,atistirmalik,Haribo Starmix Şekerleme 160 Gr,101.5,TRY,01,0.0,0.0,0.0,86.23853211009175
2026-04-12,atistirmalik,Haribo Starmix Şekerleme 80 Gr,58.0,TRY,01,0.0,0.0,0.0,13.725490196078432
2026-04-12,atistirmalik,Haribo Tropik Meyve Şekerleme 80 Gr,58.0,TRY,01,0.0,0.0,0.0,13.725490196078432
2026-04-12,atistirmalik,Haribo Worms Fizz Solucan Şekerleme 70 Gr,58.0,TRY,01,0.0,0.0,0.0,43.20987654320987
2026-04-12,atistirmalik,Hünnap Kuru Meyve 1 Kg,433.0,TRY,01,0.0,,,
2026-04-12,atistirmalik,İğde Kuru Meyve 1 Kg,369.0,TRY,01,0.0,,,
2026-04-12,atistirmalik,İzmir Kuru Üzüm Sultan 1 Kg,301.0,TRY,01,0.0,,,
2026-04-12,atistirmalik,Kabak Çekirdeği Kavrulmuş Tuzlu 1 Kg,453.0,TRY,01,0.0,,,
2026-04-12,atistirmalik,Kabuklu Fındık 1 Kg,665.0,TRY,01,0.0,,,
2026-04-12,atistirmalik,Kavrulmuş Tuzlu Fıstık 1 Kg,250.0,TRY,01,0.0,,,
2026-04-12,atistirmalik,Kayısı Çekirdeği 1 Kg,741.0,TRY,01,0.0,,,
2026-04-12,atistirmalik,Kayısı Gün Kurusu 1 Kg,1334.0,TRY,01,0.0,,,
2026-04-12,atistirmalik,Kayısı Şekerpare Jumbo 1 Kg,891.0,TRY,01,0.0,,,
2026-04-12,atistirmalik,Keçemen Üzüm 1 Kg,568.0,TRY,01,0.0,,,
2026-04-12,atistirmalik,Keçiboynuzu 1 Kg,256.0,TRY,01,0.0,,,
2026-04-12,atistirmalik,Kent Missbon Çilekli Elmalı Şeker 43 Gr,28.0,TRY,01,0.0,0.0,0.0,1.8181818181818181
2026-04-12,atistirmalik,Kent Missbon Kahveli 43 Gr,29.0,TRY,01,0.0,0.0,0.0,1.7543859649122806
2026-04-12,atistirmalik,Kent Olips Nane 28 Gr,28.5,TRY,01,0.0,0.0,0.0,1.7857142857142856
2026-04-12,atistirmalik,Kent Tipitip Karikatürlü Sakız 27 Gr,44.5,TRY,01,0.0,0.0,0.0,1.1363636363636365
2026-04-12,atistirmalik,Kent Tipitip Sakız 27 Gr,44.5,TRY,01,0.0,0.0,0.0,1.1363636363636365
2026-04-12,atistirmalik,Kent Tofita Portakal Aromalı Şeker 47 Gr,28.5,TRY,01,0.0,0.0,0.0,1.7857142857142856
2026-04-12,atistirmalik,Kent Tofita Vişne Aromalı Şeker 47 Gr,28.5,TRY,01,0.0,0.0,0.0,1.7857142857142856
2026-04-12,atistirmalik,Kilis Karası 1 Kg,597.0,TRY,01,0.0,,,
2026-04-12,atistirmalik,Kinder Joy T1 Erkeklere Özel 20 Gr,53.0,TRY,01,0.0,0.0,0.0,0.0
2026-04-12,atistirmalik,Kinder Joy T1 Kızlara Özel 20 G,56.0,TRY,01,0.0,0.0,0.0,0.9009009009009009
2026-04-12,atistirmalik,Koska Krokan Fındık 30Gr,82.0,TRY,01,0.0,0.0,0.0,0.6134969325153374
2026-04-12,atistirmalik,Koska Krokan Fıstık 30Gr,146.5,TRY,01,0.0,0.0,0.0,0.6872852233676976
2026-04-12,atistirmalik,Kuru İncir 1 Kg,625.0,TRY,01,0.0,,,
2026-04-12,atistirmalik,Kuru Yaprak Kayısı 1 Kg,742.0,TRY,01,0.0,,,
2026-04-12,atistirmalik,Leblebi Ağın 1 Kg,399.0,TRY,01,0.0,,,
2026-04-12,atistirmalik,Leblebi Baharatlı 1 Kg,332.0,TRY,01,0.0,,,
2026-04-12,atistirmalik,Leblebi Çıtır 1 Kg,174.0,TRY,01,0.0,,,
2026-04-12,atistirmalik,Leblebi Köy Tava 1 Kg,284.0,TRY,01,0.0,,,
2026-04-12,atistirmalik,Leblebi Pamuk 1 Kg,174.0,TRY,01,0.0,,,
2026-04-12,atistirmalik,Leblebi Sarı Kavrulmuş 1 Kg,289.0,TRY,01,0.0,,,
2026-04-12,atistirmalik,Leblebi Şekeri 1 Kg,208.0,TRY,01,0.0,,,
2026-04-12,atistirmalik,Mars Çikolata 51 Gr,50.5,TRY,01,0.0,0.0,0.0,1.0
2026-04-12,atistirmalik,Mentos Karışık Meyve Aromalı Şeker,31.0,TRY,01,0.0,0.0,0.0,0.0
2026-04-12,atistirmalik,Mentos Nane Aromalı Şeker 20 Adet,32.5,TRY,01,0.0,0.0,0.0,0.0
2026-04-12,atistirmalik,Milka Çikolata Rüyası 100 Gr,121.5,TRY,01,0.0,,,
2026-04-12,atistirmalik,Milka Fındıklı Sütlü Tablet Çikolata 80 Gr,101.0,TRY,01,0.0,0.0,0.0,0.4975124378109453
2026-04-12,atistirmalik,Milka Sütlü Tablet Çikolata 80 Gr,121.0,TRY,01,0.0,19.801980198019802,19.801980198019802,20.398009950248756
2026-04-12,atistirmalik,Milka Üzümlü Fındıklı Tablet Çikolata 80 Gr,121.0,TRY,01,0.0,19.801980198019802,19.801980198019802,20.398009950248756
2026-04-12,atistirmalik,Mixmey Meyve Bar Elma + Hurma 20Gr,48.0,TRY,01,0.0,28.000000000000004,28.000000000000004,29.72972972972973
2026-04-12,atistirmalik,Mixmey Meyve Barı Çilek 20 Gr,49.5,TRY,01,0.0,26.923076923076923,26.923076923076923,28.57142857142857
2026-04-12,atistirmalik,Mixmey Meyve Barı Elma + Böğürtlen 20Gr,48.0,TRY,01,0.0,28.000000000000004,28.000000000000004,29.72972972972973
2026-04-12,atistirmalik,Mixmey Meyve Barı Elma + Erik 20Gr,48.0,TRY,01,0.0,28.000000000000004,28.000000000000004,29.72972972972973
2026-04-12,atistirmalik,Mixmey Meyve Barı Elma + Şeftali 20Gr,48.0,TRY,01,0.0,28.000000000000004,28.000000000000004,29.72972972972973
2026-04-12,atistirmalik,Mısır Kavurga 1 Kg,159.0,TRY,01,0.0,,,
2026-04-12,atistirmalik,Natur Bitkisel Zencefilli Limonlu Seker 65 Gr,73.5,TRY,01,0.0,0.0,0.0,0.684931506849315
2026-04-12,atistirmalik,Natur Bitkisel Zencefilli Naneli Seker 65 Gr,73.5,TRY,01,0.0,0.0,0.0,0.684931506849315
2026-04-12,atistirmalik,Nestle 1927 %82 Kakao Bitter Çikolata 60 Gr,119.5,TRY,01,0.0,0.0,0.0,0.8438818565400843
2026-04-12,atistirmalik,Nestle 1927 Bol Sütlü Kare Çikolata 65 Gr,105.0,TRY,01,0.0,0.0,0.0,0.9615384615384616
2026-04-12,atistirmalik,Nestle 1927 Ekstra Bitter Çikolata 60 Gr,105.0,TRY,01,0.0,0.0,0.0,0.9615384615384616
2026-04-12,atistirmalik,Nestle Çıtır Gofret 27 Gr,12.0,TRY,01,0.0,0.0,0.0,0.0
2026-04-12,atistirmalik,Nestle Classic Beyaz Kare Çikolata 60 Gr,75.0,TRY,01,0.0,,,
2026-04-12,atistirmalik,Nestle Damak Antep Fıstıklı Çikolata 70 Gr,134.0,TRY,01,0.0,0.0,0.0,0.7518796992481203
2026-04-12,atistirmalik,Nestle Damak Baklavalı 60 Gr Yepyeni Bir Efsane,87.5,TRY,01,0.0,0.0,0.0,0.5747126436781609
2026-04-12,atistirmalik,Nestle Damak Gece %55 Kakao 60 Gr,93.5,TRY,01,0.0,-16.143497757847534,-16.143497757847534,-15.384615384615385
2026-04-12,atistirmalik,Nestle Damak İnci Baton Çikolata 30 Gr,53.5,TRY,01,0.0,0.0,0.0,0.9433962264150944
2026-04-12,atistirmalik,Nestle Damak Kare Antep Fıstıklı Çikolata 60 Gr,87.5,TRY,01,0.0,0.0,0.0,1.1560693641618496
2026-04-12,atistirmalik,Nestle Gofret 27Gr Crunc,27.5,TRY,01,0.0,0.0,0.0,0.0
2026-04-12,atistirmalik,Nestle Kare 60Gr Fıstıklı,104.0,TRY,01,0.0,0.0,0.0,0.4830917874396135
2026-04-12,atistirmalik,Nestle Kitkat Çikolata 38 Gr,37.0,TRY,01,0.0,0.0,0.0,8.823529411764707
2026-04-12,atistirmalik,Nestle Klasik Sütlü Kare Çikolata 60 Gr,70.5,TRY,01,0.0,-6.0,-6.0,-3.4246575342465753
2026-04-12,atistirmalik,"Nestle Nesfit Bitter Çikolata Bar 23,5 Gr",26.0,TRY,01,0.0,0.0,0.0,0.0
2026-04-12,atistirmalik,"Nestle Nesfit Çilekli Çikolata Bar 23,5 Gr",26.0,TRY,01,0.0,0.0,0.0,0.0
2026-04-12,atistirmalik,"Nestle Nesfit Karamelli Çikolata Bar 23,5 Gr",25.5,TRY,01,0.0,0.0,0.0,0.0
2026-04-12,atistirmalik,"Nestle Nesfit Kırmızı Meyveli Çikolata Bar 23,5 Gr",37.0,TRY,01,0.0,0.0,0.0,0.0
2026-04-12,atistirmalik,"Nestle Nesquik Gofret Sütlü Çikolata 26,7 Gr",21.0,TRY,01,0.0,0.0,0.0,0.0
2026-04-12,atistirmalik,Nestle Nesquik Kakaolu Tam Tahıllı Bar 25 Gr,27.0,TRY,01,0.0,0.0,0.0,0.0
2026-04-12,atistirmalik,Nestle Sütlü Çikolata Baton 30 Gr,43.5,TRY,01,0.0,0.0,0.0,1.1627906976744187
2026-04-12,atistirmalik,Oneo Slims 60Dk.Nane 14Grx27X6,29.0,TRY,01,0.0,0.0,0.0,0.0
2026-04-12,atistirmalik,Oreo Bisküvi 220Gr 12Lı,136.0,TRY,01,0.0,11.020408163265307,11.020408163265307,11.934156378600823
2026-04-12,atistirmalik,Polo Sparmint Tube 34Gr,29.5,TRY,01,0.0,0.0,0.0,0.0
2026-04-12,atistirmalik,Rocco Rengarenk 33Gr,33.5,TRY,01,0.0,0.0,0.0,1.5151515151515151
2026-04-12,atistirmalik,Sarı Üzüm Besni 1 Kg,568.0,TRY,01,0.0,,,
2026-04-12,atistirmalik,Siirt Fıstığı(Eko) 1000 Gr,1750.0,TRY,01,0.0,,,
2026-04-12,atistirmalik,Siirt Fıstığı(Eko) 250 Gr,435.0,TRY,01,0.0,,,
2026-04-12,atistirmalik,Siirt Fıstığı(Eko) 500 Gr,867.5,TRY,01,0.0,,,
2026-04-12,atistirmalik,Siirt Fıstığı(Eko) 750 Gr,1307.5,TRY,01,0.0,,,
2026-04-12,atistirmalik,Snickers Bar Çikolata 50 Gr,50.5,TRY,01,0.0,0.0,0.0,1.0
2026-04-12,atistirmalik,Şölen Biscolata Mood Bisküvi 125 Gr,85.0,TRY,01,0.0,0.0,0.0,0.591715976331361
2026-04-12,atistirmalik,Şölen Biscolata Mood Bitter Bisküvi 125 Gr,86.5,TRY,01,0.0,0.0,0.0,0.5813953488372093
2026-04-12,atistirmalik,Şölen Biscolata Mood Sütlü Bisküvi 40 Gr,34.0,TRY,01,0.0,0.0,0.0,0.0
2026-04-12,atistirmalik,Şölen Biscolata Pia Çikolatalı 100 Gr,86.5,TRY,01,0.0,0.0,0.0,9.49367088607595
2026-04-12,atistirmalik,Şölen Biscolata Pia Frambuazlı 100 Gr,86.5,TRY,01,0.0,0.0,0.0,9.49367088607595
2026-04-12,atistirmalik,Şölen Biscolata Pia Portakallı 100 Gr,86.5,TRY,01,0.0,0.0,0.0,9.49367088607595
2026-04-12,atistirmalik,Şölen Biscolata Starz Bitter Bisküvi 82 Gr,37.0,TRY,01,0.0,0.0,0.0,0.0
2026-04-12,atistirmalik,Şölen Biscolata Starz Sütlü Bisküvi 82 Gr,37.0,TRY,01,0.0,0.0,0.0,0.0
2026-04-12,atistirmalik,Şölen Biscolata Veni Çikolatalı Gofret 110 Gr,56.5,TRY,01,0.0,0.0,0.0,11.881188118811881
2026-04-12,atistirmalik,Şölen Biscolata Veni Fındıklı Gofret 110,56.5,TRY,01,0.0,0.0,0.0,11.881188118811881
2026-04-12,atistirmalik,Şölen Boombastic Fantastik Bar,28.5,TRY,01,0.0,0.0,0.0,1.7857142857142856
2026-04-12,atistirmalik,Şölen Boombastic Kek Bar 40 Gr,28.5,TRY,01,0.0,0.0,0.0,1.7857142857142856
2026-04-12,atistirmalik,Şölen Chocodans Tüm Fındıklı Karamelli Çikolata 125 Gr,103.0,TRY,01,0.0,0.0,0.0,8.421052631578947
2026-04-12,atistirmalik,Şölen Greta Mevsim Yeşillikli Kraker 120 Gr,71.5,TRY,01,0.0,0.0,0.0,18.181818181818183
2026-04-12,atistirmalik,Şölen Greta Zeytinli Ve Dağ Kekikli Kraker 120 Gr,71.5,TRY,01,0.0,0.0,0.0,18.181818181818183
2026-04-12,atistirmalik,Şölen Hoppo Bardak Bisküvi 90 Gr,69.5,TRY,01,0.0,0.0,0.0,0.7246376811594203
2026-04-12,atistirmalik,Şölen Luppo Kakaolu Sandviç Kek 184 Gr,89.0,TRY,01,0.0,-0.5586592178770949,-0.5586592178770949,-6.315789473684211
2026-04-12,atistirmalik,Şölen Luppo Karamelli Sandviç Kek 182 Gr,95.5,TRY,01,0.0,0.0,0.0,0.5263157894736842
2026-04-12,atistirmalik,Şölen Luppo Sütlü Sandviç Kek 184 Gr,89.0,TRY,01,0.0,-0.5586592178770949,-0.5586592178770949,-6.315789473684211
2026-04-12,atistirmalik,Şölen Nutymax Antep Fıstıklı Kremalı Çikolata 44 Gr,44.5,TRY,01,0.0,0.0,0.0,1.1363636363636365
2026-04-12,atistirmalik,Şölen Nutymax Fındıklı Kremalı Çikolata 44 Gr,44.5,TRY,01,0.0,0.0,0.0,1.1363636363636365
2026-04-12,atistirmalik,Şölen Ozmo 40Gr Hoppo,34.0,TRY,01,0.0,0.0,0.0,0.0
2026-04-12,atistirmalik,Şölen Ozmo Burger 36 Gr,34.0,TRY,01,0.0,0.0,0.0,0.0
2026-04-12,atistirmalik,Şölen Ozmo Cornet 25 Gr,20.5,TRY,01,0.0,0.0,0.0,0.0
2026-04-12,atistirmalik,Şölen Ozmo Cornet Çikolata 25 Gr,20.0,TRY,01,0.0,0.0,0.0,0.0
2026-04-12,atistirmalik,Şölen Ozmo Cornet Çok Al Az Öde 100 Gr,74.5,TRY,01,0.0,0.0,0.0,0.6756756756756757
2026-04-12,atistirmalik,Şölen Ozmo Egg Çikolatalı Yumurta 20 Gr,53.0,TRY,01,0.0,-0.9345794392523363,-0.9345794392523363,0.0
2026-04-12,atistirmalik,Şölen Ozmo Fun Figürlü Çikolata 23 Gr,34.0,TRY,01,0.0,0.0,0.0,0.0
2026-04-12,atistirmalik,Şölen Ozmo Hoppo Çilekli Bisküvi 40 Gr,34.0,TRY,01,0.0,0.0,0.0,0.0
2026-04-12,atistirmalik,Şölen Ozmo Krem Tüp Kakaolu Fındık Kreması 35 Gr,34.0,TRY,01,0.0,0.0,0.0,0.0
2026-04-12,atistirmalik,Şölen Ozmo Ogopogo Kakao Sütlü Kek 30 Gr,17.5,TRY,01,0.0,0.0,0.0,
2026-04-12,atistirmalik,Şölen Ozmo Popsy Renkli Çikolatalı Draje 24 Gr,35.5,TRY,01,0.0,0.0,0.0,
2026-04-12,atistirmalik,Şölen Ozmo Popsy Renkli Çikolatalı Draje 3 Lü 24 Gr,97.0,TRY,01,0.0,0.0,0.0,0.5181347150259068
2026-04-12,atistirmalik,Soslu Mısır 1 Kg,149.0,TRY,01,0.0,,,
2026-04-12,atistirmalik,Tadelle King Size Fındıklı Çikolata 52 Gr,71.0,TRY,01,0.0,0.0,0.0,0.7092198581560284
2026-04-12,atistirmalik,Tadım Bar Antep Fıstıklı 20 Gr,86.5,TRY,01,0.0,0.0,0.0,0.5813953488372093
2026-04-12,atistirmalik,Toblerone Beyaz Çikolata 100 Gr,182.0,TRY,01,0.0,35.31598513011153,35.31598513011153,23.809523809523807
2026-04-12,atistirmalik,Toblerone Sütlü Çikolata 100 Gr,182.0,TRY,01,0.0,35.31598513011153,35.31598513011153,23.809523809523807
2026-04-12,atistirmalik,Toblerone Sütlü Çikolata 35 Gr,66.5,TRY,01,0.0,0.0,0.0,0.7575757575757576
2026-04-12,atistirmalik,Torku 1 Daha Bol Çikolatalı Gofret 32 Gr,27.0,TRY,01,0.0,0.0,0.0,0.0
2026-04-12,atistirmalik,Torku Antep Fıstıklı Çikolata 65 Gr,115.0,TRY,01,0.0,5.990783410138248,5.990783410138248,6.976744186046512
2026-04-12,atistirmalik,Torku Bitter Çikolata 65 Gr,78.0,TRY,01,0.0,10.638297872340425,10.638297872340425,11.428571428571429
2026-04-12,atistirmalik,Torku Bitter Ve Portakal Kremalı Gofret 142 Gr,61.0,TRY,01,0.0,1.6666666666666667,1.6666666666666667,2.5210084033613445
2026-04-12,atistirmalik,Torku Bol Sütlü Kare Çikolata 65 Gr,78.0,TRY,01,0.0,,,11.428571428571429
2026-04-12,atistirmalik,Torku Çilekli Gofret 142 Gr,61.5,TRY,01,0.0,2.5,2.5,3.361344537815126
2026-04-12,atistirmalik,Torku Çokofest Frambuazlı Bar Çikolata 34 Gr,27.5,TRY,01,0.0,0.0,0.0,1.8518518518518516
2026-04-12,atistirmalik,Torku Çokofest Karamelli Bar Çikolata 34 Gr,27.5,TRY,01,0.0,0.0,0.0,1.8518518518518516
2026-04-12,atistirmalik,Torku Çokofest Karamelli Bar Çikolata 60 Gr,46.5,TRY,01,0.0,13.414634146341465,13.414634146341465,14.814814814814813
2026-04-12,atistirmalik,Torku Çubuk Kraker 32 Gr,8.0,TRY,01,0.0,0.0,0.0,0.0
2026-04-12,atistirmalik,Torku Enjoy Ahududu Soslu Kek 55 G,17.0,TRY,01,0.0,0.0,0.0,0.0
2026-04-12,atistirmalik,Torku Enjoy Çoko Çikolatalı Kek 55 Gr,17.0,TRY,01,0.0,0.0,0.0,0.0
2026-04-12,atistirmalik,Torku Enjoy Çoko Muzlu Kek 55 Gr,17.0,TRY,01,0.0,0.0,0.0,0.0
2026-04-12,atistirmalik,Torku Fav Muz 61Gr,16.5,TRY,01,0.0,0.0,0.0,3.125
2026-04-12,atistirmalik,Torku Favori Kremalı Muz 4*76Gr,55.5,TRY,01,0.0,0.0,0.0,0.0
2026-04-12,atistirmalik,Torku Favorimo Çikolata Kremalı Bisküvi 4 Lü 76 Gr,57.0,TRY,01,0.0,0.0,0.0,0.8849557522123894
2026-04-12,atistirmalik,Torku Favorimo Çikolata Kremalı Bisküvi 61 Gr,16.5,TRY,01,0.0,0.0,0.0,3.125
2026-04-12,atistirmalik,Torku Fındık Kremalı Bisküvi 4 Lü 76 Gr,57.0,TRY,01,0.0,0.0,0.0,0.8849557522123894
2026-04-12,atistirmalik,Torku Fındık Kremalı Bisküvi 61 Gr,16.5,TRY,01,0.0,0.0,0.0,3.125
2026-04-12,atistirmalik,Torku Fındıklı Çikolata 60 Gr,78.0,TRY,01,0.0,10.638297872340425,10.638297872340425,11.428571428571429
2026-04-12,atistirmalik,Torku Fındıklı Gofret 142 Gr,61.5,TRY,01,0.0,2.5,2.5,3.361344537815126
2026-04-12,atistirmalik,Torku Gala Karamelli Kek 50 Gr,26.0,TRY,01,0.0,0.0,0.0,0.0
2026-04-12,atistirmalik,Torku Gala Orman Meyveli Kek 50 Gr,26.0,TRY,01,0.0,0.0,0.0,0.0
2026-04-12,atistirmalik,Torku Kakaolu Fındıklı Kek 35 Gr,13.5,TRY,01,0.0,0.0,0.0,3.8461538461538463
2026-04-12,atistirmalik,Torku Kakaolu Vanilyalı Gofret 142 Gr,61.5,TRY,01,0.0,2.5,2.5,3.361344537815126
2026-04-12,atistirmalik,Torku Karamel Ve Fındık Kremalı Gofret 142 Gr,61.5,TRY,01,0.0,2.5,2.5,3.361344537815126
2026-04-12,atistirmalik,Torku Meyveli Kek 35 Gr,13.5,TRY,01,0.0,0.0,0.0,3.8461538461538463
2026-04-12,atistirmalik,Torku Miniki Nuga Çikolatalı Bar 72 Gr,63.0,TRY,01,0.0,0.0,0.0,0.8
2026-04-12,atistirmalik,Torku Miniki Portakallı Turtacık 94 Gr,21.5,TRY,01,0.0,0.0,0.0,0.0
2026-04-12,atistirmalik,Torku No 1 Çikolatalı Gofret 35 Gr,21.0,TRY,01,0.0,5.0,5.0,7.6923076923076925
2026-04-12,atistirmalik,Torku No 1 Çikolatalı Gofret 5 X 35 Gr,98.0,TRY,01,0.0,0.0,0.0,5.9459459459459465
2026-04-12,atistirmalik,Torku Orman Meyveli Gofret 142 Gr,61.5,TRY,01,0.0,2.5,2.5,3.361344537815126
2026-04-12,atistirmalik,Torku Pötibör Bisküvi 700 Gr,96.5,TRY,01,0.0,-6.763285024154589,-6.763285024154589,0.5208333333333333
2026-04-12,atistirmalik,Torku Premio Bisküvi 3 Lü 86 Gr,65.5,TRY,01,0.0,0.0,0.0,0.7692307692307693
2026-04-12,atistirmalik,Torku Premio Bisküvi 86 Gr,24.0,TRY,01,0.0,0.0,0.0,2.127659574468085
2026-04-12,atistirmalik,Torku Sade Kremalı Bisküvi 61 Gr,16.5,TRY,01,0.0,0.0,0.0,3.125
2026-04-12,atistirmalik,Torku Tam Buğdaylı Bisküvi 131 Gr,31.5,TRY,01,0.0,0.0,0.0,1.6129032258064515
2026-04-12,atistirmalik,Torku Tam Buğdaylı Bisküvi 3 X 131 Gr,84.5,TRY,01,0.0,0.0,0.0,0.5952380952380952
2026-04-12,atistirmalik,Torku Tam Çikolatam 3 Lü Bisküvi 83 Gr,92.0,TRY,01,0.0,0.0,0.0,1.098901098901099
2026-04-12,atistirmalik,Torku Tam Çikolatam Bisküvi 83 Gr,32.0,TRY,01,0.0,0.0,0.0,1.5873015873015872
2026-04-12,atistirmalik,Torku Tam Kakaolu Kremalım Bisküvi 3 Lü 83 Gr,78.0,TRY,01,0.0,0.0,0.0,0.6451612903225806
2026-04-12,atistirmalik,Torku Tam Kremalım Kakao Kremalı Bisküvi 83 Gr,27.5,TRY,01,0.0,0.0,0.0,0.0
2026-04-12,atistirmalik,Torku Tam Ruşeymli Çikolatalı Bisküvi 84 Gr,41.0,TRY,01,0.0,0.0,0.0,1.2345679012345678
2026-04-12,atistirmalik,Torku Tam Yulaflı Bisküvi 3X118 Gr,74.0,TRY,01,0.0,0.0,0.0,0.6802721088435374
2026-04-12,atistirmalik,Torku Tatkrak Baharatlı Kraker 77 Gr,18.0,TRY,01,0.0,0.0,0.0,2.857142857142857
2026-04-12,atistirmalik,Torku Tatkrak Peynirli Kraker 77 Gr,18.0,TRY,01,0.0,0.0,0.0,2.857142857142857
2026-04-12,atistirmalik,Torku Turtacık Portakal Jöleli 102 Gr,28.0,TRY,01,0.0,,,0.0
2026-04-12,atistirmalik,Toybox Çakıl Çikolata 15 Gr,24.0,TRY,01,0.0,0.0,0.0,2.127659574468085
2026-04-12,atistirmalik,Toybox Choco Stick Kakolu Fındık Kreması 56 Gr,61.0,TRY,01,0.0,0.0,0.0,0.8264462809917356
2026-04-12,atistirmalik,Toybox Fındıklı Sütlü Çikolata 20 Gr,29.5,TRY,01,0.0,0.0,0.0,0.0
2026-04-12,atistirmalik,Tuzlu Leblebi 1 Kg,302.0,TRY,01,0.0,,,
2026-04-12,atistirmalik,Twix Çikolata 50 Gr,50.0,TRY,01,0.0,0.0,0.0,1.0101010101010102
2026-04-12,atistirmalik,Ülker %60 Bitter Çikolata 60 Gr,72.5,TRY,01,0.0,-8.80503144654088,-8.80503144654088,-8.227848101265822
2026-04-12,atistirmalik,Ülker %60 Bitter Tablet Çikolata 70 Gr,117.0,TRY,01,0.0,0.0,0.0,0.4291845493562232
2026-04-12,atistirmalik,Ülker %80 Bitter Çikolata 60 Gr,79.5,TRY,01,0.0,0.0,0.0,0.6329113924050633
2026-04-12,atistirmalik,Ülker 9 Kat Tat Fındık Kremalı Gofret 39 Gr,16.0,TRY,01,0.0,0.0,0.0,0.0
2026-04-12,atistirmalik,Ülker 9 Kat Tat İnce İnce Çilek Gofret 114 Gr,48.0,TRY,01,0.0,0.0,0.0,1.0526315789473684
2026-04-12,atistirmalik,Ülker 9 Kat Tat İnce İnce Hindistan Cevizli Gofret 114 Gr,48.0,TRY,01,0.0,0.0,0.0,1.0526315789473684
2026-04-12,atistirmalik,Ülker Albeni 40 Gr,26.0,TRY,01,0.0,-1.8867924528301887,-1.8867924528301887,-1.8867924528301887
2026-04-12,atistirmalik,Ülker Albeni 72 Gr,48.0,TRY,01,0.0,0.0,0.0,1.0526315789473684
2026-04-12,atistirmalik,Ülker Albeni Büyük 52 Gr,29.0,TRY,01,0.0,-1.694915254237288,-1.694915254237288,0.0
2026-04-12,atistirmalik,Ülker Albeni Extra 170 Gr,114.0,TRY,01,0.0,0.0,0.0,0.4405286343612335
2026-04-12,atistirmalik,Ülker Albeni Kek 43 Gr,33.0,TRY,01,0.0,0.0,0.0,1.5384615384615385
2026-04-12,atistirmalik,Ülker Albeni Mini Çoklu Paket 89 Gr,73.0,TRY,01,0.0,0.0,0.0,0.6896551724137931
2026-04-12,atistirmalik,Ülker Albeni Tane Tane Çikolata 29 Gr,38.5,TRY,01,0.0,0.0,0.0,1.3157894736842104
2026-04-12,atistirmalik,Ülker Albeni Viva 36 Gr,20.5,TRY,01,0.0,0.0,0.0,2.5
2026-04-12,atistirmalik,Ülker Alpella 3Gen Gofret Beyaz 28 Gr,22.5,TRY,01,0.0,0.0,0.0,2.272727272727273
2026-04-12,atistirmalik,Ülker Altınbaşak Çörekotlu Kinoalı Bisküvi 40 Gr,18.0,TRY,01,0.0,0.0,0.0,2.857142857142857
2026-04-12,atistirmalik,Ülker Altınbaşak Grissini 125 Gr,80.5,TRY,01,0.0,0.0,0.0,0.625
2026-04-12,atistirmalik,Ülker Altınbaşak Kepekli Grissini 125 Gr,81.0,TRY,01,0.0,0.0,0.0,0.6211180124223602
2026-04-12,atistirmalik,Ülker Altınbaşak Light Yulaflı Kraker 46 Gr,17.0,TRY,01,0.0,0.0,0.0,0.0
2026-04-12,atistirmalik,Ülker Altınbaşak Yulaflı Kepekli Bisküvi 5 X 46 Gr,82.0,TRY,01,0.0,0.0,0.0,0.6134969325153374
2026-04-12,atistirmalik,Ülker Antep Fıstıklı Beyaz Çikolata 65 Gr (1 adet),131.5,TRY,01,0.0,0.0,0.0,0.7662835249042145
2026-04-12,atistirmalik,Ülker Antep Fıstıklı Beyaz Çikolata 65 Gr (6 adet),782.0,TRY,01,0.0,0.0,0.0,2.2222222222222223
2026-04-12,atistirmalik,Ülker Antep Fıstıklı Çikolata 30 Gr,68.5,TRY,01,0.0,0.0,0.0,0.7352941176470588
2026-04-12,atistirmalik,Ülker Bebe Bisküvisi 172 Gr,54.0,TRY,01,0.0,0.0,0.0,0.9345794392523363
2026-04-12,atistirmalik,Ülker Bebe Bisküvisi 800 Gr,170.0,TRY,01,0.0,-10.99476439790576,-10.99476439790576,-10.29023746701847
2026-04-12,atistirmalik,Ülker Biskrem 100 Gr,34.5,TRY,01,0.0,0.0,0.0,1.4705882352941175
2026-04-12,atistirmalik,Ülker Biskrem 150 Gr,48.0,TRY,01,0.0,0.0,0.0,1.0526315789473684
2026-04-12,atistirmalik,Ülker Biskrem 200 Gr,63.0,TRY,01,0.0,0.0,0.0,0.8
2026-04-12,atistirmalik,Ülker Biskrem Extra Kakao Kremalı Bisküvi 184 Gr,69.0,TRY,01,0.0,0.0,0.0,0.7299270072992701
2026-04-12,atistirmalik,Ülker Bitter Çikolata 30 Gr,46.0,TRY,01,0.0,0.0,0.0,0.0
2026-04-12,atistirmalik,Ülker Bonbon Karışık Meyve 36 Gr,26.5,TRY,01,0.0,0.0,0.0,0.0
2026-04-12,atistirmalik,Ülker Bonbon Nane 36 Gr,26.5,TRY,01,0.0,0.0,0.0,0.0
2026-04-12,atistirmalik,Ülker Bütün Antep Fıstıklı Çikolata 65 Gr,103.5,TRY,01,0.0,0.0,0.0,0.975609756097561
2026-04-12,atistirmalik,Ülker Canpare Kremalı Bisküvi 81 Gr,32.5,TRY,01,0.0,0.0,0.0,1.5625
2026-04-12,atistirmalik,Ülker Canpare Kremalı Bisküvi Fındıklı 81 Gr,32.5,TRY,01,0.0,0.0,0.0,1.5625
2026-04-12,atistirmalik,Ülker Caramio Baton Çikolata 32 Gr,36.5,TRY,01,0.0,0.0,0.0,1.3888888888888888
2026-04-12,atistirmalik,Ülker Caramio Baton Çikolata 55 Gr,58.0,TRY,01,0.0,0.0,0.0,0.8695652173913043
2026-04-12,atistirmalik,Ülker Çikolata İstanbul Fındıklı Çıtır Kadayıflı 93 Gr,116.0,TRY,01,0.0,0.0,0.0,0.0
2026-04-12,atistirmalik,Ülker Çikolatalı Bitter Gofret 36 Gr,20.0,TRY,01,0.0,-6.976744186046512,-6.976744186046512,-6.976744186046512
2026-04-12,atistirmalik,Ülker Çikolatalı Gofret 36 Gr,24.5,TRY,01,0.0,22.5,22.5,22.5
2026-04-12,atistirmalik,Ülker Çikolatalı Gofret Mini 82 Gr,72.5,TRY,01,0.0,0.0,0.0,0.6944444444444444
2026-04-12,atistirmalik,Ülker Çikolatalı Rulo Pasta 235 Gr,91.0,TRY,01,0.0,0.0,0.0,0.5524861878453038
2026-04-12,atistirmalik,Ülker Çilekli Rulo Pasta 235 Gr,91.0,TRY,01,0.0,0.0,0.0,0.5524861878453038
2026-04-12,atistirmalik,Ülker Çizi Kraker 280 Gr,73.0,TRY,01,0.0,0.0,0.0,0.6896551724137931
2026-04-12,atistirmalik,Ülker Çizi Peynirli Kraker 70 Gr,20.0,TRY,01,0.0,0.0,0.0,0.0
2026-04-12,atistirmalik,Ülker Çiziviç 3 Lü 246 Gr,75.0,TRY,01,0.0,0.0,0.0,0.6711409395973155
2026-04-12,atistirmalik,Ülker Çiziviç Kraker 82 Gr,26.5,TRY,01,0.0,0.0,0.0,0.0
2026-04-12,atistirmalik,Ülker Cocostar 25 Gr,17.0,TRY,01,0.0,0.0,0.0,0.0
2026-04-12,atistirmalik,Ülker Cocostar Atıştırmalık Büyük Boy 154 Gr,95.0,TRY,01,0.0,0.0,0.0,
2026-04-12,atistirmalik,Ülker Cocostar Atıştırmalık Sandviç Bisküvi 66 Gr,36.5,TRY,01,0.0,0.0,0.0,1.3888888888888888
2026-04-12,atistirmalik,Ülker Çokomel 4 Lü Sade 36 Gr,23.0,TRY,01,0.0,0.0,0.0,0.0
2026-04-12,atistirmalik,Ülker Çokomilk Sütlü Nugalı Bar Çikolata 24 Gr,13.0,TRY,01,0.0,0.0,0.0,0.0
2026-04-12,atistirmalik,Ülker Çokonat 33 Gr,32.0,TRY,01,0.0,-4.477611940298507,-4.477611940298507,-4.477611940298507
2026-04-12,atistirmalik,Ülker Çokoprens 30 Gr,11.5,TRY,01,0.0,0.0,0.0,4.545454545454546
2026-04-12,atistirmalik,Ülker Çokoprens 300 Gr,76.5,TRY,01,0.0,-0.6493506493506493,-0.6493506493506493,0.0
2026-04-12,atistirmalik,Ülker Çokoprens 81 Gr,26.5,TRY,01,0.0,0.0,0.0,0.0
2026-04-12,atistirmalik,Ülker Çubuk Kraker 40 Gr,8.5,TRY,01,0.0,0.0,0.0,0.0
2026-04-12,atistirmalik,Ülker Çubuk Kraker 80 Gr,15.0,TRY,01,0.0,0.0,0.0,3.4482758620689653
2026-04-12,atistirmalik,Ülker Dankek 8 Kek Çikolatalı Çilekli Kek 55 Gr,17.0,TRY,01,0.0,0.0,0.0,0.0
2026-04-12,atistirmalik,Ülker Dankek 8 Kek Duble Çikolatalı Kek 55 Gr,17.0,TRY,01,0.0,0.0,0.0,0.0
2026-04-12,atistirmalik,Ülker Dankek 8 Kek Muzlu Çikolatalı Kek 55 Gr,17.0,TRY,01,0.0,0.0,0.0,0.0
2026-04-12,atistirmalik,Ülker Dankek Çay Saati Kakaolu Kek 200 Gr,72.5,TRY,01,0.0,0.0,0.0,0.6944444444444444
2026-04-12,atistirmalik,Ülker Dankek Çay Saati Meyveli Kek 200 Gr,72.5,TRY,01,0.0,0.0,0.0,0.6944444444444444
2026-04-12,atistirmalik,Ülker Dankek Çay Saati Mozaik Kek 200 Gr,71.5,TRY,01,0.0,-1.3793103448275863,-1.3793103448275863,-0.6944444444444444
2026-04-12,atistirmalik,Ülker Dankek Lokmalık Havuçlu Tarçınlı Kek 160 Gr,67.0,TRY,01,0.0,0.0,0.0,10.743801652892563
2026-04-12,atistirmalik,Ülker Dankek Lokmalık Hindistan Cevizli Kek 160 Gr,67.0,TRY,01,0.0,0.0,0.0,10.743801652892563
2026-04-12,atistirmalik,Ülker Dankek Lokmalık Kakaolu Kek 160 Gr,67.0,TRY,01,0.0,0.0,0.0,10.743801652892563
2026-04-12,atistirmalik,Ülker Dankek Lokmalık Üzümlü Kek 160 Gr,67.0,TRY,01,0.0,0.0,0.0,10.743801652892563
2026-04-12,atistirmalik,Ülker Dankek Pöti Muffin Hindistan Cevizli Kek 35 Gr,13.5,TRY,01,0.0,0.0,0.0,3.8461538461538463
2026-04-12,atistirmalik,Ülker Dankek Pöti Muffin Kakaolu Kek 35 Gr,13.5,TRY,01,0.0,0.0,0.0,3.8461538461538463
2026-04-12,atistirmalik,Ülker Dankek Pöti Muffin Meyveli Kek 35 Gr,13.5,TRY,01,0.0,0.0,0.0,3.8461538461538463
2026-04-12,atistirmalik,Ülker Dido Sütlü Çikolatalı Gofret 35 Gr,41.0,TRY,01,0.0,12.32876712328767,12.32876712328767,13.88888888888889
2026-04-12,atistirmalik,"Ülker Dido Trio Beyaz Çikolatalı Gofret 36,5 Gr",39.5,TRY,01,0.0,0.0,0.0,1.282051282051282
2026-04-12,atistirmalik,Ülker Dore Çikolata Dolgulu Bisküvi 86 Gr,39.0,TRY,01,0.0,0.0,0.0,1.2987012987012987
2026-04-12,atistirmalik,Ülker Finger Bisküvi 150 Gr,133.0,TRY,01,0.0,0.0,0.0,0.37735849056603776
2026-04-12,atistirmalik,Ülker Fındık Aromalı Gofret 220 Gr,69.0,TRY,01,0.0,0.0,0.0,0.7299270072992701
2026-04-12,atistirmalik,"Ülker Fındık Rüyası Çikolata 40,5 Gr",46.5,TRY,01,0.0,0.0,0.0,1.0869565217391304
2026-04-12,atistirmalik,Ülker Fındıklı Çikolata 30 Gr,46.0,TRY,01,0.0,0.0,0.0,0.0
2026-04-12,atistirmalik,Ülker Fındıklı Çikolata 60 Gr,95.0,TRY,01,0.0,0.0,0.0,0.5291005291005291
2026-04-12,atistirmalik,Ülker Fıstıklı Kare Bitter Çikolata 65 Gr,131.0,TRY,01,0.0,0.0,0.0,0.7692307692307693
2026-04-12,atistirmalik,Ülker Halley Çikolata Kaplamalı Bisküvi 30 Gr,16.5,TRY,01,0.0,0.0,0.0,3.125
2026-04-12,atistirmalik,Ülker Halley Çikolata Kaplamalı Bisküvi 8 Li 240 Gr,106.5,TRY,01,0.0,-11.618257261410788,-11.618257261410788,-10.87866108786611
2026-04-12,atistirmalik,Ülker Halley Karadutlu Çikolata Kaplamalı Bisküvi 7 Li,117.5,TRY,01,0.0,0.0,0.0,0.8583690987124464
2026-04-12,atistirmalik,Ülker Halley Karadutlu Çikolata Kaplamalı Mini Bisküvi 74 Gr,36.5,TRY,01,0.0,0.0,0.0,1.3888888888888888
2026-04-12,atistirmalik,Ülker Hanımeller Asorti Kurabiye 150 Gr,48.5,TRY,01,0.0,0.0,0.0,0.0
2026-04-12,atistirmalik,Ülker Hanımeller Çokodamla Poşet Bisküvi 150 Gr,56.0,TRY,01,0.0,0.0,0.0,0.9009009009009009
2026-04-12,atistirmalik,Ülker Hanımeller Fındıklı Bisküvi 82 Gr,26.5,TRY,01,0.0,0.0,0.0,0.0
2026-04-12,atistirmalik,Ülker Hanımeller Tuzlu Karma Poşet Bisküvi 150 Gr,56.0,TRY,01,0.0,0.0,0.0,0.9009009009009009
2026-04-12,atistirmalik,Ülker Haylayf 64 Gr,17.0,TRY,01,0.0,0.0,0.0,3.0303030303030303
2026-04-12,atistirmalik,Ülker Haylayf Bisküvi 256 Gr,59.5,TRY,01,0.0,0.0,0.0,0.847457627118644
2026-04-12,atistirmalik,Ülker Hobby Çikolata Kaplı Fındıklı Bar 25 Gr,13.5,TRY,01,0.0,0.0,0.0,0.0
2026-04-12,atistirmalik,Ülker Hobby Çikolata Mini Bar 600 Gr,295.0,TRY,01,0.0,,,
2026-04-12,atistirmalik,Ülker İkram Çikolata Kremalı Sandviç Bisküvi 252 Gr,71.0,TRY,01,0.0,-8.38709677419355,-8.38709677419355,-7.792207792207792
2026-04-12,atistirmalik,Ülker İkram Fındık Kremalı Sandviç Bisküvi 252 Gr,71.0,TRY,01,0.0,-8.38709677419355,-8.38709677419355,-7.792207792207792
2026-04-12,atistirmalik,Ülker İkram Kremalı Bisküvi 84 Gr,29.5,TRY,01,0.0,0.0,0.0,0.0
2026-04-12,atistirmalik,Ülker İkram Kremalı Bisküvi Çikolatalı 84 Gr,29.5,TRY,01,0.0,0.0,0.0,0.0
2026-04-12,atistirmalik,Ülker Kat Kat Çilekli Milföy 28 Gr,13.5,TRY,01,0.0,0.0,0.0,0.0
2026-04-12,atistirmalik,Ülker Kat Kat Fındıklı Milföy 25 Gr,13.5,TRY,01,0.0,0.0,0.0,0.0
2026-04-12,atistirmalik,Ülker Kekstra Çilekli Kek 40 Gr,15.0,TRY,01,0.0,0.0,0.0,3.4482758620689653
2026-04-12,atistirmalik,Ülker Kekstra Konfeti Kakaolu Kek 38 Gr,18.5,TRY,01,0.0,0.0,0.0,0.0
2026-04-12,atistirmalik,Ülker Kremalı Sandviç Bisküvi 4 Lü 244 Gr,63.5,TRY,01,0.0,-4.511278195488721,-4.511278195488721,-3.787878787878788
2026-04-12,atistirmalik,Ülker Kremalı Sandviç Bisküvi 61 Gr,17.0,TRY,01,0.0,0.0,0.0,0.0
2026-04-12,atistirmalik,Ülker Kremalı Sandviç Bisküvi 8 Li 488 Gr,106.0,TRY,01,0.0,-11.297071129707113,-11.297071129707113,-10.548523206751055
2026-04-12,atistirmalik,Ülker Kremini Ahududulu Şeker 44 Gr,26.5,TRY,01,0.0,0.0,0.0,0.0
2026-04-12,atistirmalik,Ülker Kremini Çilekli Şeker 44 Gr,26.5,TRY,01,0.0,0.0,0.0,0.0
2026-04-12,atistirmalik,Ülker Kremini Karpuzlu Şeker 44 Gr,26.5,TRY,01,0.0,0.0,0.0,0.0
2026-04-12,atistirmalik,Ülker Kremini Tropikal Şeker 30 Gr,26.5,TRY,01,0.0,0.0,0.0,0.0
2026-04-12,atistirmalik,Ülker Kremini Vişneli Şeker 44 Gr,26.5,TRY,01,0.0,0.0,0.0,0.0
2026-04-12,atistirmalik,Ülker Krispi Baharatlı Çubuk 43 Gr,13.5,TRY,01,0.0,0.0,0.0,0.0
2026-04-12,atistirmalik,Ülker Krispi Meksika Acılı Çubuk Kraker 43 Gr,13.5,TRY,01,0.0,0.0,0.0,0.0
2026-04-12,atistirmalik,Ülker Laviva Dolgulu Ve Bisküvili Çikolata 35 Gr,41.0,TRY,01,0.0,12.32876712328767,12.32876712328767,13.88888888888889
2026-04-12,atistirmalik,Ülker Metro 36 Gr,21.5,TRY,01,0.0,0.0,0.0,0.0
2026-04-12,atistirmalik,"Ülker Metro Büyük 50,4 Gr",29.0,TRY,01,0.0,0.0,0.0,1.7543859649122806
2026-04-12,atistirmalik,Ülker Metro Mini Çoklu Paket 102 Gr,74.5,TRY,01,0.0,0.0,0.0,0.6756756756756757
2026-04-12,atistirmalik,Ülker Muzlu Rulo Pasta 235 Gr,91.0,TRY,01,0.0,0.0,0.0,0.5524861878453038
2026-04-12,atistirmalik,Ülker Napoliten Sütlü Çikolata 33 Gr,56.5,TRY,01,0.0,0.0,0.0,0.0
2026-04-12,atistirmalik,Ülker Olala Frambuazlı Sufle Kek 70 Gr,46.5,TRY,01,0.0,0.0,0.0,1.0869565217391304
2026-04-12,atistirmalik,Ülker Olala Sufle Kek 70 Gr,46.5,TRY,01,0.0,0.0,0.0,1.0869565217391304
2026-04-12,atistirmalik,Ülker Oneo Çilek Aromalı Draje 60 Gr,73.5,TRY,01,0.0,0.0,0.0,0.684931506849315
2026-04-12,atistirmalik,Ülker Oneo Dopdolu Nane Draje Sakız 76 Gr,111.5,TRY,01,0.0,0.0,0.0,0.904977375565611
2026-04-12,atistirmalik,Ülker Oneo Fliptop Nane Aromalı Draje 21 Gr,29.5,TRY,01,0.0,0.0,0.0,0.0
2026-04-12,atistirmalik,Ülker Oneo Karpuz Aromalı Draje 60 Gr,73.5,TRY,01,0.0,0.0,0.0,0.684931506849315
2026-04-12,atistirmalik,Ülker Oneo Nane Aromalı Draje 60 Gr,73.5,TRY,01,0.0,0.0,0.0,0.684931506849315
2026-04-12,atistirmalik,Ülker Oneo Slim Çilek Aromalı Sakız 14 Gr,29.0,TRY,01,0.0,0.0,0.0,0.0
2026-04-12,atistirmalik,Ülker Oneo Slim Karpuz Aromalı Sakız 14 Gr,29.0,TRY,01,0.0,0.0,0.0,0.0
2026-04-12,atistirmalik,Ülker Oneo Slim Nane Aromalı Sakız 14 Gr,26.0,TRY,01,0.0,-10.344827586206897,-10.344827586206897,-10.344827586206897
2026-04-12,atistirmalik,Ülker Oneo Slim Yeşil Nane Aromalı Sakız 14 Gr,26.0,TRY,01,0.0,-10.344827586206897,-10.344827586206897,-10.344827586206897
2026-04-12,atistirmalik,Ülker Petibör Çifte Kavrulmuş Bisküvi 175 Gr,40.5,TRY,01,0.0,0.0,0.0,0.0
2026-04-12,atistirmalik,Ülker Piko Portakallı Çikolata Kaplamalı 18 Gr,13.5,TRY,01,0.0,0.0,0.0,0.0
2026-04-12,atistirmalik,Ülker Pötibör Bisküvi 175 Gr,40.5,TRY,01,0.0,0.0,0.0,0.0
2026-04-12,atistirmalik,Ülker Pötibör Bisküvi 450 Gr,92.0,TRY,01,0.0,0.0,0.0,8.235294117647058
2026-04-12,atistirmalik,Ülker Pötibör Bisküvi 800 Gr,137.5,TRY,01,0.0,0.0,0.0,0.7326007326007326
2026-04-12,atistirmalik,Ülker Pötibör Çifte Kavrulmuş Bisküvi 450 Gr,92.0,TRY,01,0.0,0.0,0.0,8.875739644970414
2026-04-12,atistirmalik,Ülker Probis 75 Gr,29.5,TRY,01,0.0,0.0,0.0,0.0
2026-04-12,atistirmalik,Ülker Probis Bisküvi 10 Lu 28 Gr,95.0,TRY,01,0.0,-0.5235602094240838,-0.5235602094240838,0.0
2026-04-12,atistirmalik,Ülker Rondo Çilek Kremalı Bisküvi 488 Gr,108.0,TRY,01,0.0,-11.11111111111111,-11.11111111111111,-10.743801652892563
2026-04-12,atistirmalik,Ülker Rondo Çilek Kremalı Bisküvi 61 Gr,17.5,TRY,01,0.0,0.0,0.0,0.0
2026-04-12,atistirmalik,Ülker Rondo Muz Kremalı Bisküvi 61 Gr,17.5,TRY,01,0.0,0.0,0.0,0.0
2026-04-12,atistirmalik,Ülker Rulokat 42 Gr,24.5,TRY,01,0.0,0.0,0.0,0.0
2026-04-12,atistirmalik,Ülker Rulokat Teneke 170 Gr,87.5,TRY,01,0.0,-0.5681818181818182,-0.5681818181818182,0.0
2026-04-12,atistirmalik,Ülker Saklıköy Çikolatalı Kremalı Bisküvi 87 Gr,29.5,TRY,01,0.0,0.0,0.0,0.0
2026-04-12,atistirmalik,Ülker Saklıköy Çikolatalı Sütlü Kremalı Bisküvi 100 Gr,46.0,TRY,01,0.0,0.0,0.0,1.098901098901099
2026-04-12,atistirmalik,Ülker Saklıköy Sütlü Kremalı Bisküvi 100 Gr,30.5,TRY,01,0.0,0.0,0.0,0.0
2026-04-12,atistirmalik,Ülker Saklıköy Sütlü Kremalı Bisküvi 264 Gr,74.0,TRY,01,0.0,0.0,0.0,0.6802721088435374
2026-04-12,atistirmalik,Ülker Susamlı Çubuk Kraker 45 Gr,15.0,TRY,01,0.0,0.0,0.0,3.4482758620689653
2026-04-12,atistirmalik,Ülker Susamlı Çubuk Kraker 70 Gr,21.5,TRY,01,0.0,0.0,0.0,0.0
2026-04-12,atistirmalik,Ülker Sütlü Çikolata 30 Gr,46.0,TRY,01,0.0,0.0,0.0,0.0
2026-04-12,atistirmalik,Ülker Sütlü Kare Çikolata 60 Gr,72.0,TRY,01,0.0,-9.433962264150944,-9.433962264150944,-8.860759493670885
2026-04-12,atistirmalik,Ülker Taç Kraker 76 Gr,20.5,TRY,01,0.0,0.0,0.0,0.0
2026-04-12,atistirmalik,Ülker Üzümlü Fındıklı Kare Çikolata 65 Gr,95.5,TRY,01,0.0,0.0,0.0,0.5263157894736842
2026-04-12,atistirmalik,Ülker Vanilya Aromalı Gofret 220 Gr,69.0,TRY,01,0.0,0.0,0.0,0.7299270072992701
2026-04-12,atistirmalik,Ülker Yupo Jelly Ayıcık 80 Gr,31.0,TRY,01,0.0,-30.337078651685395,-30.337078651685395,-29.545454545454547
2026-04-12,atistirmalik,Ülker Yupo Jelly Kola 80 Gr,44.0,TRY,01,0.0,-1.1235955056179776,-1.1235955056179776,0.0
2026-04-12,atistirmalik,Ülker Yupo Jelly Meyve Bahçesi 80 Gr,44.0,TRY,01,0.0,-1.1235955056179776,-1.1235955056179776,0.0
2026-04-12,atistirmalik,Ülker Yupo Jelly Portakal 20 Gr,18.0,TRY,01,0.0,0.0,0.0,2.857142857142857
2026-04-12,atistirmalik,Ülker Yupo Solucan 80 Gr,44.0,TRY,01,0.0,-1.1235955056179776,-1.1235955056179776,0.0
2026-04-12,atistirmalik,Üzüm Siyah Çekirdeksiz 1 Kg,600.0,TRY,01,0.0,,,
2026-04-12,atistirmalik,Uzungil 10 Lu Kornet Külahı 30 Gr,38.5,TRY,01,0.0,0.0,0.0,0.0
2026-04-12,atistirmalik,Uzungil Hurma Şekeri 400Gr,124.0,TRY,01,0.0,0.0,0.0,0.8130081300813009
2026-04-12,atistirmalik,Uzungil Kağıt Helva 45 Gr,25.0,TRY,01,0.0,0.0,0.0,2.0408163265306123
2026-04-12,atistirmalik,Uzungil Pişmaniye 400Gr,116.5,TRY,01,0.0,0.0,0.0,0.8658008658008658
2026-04-12,atistirmalik,Vivident 360 Karpuz Aromalı Sakız 33 gr (1 adet),67.5,TRY,01,0.0,0.0,0.0,2.272727272727273
2026-04-12,atistirmalik,Vivident Air Action Bottle Mentol Okalip Aromalı Sakız 67GR,111.0,TRY,01,0.0,0.0,0.0,2.3041474654377883
2026-04-12,atistirmalik,Vivident Cube Nane Aromalı Sakız 86 Gr,146.5,TRY,01,0.0,0.0,0.0,2.4475524475524475
2026-04-12,atistirmalik,Vivident Cüzdan 360 Nane,67.5,TRY,01,0.0,0.0,0.0,2.272727272727273
2026-04-12,atistirmalik,Vivident Cüzdan Active Nane Aromalı Sakız,70.0,TRY,01,0.0,0.0,0.0,0.7194244604316548
2026-04-12,atistirmalik,Vivident Cüzdan Damla Sakızlı 18’li x 26 gr,1242.0,TRY,01,0.0,0.0,0.0,2.814569536423841
2026-04-12,atistirmalik,Vivident Cüzdan Damla Sakızlı 26 gr,70.0,TRY,01,0.0,0.0,0.0,0.7194244604316548
2026-04-12,atistirmalik,Vivident Cüzdan Extra Mentol Nane Aromalı,67.5,TRY,01,0.0,0.0,0.0,2.272727272727273
2026-04-12,atistirmalik,Vivident Extra Sakız Mentol&Nane Aromalı 66 G Şişe,111.0,TRY,01,0.0,0.0,0.0,2.3041474654377883
2026-04-12,atistirmalik,Vivident Storming 45 Dakika,67.5,TRY,01,0.0,0.0,0.0,0.0
2026-04-12,atistirmalik,Vivident Storming Ahududu Aromalı Sakız 33 Gr,67.5,TRY,01,0.0,0.0,0.0,2.272727272727273
2026-04-12,atistirmalik,Vivident Storming Çilek Aromalı Sakız 12 Li,70.0,TRY,01,0.0,0.0,0.0,0.7194244604316548
2026-04-12,atistirmalik,Vivident Storming Damla Sakızı Aromalı Sakız 12 Li,67.5,TRY,01,0.0,0.0,0.0,0.0
2026-04-12,atistirmalik,Vivident Storming Karpuz Aromalı Sakız,70.0,TRY,01,0.0,0.0,0.0,0.7194244604316548
2026-04-12,atistirmalik,Vivident Storming Nane Aromalı Sakız 12 Li,67.5,TRY,01,0.0,0.0,0.0,0.0
2026-04-12,atistirmalik,Vivident Storming Yeşil Nane Aromalı Sakız 33 Gr,67.5,TRY,01,0.0,0.0,0.0,0.0
2026-04-12,atistirmalik,Vivident Yeşil Nane Aromalı Sakız 67 G,111.0,TRY,01,0.0,0.0,0.0,2.3041474654377883
2026-04-12,atistirmalik,Yaban Mersini 1 Kg,592.0,TRY,01,0.0,,,
2026-04-12,atistirmalik,Ay Çekirdeği İçi 1 Kg,167.0,TRY,01,0.0,,,
2026-04-12,atistirmalik,Kavrulmuş Kaju – 250 Gr,255.0,TRY,01,0.0,,,
2026-04-12,atistirmalik,Ülker Meşhur Dubai Lezzeti Dubai Çikolatası 93 gr (1 adet),164.5,TRY,01,0.0,0.0,0.0,2.8125
2026-04-12,atistirmalik,Ülker Meşhur Dubai Lezzeti Dubai Çikolatası 93 gr (6 adet),924.0,TRY,01,0.0,0.0,0.0,3.125
2026-04-12,atistirmalik,Ay Çekirdeği İçi 500 Gr,97.0,TRY,01,0.0,,,
2026-04-12,atistirmalik,Kavrulmuş Kaju – 500 Gr,505.0,TRY,01,0.0,,,
2026-04-12,atistirmalik,Kavrulmuş Kaju – 750 Gr,762.5,TRY,01,0.0,,,
2026-04-12,atistirmalik,Kavrulmuş Kaju – 1000 Gr,1017.5,TRY,01,0.0,,,
2026-04-12,icecek,Alpimilk Çikolatalı Süt 6 X 180 Ml,137.5,TRY,01,0.0,0.0,0.0,0.7326007326007326
2026-04-12,icecek,Atatürk Orman Çiftliği Elma Suyu 1 Lt,131.0,TRY,01,0.0,0.0,0.0,0.7692307692307693
2026-04-12,icecek,Atatürk Orman Çiftliği Elma Suyu 250 Ml,59.0,TRY,01,0.0,0.0,0.0,0.8547008547008548
2026-04-12,icecek,Atatürk Orman Çiftliği Vişne Nektarı 250 Ml,59.0,TRY,01,0.0,0.0,0.0,0.8547008547008548
2026-04-12,icecek,Bağdat Çiçek Ihlamur 25 Gr,280.0,TRY,01,0.0,0.0,0.0,0.7194244604316548
2026-04-12,icecek,Beta Tea Bergamotlu Demlik Poşet Çay 48 Li 153 Gr,188.5,TRY,01,0.0,0.0,0.0,0.8021390374331552
2026-04-12,icecek,Beta Tea Beyaz Çay 24 Gr,141.0,TRY,01,0.0,0.0,0.0,0.7142857142857143
2026-04-12,icecek,Beta Tea Champion Demlik Poşet Çay 100 Lü 320 Gr,593.0,TRY,01,0.0,0.0,0.0,0.6791171477079796
2026-04-12,icecek,Beta Tea Kızıl Dem Bardak Poşet Çay 25 Li 50 Gr,118.5,TRY,01,0.0,0.0,0.0,0.423728813559322
2026-04-12,icecek,Beta Tea Kızıl Dem Demlik Poşet Çay 100 Lü 320 Gr,158.5,TRY,01,0.0,0.0,0.0,0.6349206349206349
2026-04-12,icecek,Beta Tea Kızıl Dem Türk Çayı 1 Kg,333.0,TRY,01,0.0,0.0,0.0,5.047318611987381
2026-04-12,icecek,Beta Tea Opa Seylan Dökme Çay 250 Gr,391.0,TRY,01,0.0,0.0,0.0,0.7731958762886598
2026-04-12,icecek,Beta Tea Taç Yaprak Demlik Poşet Çay 100 Lü 320 Gr,406.0,TRY,01,0.0,0.0,0.0,0.7444168734491315
2026-04-12,icecek,Beta Tea Taç Yaprak Türk Çayı 1 Kg,395.0,TRY,01,0.0,0.0,0.0,4.221635883905013
2026-04-12,icecek,Beta Tea Yüksek Tepeler Dökme Çay 1 Kg,330.5,TRY,01,0.0,3.930817610062893,3.930817610062893,9.618573797678277
2026-04-12,icecek,Burn Enerji İçeceği 250 Ml,58.5,TRY,01,0.0,0.0,0.0,0.8620689655172413
2026-04-12,icecek,Burn Enerji İçeceği 500 Ml,98.0,TRY,01,0.0,0.0,0.0,0.5128205128205128
2026-04-12,icecek,Burn Gold 250Ml,59.5,TRY,01,0.0,0.0,0.0,0.0
2026-04-12,icecek,Cafe Crown Choco Latte 17 Gr,15.0,TRY,01,0.0,0.0,0.0,0.0
2026-04-12,icecek,Cafe Crown Filtre Kahve 250 Gr (5 adet),1614.0,TRY,01,0.0,0.0,0.0,
2026-04-12,icecek,Cafe Crown Filtre Kahve 250 Gr 1 adet,349.0,TRY,01,0.0,0.0,0.0,
2026-04-12,icecek,Cafe Crown Latte Köpüklü Sütlü Kahve 17 Gr,15.0,TRY,01,0.0,0.0,0.0,0.0
2026-04-12,icecek,Caffeo Kahve Filtre Kağıdı 1X2,90.5,TRY,01,0.0,0.0,0.0,0.5555555555555556
2026-04-12,icecek,Cappy %100 Elma Meyve Suyu 1 Lt,138.5,TRY,01,0.0,0.0,0.0,0.7272727272727273
2026-04-12,icecek,Cappy %100 Elma Meyve Suyu Cam 250 Ml,74.5,TRY,01,0.0,7.971014492753622,7.971014492753622,8.75912408759124
2026-04-12,icecek,Cappy Atom Meyve Suyu 1 Lt,93.5,TRY,01,0.0,0.0,0.0,3.888888888888889
2026-04-12,icecek,Cappy Karışık Meyve Suyu 1 Lt,93.5,TRY,01,0.0,0.0,0.0,3.888888888888889
2026-04-12,icecek,Cappy Karışık Meyve Suyu Cam 250 Ml,63.0,TRY,01,0.0,0.0,0.0,0.0
2026-04-12,icecek,Cappy Kayısı Meyve Suyu 1 Lt,93.5,TRY,01,0.0,0.0,0.0,3.888888888888889
2026-04-12,icecek,Cappy Portakal Meyve Suyu 1 Lt,93.5,TRY,01,0.0,0.0,0.0,3.888888888888889
2026-04-12,icecek,Cappy Pulpy Portakal Parçacıklı Meyve Suyu 1 Lt,93.5,TRY,01,0.0,0.0,0.0,4.4692737430167595
2026-04-12,icecek,Cappy Ramazan Şerbeti 1 Lt,80.5,TRY,01,0.0,0.0,0.0,0.625
2026-04-12,icecek,Cappy Şeftali Meyve Suyu 1 Lt,93.5,TRY,01,0.0,0.0,0.0,3.888888888888889
2026-04-12,icecek,Cappy Şeftali Meyve Suyu Cam 250 Ml,63.0,TRY,01,0.0,0.0,0.0,0.0
2026-04-12,icecek,Cappy Vişneli Meyve Suyu Cam 250 Ml,63.0,TRY,01,0.0,0.0,0.0,0.0
2026-04-12,icecek,Çaykur 100 Lü Siyah Bardak Poşet Çay 200 Gr,341.5,TRY,01,0.0,21.314387211367674,21.314387211367674,19.614711033274958
2026-04-12,icecek,Çaykur 42 Nolu Tirebolu Çayı 500 Gr,240.0,TRY,01,0.0,-5.325443786982249,-5.325443786982249,-4.761904761904762
2026-04-12,icecek,Çaykur Altınbaş Çay 500 Gr,273.0,TRY,01,0.0,4.798464491362764,4.798464491362764,5.813953488372093
2026-04-12,icecek,Çaykur Altınbaş Çayı 2000 Gr,1024.0,TRY,01,0.0,24.4228432563791,24.4228432563791,15.968289920724802
2026-04-12,icecek,Çaykur Çay Çiçeği Dökme Çay 500 Gr,224.5,TRY,01,0.0,-5.473684210526316,-5.473684210526316,-4.872881355932203
2026-04-12,icecek,Çaykur Filiz Çayı 500 Gr,224.5,TRY,01,0.0,6.1465721040189125,6.1465721040189125,6.904761904761905
2026-04-12,icecek,Çaykur Filiz Dökme Çay 1 Kg,437.0,TRY,01,0.0,6.585365853658537,6.585365853658537,7.2392638036809815
2026-04-12,icecek,Çaykur Kamelya Çayı 500 Gr,190.5,TRY,01,0.0,4.958677685950414,4.958677685950414,10.115606936416185
2026-04-12,icecek,Çaykur Kamelya Dökme Çay 1 Kg,379.5,TRY,01,0.0,7.659574468085106,7.659574468085106,8.428571428571429
2026-04-12,icecek,Çaykur Rize Çayı Hediyelik 500 gr,278.0,TRY,01,0.0,-10.754414125200643,-10.754414125200643,-10.177705977382875
2026-04-12,icecek,Çaykur Rize Turist Çayı 1 Kg,394.5,TRY,01,0.0,7.055630936227951,7.055630936227951,7.786885245901639
2026-04-12,icecek,Çaykur Rize Turist Çayı 2 Kg,771.5,TRY,01,0.0,7.3018080667593885,7.3018080667593885,9.510290986515258
2026-04-12,icecek,Çaykur Rize Turist Çayı 200 Gr,111.0,TRY,01,0.0,11.557788944723619,11.557788944723619,12.690355329949238
2026-04-12,icecek,Çaykur Rize Turist Çayı 500 Gr,199.5,TRY,01,0.0,5.555555555555555,5.555555555555555,10.526315789473683
2026-04-12,icecek,Çaykur Tamdem Bergamot Aromalı Çay 1000 Gr,461.0,TRY,01,0.0,12.439024390243903,12.439024390243903,6.221198156682028
2026-04-12,icecek,Çaykur Tiryaki Dökme Çay 1 Kg,387.5,TRY,01,0.0,7.489597780859916,7.489597780859916,8.240223463687151
2026-04-12,icecek,Çaykur Tiryaki Dökme Çay 2 Kg,757.0,TRY,01,0.0,7.45209368346345,7.45209368346345,9.630702389572773
2026-04-12,icecek,Çaykur Tiryaki Dökme Çay 500 Gr,195.5,TRY,01,0.0,3.439153439153439,3.439153439153439,8.310249307479225
2026-04-12,icecek,Çaykur Tiryaki Siyah Dökme Çay 5 Kg,1852.0,TRY,01,0.0,8.240794856808883,8.240794856808883,9.005297233666862
2026-04-12,icecek,Çaykur Tomurcuk Çay 200 Gr,203.0,TRY,01,0.0,24.539877300613497,24.539877300613497,30.54662379421222
2026-04-12,icecek,Çaykur Tomurcuk Çay Teneke 125 Gr,146.5,TRY,01,0.0,9.737827715355806,9.737827715355806,10.566037735849058
2026-04-12,icecek,Coffee Filters Filtre Kahve Kağıdı 2 Numara 80’li,176.0,TRY,01,0.0,0.0,0.0,0.8595988538681949
2026-04-12,icecek,Coffee Filters Filtre Kahve Kağıdı 4 Numara 80’li,175.5,TRY,01,0.0,0.0,0.0,0.8620689655172413
2026-04-12,icecek,Colombo Seylan Yaprak Çay 300 gr,331.0,TRY,01,0.0,0.0,0.0,2.1604938271604937
2026-04-12,icecek,Cook Premium Filtre Kahve Kağıdı Ebat 4,160.5,TRY,01,0.0,0.0,0.0,0.6269592476489028
2026-04-12,icecek,Dark Blue Enerji İçeceği 1 Lt,61.0,TRY,01,0.0,0.0,0.0,9.90990990990991
2026-04-12,icecek,Didi Bergamot Aromalı Soğuk Çay 500 Ml,39.0,TRY,01,0.0,0.0,0.0,1.2987012987012987
2026-04-12,icecek,Didi Bergomat 330Ml,30.0,TRY,01,0.0,0.0,0.0,1.694915254237288
2026-04-12,icecek,Didi Limon Aromalı Soğuk Çay 330 Ml,33.0,TRY,01,0.0,0.0,0.0,1.5384615384615385
2026-04-12,icecek,Didi Limon Aromalı Soğuk Çay 500 Ml,39.0,TRY,01,0.0,0.0,0.0,1.2987012987012987
2026-04-12,icecek,Didi Şeftali Aromalı Soğuk Çay 500 Ml,39.0,TRY,01,0.0,0.0,0.0,1.2987012987012987
2026-04-12,icecek,Dimes %100 Elma – Vişne Suyu 1 Lt,146.5,TRY,01,0.0,0.0,0.0,0.6872852233676976
2026-04-12,icecek,Dimes %100 Elma Suyu 1 Lt,140.5,TRY,01,0.0,0.0,0.0,0.35714285714285715
2026-04-12,icecek,Dimes %100 Karışık Meyve Suyu 1 Lt,140.0,TRY,01,0.0,,,0.7194244604316548
2026-04-12,icecek,Dimes %100 Kırmızı Meyve Suyu 1 Lt,140.0,TRY,01,0.0,0.0,0.0,0.7194244604316548
2026-04-12,icecek,Dimes %100 Portakal Suyu 1 Lt,185.5,TRY,01,0.0,0.0,0.0,0.5420054200542005
2026-04-12,icecek,Dimes %100 Sıkma Portakal Suyu Cam 700 Ml,247.5,TRY,01,0.0,0.0,0.0,0.8146639511201629
2026-04-12,icecek,Dimes 7/24 Tahıllı Karışık Meyve Suyu 200 Ml 27 Adet,627.0,TRY,01,0.0,14.416058394160583,14.416058394160583,16.434540389972145
2026-04-12,icecek,Dimes Active 7/24 Tahıllı Karışık Meyve Suyu 1 Lt,86.5,TRY,01,0.0,0.0,0.0,0.5813953488372093
2026-04-12,icecek,Dimes Active Ekşi Elma Meyve Suyu 1 Lt,93.0,TRY,01,0.0,0.0,0.0,0.5405405405405406
2026-04-12,icecek,Dimes Active Vişne Suyu 1 Lt,93.0,TRY,01,0.0,0.0,0.0,0.5405405405405406
2026-04-12,icecek,Dimes Cool Lime Özü 310 Ml x1 adet,66.0,TRY,01,0.0,8.19672131147541,8.19672131147541,9.090909090909092
2026-04-12,icecek,Dimes Karışık Meyve Suyu 1 Lt,93.0,TRY,01,0.0,0.0,0.0,0.5405405405405406
2026-04-12,icecek,Dimes Karışık Meyve Suyu 200 Ml 27 Adet,627.0,TRY,01,0.0,14.416058394160583,14.416058394160583,16.434540389972145
2026-04-12,icecek,Dimes Karışık Meyve Suyu Teneke 250 Ml,35.0,TRY,01,0.0,0.0,0.0,0.0
2026-04-12,icecek,Dimes Kayısı Meyve Suyu 1 Lt,93.0,TRY,01,0.0,0.0,0.0,0.5405405405405406
2026-04-12,icecek,Dimes Kayısı Meyve Suyu 200 Ml 27 Adet,627.0,TRY,01,0.0,14.416058394160583,14.416058394160583,16.434540389972145
2026-04-12,icecek,Dimes Kırmızı Meyveler Meyve Suyu 1 Lt,93.0,TRY,01,0.0,0.0,0.0,0.5405405405405406
2026-04-12,icecek,Dimes Mango Meyve Suyu 1 Lt,93.0,TRY,01,0.0,0.0,0.0,0.5405405405405406
2026-04-12,icecek,Dimes Milkshake Muzlu – Kurabiyeli 310 Ml,67.0,TRY,01,0.0,0.0,0.0,0.7518796992481203
2026-04-12,icecek,Dimes Milkshake Vanilyalı – Beyaz Çikolatalı 310 Ml,67.0,TRY,01,0.0,0.0,0.0,0.7518796992481203
2026-04-12,icecek,Dimes Şeftali Meyve Suyu 200 Ml 27 Adet,627.0,TRY,01,0.0,14.416058394160583,14.416058394160583,16.434540389972145
2026-04-12,icecek,Dimes Şeftali Suyu 1 Lt,93.0,TRY,01,0.0,0.0,0.0,0.5405405405405406
2026-04-12,icecek,Dimes Smoothie Çilek Muz Elma 310 Ml,67.0,TRY,01,0.0,0.0,0.0,0.7518796992481203
2026-04-12,icecek,Dimes Vişne Meyve Suyu 200 Ml 27 Adet,627.0,TRY,01,0.0,14.416058394160583,14.416058394160583,16.434540389972145
2026-04-12,icecek,Dimes Vişne Meyve Suyu Teneke 250 Ml,35.0,TRY,01,0.0,0.0,0.0,0.0
2026-04-12,icecek,Doğadan Adaçayı Bardak Poşet 20 Li,126.0,TRY,01,0.0,0.0,0.0,0.8
2026-04-12,icecek,Doğadan Böğürtlen 40 Gr,124.5,TRY,01,0.0,0.0,0.0,0.8097165991902834
2026-04-12,icecek,Doğadan Elma Çayı 20 Li,126.0,TRY,01,0.0,0.0,0.0,0.8
2026-04-12,icecek,Doğadan Form Kayısılı Bitki Çayı,129.0,TRY,01,0.0,0.0,0.0,0.78125
2026-04-12,icecek,Doğadan Form Kiraz Saplı Bitki Çayı,129.0,TRY,01,0.0,0.0,0.0,0.78125
2026-04-12,icecek,Doğadan Gizli Bahçe 100 Adet Demlik Poşet Çay 320 Gr,267.0,TRY,01,0.0,0.0,0.0,0.7547169811320755
2026-04-12,icecek,Doğadan Ihlamur Bitki Çayı,127.0,TRY,01,0.0,0.0,0.0,0.7936507936507936
2026-04-12,icecek,Doğadan İyi Uykular Çayı 18 Li,129.0,TRY,01,0.0,0.0,0.0,0.38910505836575876
2026-04-12,icecek,Doğadan Kuşburnu Çayı,129.0,TRY,01,0.0,0.0,0.0,0.78125
2026-04-12,icecek,Doğadan Papatya Çayı,129.0,TRY,01,0.0,0.0,0.0,0.78125
2026-04-12,icecek,Doğadan Rahat Hisset Passifloralı Bitki Çayı 18 Li,129.0,TRY,01,0.0,0.0,0.0,0.38910505836575876
2026-04-12,icecek,Doğadan Rezene Çayı,129.0,TRY,01,0.0,0.0,0.0,
2026-04-12,icecek,Doğadan Sade Yeşil Çay 35 Gr,125.5,TRY,01,0.0,0.0,0.0,0.4
2026-04-12,icecek,Doğadan Yeşil Çay Açai Ananaslı 20 Li,126.0,TRY,01,0.0,0.0,0.0,0.8
2026-04-12,icecek,Doğadan Yeşil Çay Limonlu,129.0,TRY,01,0.0,0.0,0.0,0.78125
2026-04-12,icecek,Doğadan Yumuşak İçimli Yeşil Çay,129.0,TRY,01,0.0,0.0,0.0,0.78125
2026-04-12,icecek,Doğadan Zencefil Limonlu Bitki Çayı,129.0,TRY,01,0.0,0.0,0.0,0.78125
2026-04-12,icecek,Doğanay Şalgam Suyu Acı 300 Ml,31.0,TRY,01,0.0,0.0,0.0,10.714285714285714
2026-04-12,icecek,Doğanay Şalgam Suyu Acı1 Lt,74.5,TRY,01,0.0,0.0,0.0,0.6756756756756757
2026-04-12,icecek,Doğanay Şalgam Suyu Tatlı 1 Lt,74.5,TRY,01,0.0,0.0,0.0,0.6756756756756757
2026-04-12,icecek,Doğanay Şalgam Suyu Tatlı 300 Ml,31.0,TRY,01,0.0,0.0,0.0,10.714285714285714
2026-04-12,icecek,Doğuş Adaçayı Zarflı Süzen Poşet Çay 20 Adet 26 Gr,90.5,TRY,01,0.0,7.738095238095238,7.738095238095238,9.036144578313253
2026-04-12,icecek,Doğuş Ayvalı -Zencefilli Çay 20’li 38 gr,89.0,TRY,01,0.0,7.878787878787878,7.878787878787878,8.536585365853659
2026-04-12,icecek,Doğuş Bergamotlu Yeşil Çay 20li 35 gr,90.5,TRY,01,0.0,7.738095238095238,7.738095238095238,9.036144578313253
2026-04-12,icecek,Doğuş Black Label Demlik Poşet Çay 100 Lü 320 Gr,222.0,TRY,01,0.0,0.0,0.0,0.6802721088435374
2026-04-12,icecek,Doğuş Earl Grey 100 Lü Bardak Poşet Çay 200 Gr,265.5,TRY,01,0.0,0.0,0.0,0.5681818181818182
2026-04-12,icecek,Doğuş Elma Çayı,90.5,TRY,01,0.0,7.738095238095238,7.738095238095238,9.036144578313253
2026-04-12,icecek,Doğuş Filiz Çayı 3 Kg,1097.0,TRY,01,0.0,-1.2601260126012601,-1.2601260126012601,1.4801110083256246
2026-04-12,icecek,Doğuş Gurme Siyah Çay 1 kg,423.0,TRY,01,0.0,3.296703296703297,3.296703296703297,4.059040590405904
2026-04-12,icecek,Doğuş Ihlamur Bitki Çayı 20’Li,87.5,TRY,01,0.0,8.024691358024691,8.024691358024691,9.375
2026-04-12,icecek,Doğuş Ihlamurlu Ballı Zencefilli,87.5,TRY,01,0.0,8.024691358024691,8.024691358024691,9.375
2026-04-12,icecek,Doğuş Karadeniz Filiz Çayı 1 Kg,372.0,TRY,01,0.0,5.531914893617021,5.531914893617021,6.2857142857142865
2026-04-12,icecek,Doğuş Kayısılı Form Çayı,87.5,TRY,01,0.0,8.024691358024691,8.024691358024691,9.375
2026-04-12,icecek,Doğuş Kiraz Saplı Form Çayı,87.5,TRY,01,0.0,8.024691358024691,8.024691358024691,9.375
2026-04-12,icecek,Doğuş Kuşburnu Çayı,87.5,TRY,01,0.0,8.024691358024691,8.024691358024691,9.375
2026-04-12,icecek,Doğuş Limonlu Yeşil Çay,87.5,TRY,01,0.0,8.024691358024691,8.024691358024691,9.375
2026-04-12,icecek,Doğuş Limonlu Zencefilli Yeşil Çay,87.5,TRY,01,0.0,8.024691358024691,8.024691358024691,9.375
2026-04-12,icecek,Doğuş Maydonoz Limon Çayı,87.5,TRY,01,0.0,8.024691358024691,8.024691358024691,9.375
2026-04-12,icecek,Doğuş Nane Limon Çayı,87.5,TRY,01,0.0,8.024691358024691,8.024691358024691,9.375
2026-04-12,icecek,Doğuş Rezene Çayı,87.5,TRY,01,0.0,8.024691358024691,8.024691358024691,9.375
2026-04-12,icecek,Doğuş Sade Form Çayı,87.5,TRY,01,0.0,8.024691358024691,8.024691358024691,9.375
2026-04-12,icecek,Doğuş Sade Yeşil Çay,87.5,TRY,01,0.0,8.024691358024691,8.024691358024691,9.375
2026-04-12,icecek,Doğuş Şeftalili Yeşil Çay,87.5,TRY,01,0.0,8.024691358024691,8.024691358024691,9.375
2026-04-12,icecek,Doğuş Tomurcuk Çay 100 Gr,82.0,TRY,01,0.0,0.0,0.0,
2026-04-12,icecek,Dola Atom Çayı Kış Çayı 150 Gr,109.5,TRY,01,0.0,0.0,0.0,0.45871559633027525
2026-04-12,icecek,Dola Atom Çayı Nane Limon Zencefil 135 g,113.0,TRY,01,0.0,0.0,0.0,0.4444444444444444
2026-04-12,icecek,Dola Ihlamur Atom Çayı 135 Gr,113.0,TRY,01,0.0,0.0,0.0,0.4444444444444444
2026-04-12,icecek,Dr.Oetker Milkshake Çikolatalı – Çilekli 24 Gr,15.0,TRY,01,0.0,0.0,0.0,0.0
2026-04-12,icecek,Dr.Oetker Milkshake Muzlu 20 Gr,15.0,TRY,01,0.0,0.0,0.0,0.0
2026-04-12,icecek,Ece Yaprak Çay Ceylon Tea Seylan Çayı 500 Gr,491.0,TRY,01,0.0,0.0,0.0,2.2916666666666665
2026-04-12,icecek,Fanta Portakal 330 Ml,57.0,TRY,01,0.0,7.547169811320755,7.547169811320755,0.0
2026-04-12,icecek,Fanta Portakal Teneke 250 Ml,49.5,TRY,01,0.0,0.0,0.0,1.0204081632653061
2026-04-12,icecek,Fiero 3 ü 1 Arada 1000 Gr.,267.0,TRY,01,0.0,0.0,0.0,1.9083969465648856
2026-04-12,icecek,Fiero Kahve Kreması 1000 Gr.,268.0,TRY,01,0.0,0.0,0.0,2.2900763358778624
2026-04-12,icecek,Fiero Salep 1000 Gr.,307.0,TRY,01,0.0,0.0,0.0,2.3333333333333335
2026-04-12,icecek,Fiero Sıcak Çikolata 1000 Gr.,308.0,TRY,01,0.0,0.0,0.0,2.3255813953488373
2026-04-12,icecek,Freshers Granül Kuşburnu 300 Gr,131.5,TRY,01,0.0,55.62130177514793,55.62130177514793,56.547619047619044
2026-04-12,icecek,Freshers Granül Portakal 300 Gr,131.5,TRY,01,0.0,55.62130177514793,55.62130177514793,56.547619047619044
2026-04-12,icecek,İçim İçimino Çilekli Süt 6X180 Ml,126.5,TRY,01,0.0,0.0,0.0,0.3968253968253968
2026-04-12,icecek,İçim Karışık Meyve Suyu 1 Lt,68.5,TRY,01,0.0,0.0,0.0,0.0
2026-04-12,icecek,İçim Kayısılı Meyve Suyu 1 Lt,68.5,TRY,01,0.0,0.0,0.0,0.0
2026-04-12,icecek,İçim Laktozsuz Süt 1Lt,99.0,TRY,01,0.0,0.0,0.0,1.0204081632653061
2026-04-12,icecek,İçim Laktozsuz Süt 200 Ml,29.5,TRY,01,0.0,0.0,0.0,1.7241379310344827
2026-04-12,icecek,İçim Sade Süt 6 X 200Ml,150.0,TRY,01,0.0,0.0,0.0,0.6711409395973155
2026-04-12,icecek,İçim Şeftali Meyve Suyu 1 Lt,68.5,TRY,01,0.0,0.0,0.0,0.0
2026-04-12,icecek,İçim Süt Yarım Yağlı 1 Lt x 1 Adet,82.5,TRY,01,0.0,0.0,0.0,0.6097560975609756
2026-04-12,icecek,İçim Süt Yarım Yağlı 1 Lt x 4 Adet,297.0,TRY,01,0.0,0.0,0.0,2.946273830155979
2026-04-12,icecek,İçim Tam Yağlı Süt 1 Lt,94.5,TRY,01,0.0,0.0,0.0,1.06951871657754
2026-04-12,icecek,"Jacobs 2 si 1 Arada 10,5 gr 16 lı Paket 168 Gr",150.5,TRY,01,0.0,14.885496183206106,14.885496183206106,6.73758865248227
2026-04-12,icecek,Jacobs 2 Si 1 Arada 14 Gr,10.5,TRY,01,0.0,0.0,0.0,0.0
2026-04-12,icecek,Jacobs 2’si 1 Arada 10’lu,110.0,TRY,01,0.0,0.0,0.0,45.6953642384106
2026-04-12,icecek,Jacobs 3 Ü 1 Arada Gold Yumuşak Lezzet 10 Lu Paket,174.5,TRY,01,0.0,0.0,0.0,4.804804804804805
2026-04-12,icecek,Jacobs 3 ü 1 Arada Yoğun 10 Adet,168.0,TRY,01,0.0,0.0,0.0,6.329113924050633
2026-04-12,icecek,Jacobs 3’ü 1 Arada 16’lı Paket,150.5,TRY,01,0.0,14.885496183206106,14.885496183206106,6.73758865248227
2026-04-12,icecek,Jacobs 3’ü 1 Arada Karışım Kahve 10’lu Paket,110.0,TRY,01,0.0,0.0,0.0,45.6953642384106
2026-04-12,icecek,Jacobs 3in1 Orginal 16 gr,10.5,TRY,01,0.0,0.0,0.0,5.0
2026-04-12,icecek,Jacobs Barista Classic Filtre Kahve 200gr,358.0,TRY,01,0.0,0.0,0.0,6.7064083457526085
2026-04-12,icecek,Jacobs Barista Editions Filtre Kahve Medium 225 Gr,358.0,TRY,01,0.0,0.0,0.0,8.484848484848486
2026-04-12,icecek,Jacobs Barista Yoğun Filtre Kahve 200gr,358.0,TRY,01,0.0,0.0,0.0,8.484848484848486
2026-04-12,icecek,Jacobs Espresso 10 Intenso Nespresso Uyumlu Alüminyum Kapsül Kahve 10 Adet,275.0,TRY,01,0.0,0.0,0.0,2.2304832713754648
2026-04-12,icecek,Jacobs Espresso 7 Classico Kapsül Kahve Nespresso Uyumlu 10 Kapsül,275.0,TRY,01,0.0,0.0,0.0,2.2304832713754648
2026-04-12,icecek,Jacobs Gold 3’Ü 1 Arada Yumuşak Lezzet 18 Gr,18.5,TRY,01,0.0,0.0,0.0,2.7777777777777777
2026-04-12,icecek,Jacobs Lungo 8 Intenso Nespresso Uyumlu Alüminyum Kapsül Kahve 10 Adet,276.0,TRY,01,0.0,0.0,0.0,2.2222222222222223
2026-04-12,icecek,Jacobs Monarch Filtre Kahve 250 Gr,424.0,TRY,01,0.0,0.0,0.0,30.864197530864196
2026-04-12,icecek,Jacobs Monarch Gold Kahve 100 Gr,381.5,TRY,01,0.0,0.0,0.0,14.909638554216867
2026-04-12,icecek,Jacobs Origin Brazil Granül Kahve Cam Kavanoz 95 Gr,495.0,TRY,01,0.0,0.0,0.0,2.272727272727273
2026-04-12,icecek,Jacobs Selection Filtre Kahve 250g,424.0,TRY,01,0.0,0.0,0.0,5.472636815920398
2026-04-12,icecek,Jacobs Velvet Foam Granül Kahve 100 Gr,289.0,TRY,01,0.0,9.885931558935361,9.885931558935361,12.45136186770428
2026-04-12,icecek,Jacobs Velvet Gold Foam Kahve 70 Gr,222.0,TRY,01,0.0,0.0,0.0,2.3041474654377883
2026-04-12,icecek,Kahve Dünyası Türk Kahvesi 100 Gr x 1 Adet,77.0,TRY,01,0.0,0.0,0.0,3.3557046979865772
2026-04-12,icecek,Kahve Dünyası Türk Kahvesi 100 Gr x 12 Adet,884.0,TRY,01,0.0,0.0,0.0,2.7906976744186047
2026-04-12,icecek,Karali Demliğin Beklediği Dökme Çay 5 Kg,2275.0,TRY,01,0.0,3.1746031746031744,3.1746031746031744,3.881278538812785
2026-04-12,icecek,Karali Kral Filiz Siyah Çay 5 Kg,1935.0,TRY,01,0.0,0.0,0.0,0.5194805194805194
2026-04-12,icecek,Kent Boringer Freshers Elma 300Gr,131.5,TRY,01,0.0,55.62130177514793,55.62130177514793,56.547619047619044
2026-04-12,icecek,Kent Boringer Freshers Limon 300Gr,131.5,TRY,01,0.0,55.62130177514793,55.62130177514793,56.547619047619044
2026-04-12,icecek,Kilikya Şalgam Suyu Acı 1 Lt,61.5,TRY,01,0.0,0.0,0.0,0.819672131147541
2026-04-12,icecek,Kilikya Şalgam Suyu Acı 300 Ml,20.5,TRY,01,0.0,0.0,0.0,2.5
2026-04-12,icecek,Kilikya Şalgam Suyu Sade 300 Ml,20.5,TRY,01,0.0,0.0,0.0,2.5
2026-04-12,icecek,Kocatepe Damla Sakızı Aromalı Türk Kahvesi 100 Gr,183.0,TRY,01,0.0,0.0,0.0,0.5494505494505495
2026-04-12,icecek,Kocatepe Dibek Kahvesi 100 Gr,183.0,TRY,01,0.0,0.0,0.0,0.5494505494505495
2026-04-12,icecek,Kocatepe Premium Filtre Kahve 250 Gr,340.5,TRY,01,0.0,0.0,0.0,0.7396449704142012
2026-04-12,icecek,Kocatepe Türk Kahvesi 100 Gr,96.0,TRY,01,0.0,0.0,0.0,1.0526315789473684
2026-04-12,icecek,Kocatepe Türk Kahvesi 500 Gr Teneke,619.5,TRY,01,0.0,0.0,0.0,0.6498781478472786
2026-04-12,icecek,Kocatepe Türk Kahvesi Folyo 1 Kg,1020.5,TRY,01,0.0,0.0,0.0,0.6906758756783424
2026-04-12,icecek,Kurukahveci Mehmet Efendi Brazilian Filtre Kahve 250 Gr,306.0,TRY,01,0.0,-9.198813056379821,-9.198813056379821,-8.656716417910449
2026-04-12,icecek,Kurukahveci Mehmet Efendi Colombian Filtre Kahve 250 Gr,349.5,TRY,01,0.0,-9.689922480620156,-9.689922480620156,-9.102730819245773
2026-04-12,icecek,Kurukahveci Mehmet Efendi Etiyopya Öğütülmüş Filtre Kahve 250 Gr,392.5,TRY,01,0.0,-9.353348729792147,-9.353348729792147,-8.720930232558139
2026-04-12,icecek,Kurukahveci Mehmet Efendi Kakao 250 Gram,474.0,TRY,01,0.0,0.0,0.0,0.6369426751592357
2026-04-12,icecek,Kurukahveci Mehmet Efendi Kavrulmuş Espresso Çekirdek Kahve 1 Kg,1310.0,TRY,01,0.0,-9.467864547339323,-9.467864547339323,-8.83785664578984
2026-04-12,icecek,Kurukahveci Mehmet Efendi Tek Fincanlık Türk Kahvesi 6 Gr 6 Lı,65.5,TRY,01,0.0,0.0,0.0,0.7692307692307693
2026-04-12,icecek,Kurukahveci Mehmet Efendi Türk Kahvesi 100 Gr (1 adet),111.0,TRY,01,0.0,0.0,0.0,-0.8928571428571428
2026-04-12,icecek,Kurukahveci Mehmet Efendi Türk Kahvesi 100 Gr (25 adet),2336.0,TRY,01,0.0,320.9009009009009,320.9009009009009,-0.5957446808510638
2026-04-12,icecek,Kurukahveci Mehmet Efendi Türk Kahvesi Teneke 250 Gr,378.5,TRY,01,0.0,0.0,0.0,0.6648936170212766
2026-04-12,icecek,Kurukahveci Mehmet Efendi Türk Kahvesi Teneke 500 Gr,657.0,TRY,01,0.0,0.0,0.0,0.6896551724137931
2026-04-12,icecek,Lipton 40Gr Yeşil Çay Limon,87.5,TRY,01,0.0,-0.5681818181818182,-0.5681818181818182,0.0
2026-04-12,icecek,Lipton Ada Çayı 30 Gr,87.0,TRY,01,0.0,0.0,0.0,0.5780346820809248
2026-04-12,icecek,Lipton Doğu Karadeniz 100 Lü 200 Gr Bardak Poşet Çay,300.0,TRY,01,0.0,0.0,0.0,0.6711409395973155
2026-04-12,icecek,Lipton Doğu Karadeniz 25 Li Bardak Poşet Çay 50 Gr,97.0,TRY,01,0.0,0.0,0.0,0.5181347150259068
2026-04-12,icecek,Lipton Doğu Karadeniz Çayı 1 Kg,356.0,TRY,01,0.0,-0.1402524544179523,-0.1402524544179523,0.4231311706629055
2026-04-12,icecek,Lipton Doğu Karadeniz Demlik Poşet Çay 150 Lı,256.0,TRY,01,0.0,0.0,0.0,0.5893909626719057
2026-04-12,icecek,Lipton Doğu Karadeniz Demlik Poşet Çay 48 Adet 153 Gr,131.0,TRY,01,0.0,0.0,0.0,0.7692307692307693
2026-04-12,icecek,Lipton Doğu Karadeniz Demlik Poşet Çay 500 ‘lü,910.0,TRY,01,0.0,9.63855421686747,9.63855421686747,
2026-04-12,icecek,Lipton Earl Grey Bardak Poşet Çay 100 Lü 200 Gr,327.0,TRY,01,0.0,0.0,0.0,0.7704160246533128
2026-04-12,icecek,Lipton Earl Grey Bardak Poşet Çay 25 Li 50 Gr,125.0,TRY,01,0.0,5.485232067510549,5.485232067510549,5.932203389830509
2026-04-12,icecek,Lipton Earl Grey Demlik Poşet Çay 100 Lü 320 Gr,300.0,TRY,01,0.0,0.0,0.0,
2026-04-12,icecek,Lipton Earl Grey Demlik Poşet Çay 48 Li 153 Gr,148.5,TRY,01,0.0,0.0,0.0,0.6779661016949152
2026-04-12,icecek,Lipton Earl Grey Dökme Çay 1 Kg,408.5,TRY,01,0.0,3.1565656565656566,3.1565656565656566,3.9440203562340965
2026-04-12,icecek,Lipton Earl Grey Dökme Çay 500 Gr,264.5,TRY,01,0.0,11.368421052631579,11.368421052631579,12.076271186440678
2026-04-12,icecek,Lipton Ekstra Dem Demlik Poşet Çay 100 Lü 320 Gr,349.5,TRY,01,0.0,0.0,0.0,0.7204610951008645
2026-04-12,icecek,Lipton Extra Dem Dökme Çay 500 Gr,275.0,TRY,01,0.0,5.566218809980806,5.566218809980806,6.177606177606178
2026-04-12,icecek,Lipton Ice Tea Karpuz 330 Cc,48.0,TRY,01,0.0,0.0,0.0,1.0526315789473684
2026-04-12,icecek,Lipton Ice Tea Light Şeftali 330 Cc,48.0,TRY,01,0.0,0.0,0.0,1.0526315789473684
2026-04-12,icecek,Lipton Ice Tea Limon 330 Cc,48.0,TRY,01,0.0,0.0,0.0,1.0526315789473684
2026-04-12,icecek,Lipton Ice Tea Mango 330 Cc,45.0,TRY,01,0.0,-6.25,-6.25,-5.263157894736842
2026-04-12,icecek,Lipton Ice Tea Şeftali 330 Cc,45.0,TRY,01,0.0,-6.25,-6.25,-5.263157894736842
2026-04-12,icecek,Lipton Ihlamur Çayı 32 Gr,87.0,TRY,01,0.0,0.0,0.0,0.5780346820809248
2026-04-12,icecek,Lipton Kuşburnu Çayı 40 Gr,87.0,TRY,01,0.0,-0.5714285714285714,-0.5714285714285714,0.0
2026-04-12,icecek,Lipton Mango & Ananaslı Yeşil Çay 20 Li,87.5,TRY,01,0.0,0.0,0.0,0.5747126436781609
2026-04-12,icecek,Lipton Papatya Çayı 30 Gr,87.0,TRY,01,0.0,0.0,0.0,0.5780346820809248
2026-04-12,icecek,Lipton Profesyonellere Özel Harman Dökme Çay 3 Kg,1091.0,TRY,01,0.0,0.0,0.0,0.6922011998154131
2026-04-12,icecek,Lipton Profesyonellere Özel Jumbo Demlik Poşet Çay 30X25Gr,506.0,TRY,01,0.0,0.0,0.0,0.6965174129353234
2026-04-12,icecek,Lipton Rezene Çayı 40 Gr,87.0,TRY,01,0.0,-0.5714285714285714,-0.5714285714285714,0.0
2026-04-12,icecek,Lipton Sade Yeşil Çay 40 Gr,87.0,TRY,01,0.0,-0.5714285714285714,-0.5714285714285714,0.0
2026-04-12,icecek,Lipton Slim Plus Kayısılı Bitki Çayı 20 Li,87.0,TRY,01,0.0,-0.5714285714285714,-0.5714285714285714,0.0
2026-04-12,icecek,Lipton Slim Plus Kiraz Saplı Bitki Çayı 20 Li,87.0,TRY,01,0.0,-0.5714285714285714,-0.5714285714285714,0.0
2026-04-12,icecek,Lipton Yellow Label Bardak Poşet Çay 100 Lü 200 Gr,327.0,TRY,01,0.0,0.0,0.0,0.7704160246533128
2026-04-12,icecek,Lipton Yellow Label Bardak Poşet Çay 25 Li 50 Gr,124.5,TRY,01,0.0,9.210526315789473,9.210526315789473,10.176991150442479
2026-04-12,icecek,Lipton Yellow Label Demlik Poşet Çay 100 Lü 320 Gr,299.5,TRY,01,0.0,0.0,0.0,0.8417508417508417
2026-04-12,icecek,Lipton Yellow Label Demlik Poşet Çay 150 Adet,284.0,TRY,01,0.0,0.0,0.0,0.7092198581560284
2026-04-12,icecek,Lipton Yellow Label Demlik Poşet Çay 48 Li 153 Gr,148.5,TRY,01,0.0,0.0,0.0,0.6779661016949152
2026-04-12,icecek,Lipton Yellow Label Dökme Çay 1 Kg,371.5,TRY,01,0.0,1.6415868673050615,1.6415868673050615,6.446991404011461
2026-04-12,icecek,Lipton Yellow Label Dökme Çay 500 Gr,236.0,TRY,01,0.0,6.067415730337078,6.067415730337078,6.787330316742081
2026-04-12,icecek,Lipton Yumuşak İçimli Yeşil Çay 20 Gr,87.5,TRY,01,0.0,0.0,0.0,0.5747126436781609
2026-04-12,icecek,Mehmet Efendi Colombian Filtre Kahve 80 G,109.0,TRY,01,0.0,-7.627118644067797,-7.627118644067797,-6.837606837606838
2026-04-12,icecek,Mehmet Efendi Kafeinsiz Türk Kahvesi 50 Gr,128.5,TRY,01,0.0,0.0,0.0,0.7843137254901961
2026-04-12,icecek,Meysu %100 Portakal Suyu 1 Lt,115.0,TRY,01,0.0,0.0,0.0,-7.258064516129033
2026-04-12,icecek,Meysu %100 Üzüm Suyu 1 Lt x 1 Adet,119.0,TRY,01,0.0,0.0,0.0,0.0
2026-04-12,icecek,Meysu %100 Üzüm Suyu 1 Lt x 12 Adet,1360.0,TRY,01,0.0,0.0,0.0,0.7407407407407408
2026-04-12,icecek,Meysu Ananas Meyve Suyu 1 Lt,87.5,TRY,01,0.0,7.361963190184049,7.361963190184049,8.024691358024691
2026-04-12,icecek,Meysu Elma Meyve Suyu 1 Lt,88.0,TRY,01,0.0,0.0,0.0,0.5714285714285714
2026-04-12,icecek,Meysu Karışık Meyve Suyu 1 Lt,87.5,TRY,01,0.0,7.361963190184049,7.361963190184049,8.024691358024691
2026-04-12,icecek,Meysu Kayısı Meyve Suyu 1 Litre,87.5,TRY,01,0.0,7.361963190184049,7.361963190184049,8.024691358024691
2026-04-12,icecek,Meysu Mango Meyve Suyu 1 Lt,86.0,TRY,01,0.0,8.176100628930817,8.176100628930817,8.860759493670885
2026-04-12,icecek,Meysu Meyve Suyu Kayısı 200 Ml 6 Lı Paket,115.0,TRY,01,0.0,0.0,0.0,0.8771929824561403
2026-04-12,icecek,Meysu Meyve Suyu Şeftali 200 Ml 6 Lı Paket,115.0,TRY,01,0.0,0.0,0.0,0.8771929824561403
2026-04-12,icecek,Meysu Meyve Suyu Vişne 200 Ml 6 Lı Paket,115.0,TRY,01,0.0,0.0,0.0,0.8771929824561403
2026-04-12,icecek,Meysu Nar Meyve Suyu 1 Lt,87.5,TRY,01,0.0,7.361963190184049,7.361963190184049,8.024691358024691
2026-04-12,icecek,Meysu Şeftali Nektarı 1 Lt,87.5,TRY,01,0.0,7.361963190184049,7.361963190184049,8.024691358024691
2026-04-12,icecek,Meysu Vişne Meyve Suyu 1 Lt,87.5,TRY,01,0.0,7.361963190184049,7.361963190184049,8.024691358024691
2026-04-12,icecek,Nescafe 2 Si 1 Arada 10 Adet 10 Gr,105.0,TRY,01,0.0,0.0,0.0,0.9615384615384616
2026-04-12,icecek,Nescafe 2 Si 1 Arada 10 Gr,14.35,TRY,01,0.0,0.0,0.0,0.3496503496503422
2026-04-12,icecek,"Nescafe 3 Ü 1 Arada 17,5 Gr",14.4,TRY,01,0.0,0.0,0.0,0.6993006993006968
2026-04-12,icecek,Nescafe 3 Ü 1 Arada Ekstra 10 Lu,107.0,TRY,01,0.0,0.0,0.0,0.4694835680751174
2026-04-12,icecek,"Nescafe 3 Ü 1 Arada Ekstra 16,5 Gr",14.4,TRY,01,0.0,0.0,0.0,0.6993006993006968
2026-04-12,icecek,Nescafe Classic Eko Paket 200 Gr,413.4,TRY,01,0.0,0.0,0.0,0.6819288845591706
2026-04-12,icecek,Nescafe Gold 14’lü Paket 2 gr,177.5,TRY,01,0.0,0.0,0.0,0.8522727272727272
2026-04-12,icecek,Nescafe Gold Eko 50 Gr,218.5,TRY,01,0.0,0.0,0.0,0.6912442396313364
2026-04-12,icecek,Nescafe Gold Filtre Kahve 250 Gr,340.0,TRY,01,0.0,0.0,0.0,0.7407407407407408
2026-04-12,icecek,Nescafe Gold Kahve 100 Gr Cam Kavanoz,519.0,TRY,01,0.0,0.0,0.0,0.6984866123399346
2026-04-12,icecek,Nescafe Gold Kahve 100 Gr Ekonomik,285.8,TRY,01,0.0,0.0,0.0,0.775740479548656
2026-04-12,icecek,Nescafe Gold Kahve 200 Gr Cam Kavanoz,1030.0,TRY,01,0.0,-0.048520135856380396,-0.048520135856380396,0.6350757205666829
2026-04-12,icecek,Nescafe Gold Kahve 200 Gr Ekonomik,598.8,TRY,01,0.0,0.0,0.0,13.45206517620311
2026-04-12,icecek,Nescafe Gold Kahve 900 Gr Teneke,2216.0,TRY,01,0.0,0.0,0.0,0.7272727272727273
2026-04-12,icecek,Nescafe Klasik Kahve 1 Kg Teneke,1717.0,TRY,01,0.0,0.0,0.0,0.7038123167155426
2026-04-12,icecek,Nescafe Klasik Kahve 100 Gr Cam Kavanoz,325.6,TRY,01,0.0,0.0,0.0,0.6802721088435515
2026-04-12,icecek,Nescafe Klasik Kahve 100 Gr Ekonomik,249.1,TRY,01,0.0,0.0,0.0,0.7278608976951002
2026-04-12,icecek,Nescafe Klasik Kahve 200 Gr Cam Kavanoz,539.8,TRY,01,0.0,0.0,0.0,0.7089552238805885
2026-04-12,icecek,"Nescafe Mocha 17,9 Gr",18.0,TRY,01,0.0,0.0,0.0,0.0
2026-04-12,icecek,Nescafe Original 3’ü 1 Arada 10’lu Hazır Kahve,100.5,TRY,01,0.0,0.0,0.0,1.0050251256281406
2026-04-12,icecek,"Nescafe Sütlü Köpüklü 10 X 17,4 Gr",105.0,TRY,01,0.0,0.0,0.0,0.9615384615384616
2026-04-12,icecek,"Nescafe Sütlü Köpüklü 17,4 Gr",14.35,TRY,01,0.0,0.0,0.0,0.3496503496503422
2026-04-12,icecek,Nescafe Xpress Americano 250 Ml,63.0,TRY,01,0.0,-4.545454545454546,-4.545454545454546,-3.816793893129771
2026-04-12,icecek,Nescafe Xpress Cafe Latte 250 Ml,83.0,TRY,01,0.0,20.28985507246377,20.28985507246377,20.28985507246377
2026-04-12,icecek,Nescafe Xpress Çikolata 250 Ml,68.8,TRY,01,0.0,0.0,0.0,-0.14513788098694996
2026-04-12,icecek,Nescafe Xpress Latte Orijinal Tat 250 Ml,80.7,TRY,01,0.0,20.98950524737631,20.98950524737631,20.808383233532943
2026-04-12,icecek,Nescafe Xpress Vanilya 250 Ml,82.8,TRY,01,0.0,20.348837209302324,20.348837209302324,20.174165457184312
2026-04-12,icecek,Nestle Cappucino 14 Gr x 1 Adet,17.6,TRY,01,0.0,0.0,0.0,0.0
2026-04-12,icecek,Nestle Cappucino 14 Gr x 24 Adet,432.0,TRY,01,0.0,0.0,0.0,1.8867924528301887
2026-04-12,icecek,Nestle Coffee Mate Kahve Kreması 170 Gr,119.5,TRY,01,0.0,0.0,0.0,0.8438818565400843
2026-04-12,icecek,Nestle Coffee Mate Kahve Kreması 2 Kg,989.5,TRY,01,0.0,0.0,0.0,0.712468193384224
2026-04-12,icecek,Nestle Coffee Mate Kahve Kreması Eko 200 Gr,150.0,TRY,01,0.0,0.0,0.0,0.6711409395973155
2026-04-12,icecek,Nestle Coffee Mate Kahve Kreması Eko 500 Gr,296.5,TRY,01,0.0,0.0,0.0,0.6791171477079796
2026-04-12,icecek,Nestle Latte 17 Gr,18.0,TRY,01,0.0,,,0.0
2026-04-12,icecek,Nestle Salep 15 Gr,14.0,TRY,01,0.0,0.0,0.0,3.7037037037037033
2026-04-12,icecek,"Nestle Sıcak Çikolata 18,5 gr 1 adet",16.0,TRY,01,0.0,0.0,0.0,0.0
2026-04-12,icecek,"Nestle Sıcak Çikolata 18,5 gr 24’lü Paket",368.0,TRY,01,0.0,0.0,0.0,3.081232492997199
2026-04-12,icecek,Ofçay Hazine Zengin Dem Demlik Poşet Çay 30Gr X 30 Lu,555.5,TRY,01,0.0,0.0,0.0,0.6340579710144928
2026-04-12,icecek,Osso Dibek Kahvesi 200 Gr,112.5,TRY,01,0.0,0.0,0.0,14.213197969543149
2026-04-12,icecek,Osso Osmanlı Kahvesi 200 Gr,112.5,TRY,01,0.0,0.0,0.0,14.213197969543149
2026-04-12,icecek,Pınar Biodenge Laktozsuz Süt 1 Lt,107.0,TRY,01,0.0,6.467661691542288,6.467661691542288,7.537688442211055
2026-04-12,icecek,Pınar Kahveli Protein Süt 500 Ml,113.0,TRY,01,0.0,9.178743961352657,9.178743961352657,9.70873786407767
2026-04-12,icecek,Pınar Kayısı Meyve Suyu 1 Lt,80.5,TRY,01,0.0,,,
2026-04-12,icecek,Pınar Laktozsuz Süt 200 Ml,36.5,TRY,01,0.0,4.285714285714286,4.285714285714286,4.285714285714286
2026-04-12,icecek,Pınar Meyve Suyu Akdeniz Kokteyli 1 Lt,80.5,TRY,01,0.0,,,
2026-04-12,icecek,Pınar Organik Süt 200 Ml,39.5,TRY,01,0.0,12.857142857142856,12.857142857142856,12.857142857142856
2026-04-12,icecek,Pınar Portakal Meyve Suyu 1 Lt,80.5,TRY,01,0.0,,,
2026-04-12,icecek,Pınar Protein Çilekli Süt 500 Ml,113.0,TRY,01,0.0,9.178743961352657,9.178743961352657,9.70873786407767
2026-04-12,icecek,Pınar Protein Kakaolu Süt 500 Ml,113.0,TRY,01,0.0,9.178743961352657,9.178743961352657,9.70873786407767
2026-04-12,icecek,Pınar Protein Muzlu Ve Yer Fıstıklı Süt 500 Ml,113.0,TRY,01,0.0,9.178743961352657,9.178743961352657,9.70873786407767
2026-04-12,icecek,Pınar Protein Vanilyalı Süt 500 Ml,113.0,TRY,01,0.0,9.178743961352657,9.178743961352657,9.70873786407767
2026-04-12,icecek,Pınar Şeftali Meyve Suyu 1 Lt,80.5,TRY,01,0.0,,,
2026-04-12,icecek,Pınar Süt %1 Yağlı 1 Lt,90.0,TRY,01,0.0,6.508875739644971,6.508875739644971,
2026-04-12,icecek,Pınar Vişne Meyve Suyu 1 Lt,80.5,TRY,01,0.0,,,
2026-04-12,icecek,Poli Toz İçecek Elmalı 300 Gr,54.0,TRY,01,0.0,0.0,0.0,0.0
2026-04-12,icecek,Poli Toz İçecek Karadut 300 Gr,54.5,TRY,01,0.0,0.0,0.0,0.9259259259259258
2026-04-12,icecek,Poli Toz İçecek Kekik 300 Gr,54.5,TRY,01,0.0,0.0,0.0,0.9259259259259258
2026-04-12,icecek,Poli Toz İçecek Kivi 300 Gr,54.0,TRY,01,0.0,0.0,0.0,0.0
2026-04-12,icecek,Poli Toz İçecek Kuşburnu 300 Gr,54.0,TRY,01,0.0,0.0,0.0,0.0
2026-04-12,icecek,Poli Toz İçecek Limon 300 Gr,54.0,TRY,01,0.0,0.0,0.0,0.0
2026-04-12,icecek,Poli Toz İçecek Nane Limon 250 Gr,50.5,TRY,01,0.0,0.0,0.0,1.0
2026-04-12,icecek,Poli Toz İçecek Portakal 300 Gr,54.0,TRY,01,0.0,0.0,0.0,0.0
2026-04-12,icecek,Poli Toz İçecek Soğuk Limon 450 Gr,112.0,TRY,01,0.0,0.0,0.0,0.9009009009009009
2026-04-12,icecek,Poli Toz İçecek Soğuk Portakal 450 Gr,112.0,TRY,01,0.0,0.0,0.0,0.9009009009009009
2026-04-12,icecek,Poli Toz İçecek Sütlü Muz 250 Gr,50.5,TRY,01,0.0,0.0,0.0,1.0
2026-04-12,icecek,Poli Toz İçecek Sütlü Salep 250 Gr,50.5,TRY,01,0.0,0.0,0.0,1.0
2026-04-12,icecek,Poli Toz İçecek Tarçın 300 Gr,54.0,TRY,01,0.0,0.0,0.0,0.0
2026-04-12,icecek,Powerade Ice Blast Enerji İçeceği Pet 500 Ml,61.0,TRY,01,0.0,0.0,0.0,0.0
2026-04-12,icecek,Red Bull Blue Enerji İçeceği 250 Ml,76.0,TRY,01,0.0,0.0,0.0,0.6622516556291391
2026-04-12,icecek,Red Bull Enerji İçeceği 355 Ml,119.5,TRY,01,0.0,0.0,0.0,0.8438818565400843
2026-04-12,icecek,Red Bull Enerji İçeceği 473 Ml,152.0,TRY,01,0.0,0.0,0.0,0.6622516556291391
2026-04-12,icecek,Red Bull Klasik Enerji İçeceği 250 Ml,76.0,TRY,01,0.0,0.0,0.0,0.6622516556291391
2026-04-12,icecek,Red Bull Şekersiz Enerji İçeceği 250 Ml,76.0,TRY,01,0.0,0.0,0.0,0.6622516556291391
2026-04-12,icecek,Red Bull White Enerji İçeceği 250 Ml,76.0,TRY,01,0.0,0.0,0.0,0.6622516556291391
2026-04-12,icecek,Schweppes Mandalina Şişe 250 Ml,73.0,TRY,01,0.0,16.8,16.8,17.741935483870968
2026-04-12,icecek,Sprite Teneke 250 Ml,49.5,TRY,01,0.0,0.0,0.0,1.0204081632653061
2026-04-12,icecek,Sütaş Çilekli Süt 6 X 180 Ml,125.5,TRY,01,0.0,0.8032128514056224,0.8032128514056224,-0.7905138339920948
2026-04-12,icecek,Sütaş Kakaolu 6 X 180 Ml,126.5,TRY,01,0.0,0.796812749003984,0.796812749003984,-0.7843137254901961
2026-04-12,icecek,Sütaş Laktozsuz Süt 1 Lt,92.0,TRY,01,0.0,,,2.793296089385475
2026-04-12,icecek,Sütaş Muzlu Süt 6 X 180 Ml,126.5,TRY,01,0.0,-1.171875,-1.171875,-0.7843137254901961
2026-04-12,icecek,Sütaş Tam Yağlı Süt 1 Lt,94.0,TRY,01,0.0,4.444444444444445,4.444444444444445,2.73224043715847
2026-04-12,icecek,Sütaş Tam Yağlı Süt 6 X 180 Ml,126.5,TRY,01,0.0,0.796812749003984,0.796812749003984,-0.7843137254901961
2026-04-12,icecek,Sütaş Yarım Yağlı Süt 1 Lt,82.5,TRY,01,0.0,15.384615384615385,15.384615384615385,0.6097560975609756
2026-04-12,icecek,Tchibo Beyaz Kağıt Filtre 4 Numara 80 Adet,173.0,TRY,01,0.0,0.0,0.0,0.8746355685131195
2026-04-12,icecek,Tchibo Cafissimo Caffe Crema Rich Aroma 10’lu Kapsül Kahve,348.0,TRY,01,0.0,0.0,0.0,2.3529411764705883
2026-04-12,icecek,Tchibo Gold Selection Çözünebilir Kahve 100 Gr,432.0,TRY,01,0.0,0.0,0.0,0.6993006993006993
2026-04-12,icecek,Tchibo Gold Selection Çözünebilir Kahve Ekonomik Paket 75 g,177.5,TRY,01,0.0,0.0,0.0,0.8522727272727272
2026-04-12,icecek,Tchibo Gold Selection Öğütülmüş Filtre Kahve 250 Gr,434.0,TRY,01,0.0,22.946175637393768,22.946175637393768,0.6960556844547563
2026-04-12,icecek,Tchibo Privat Kaffee African Blue Öğütülmüş Filtre Kahve 250 g,754.0,TRY,01,0.0,0.0,0.0,0.6675567423230975
2026-04-12,icecek,Tchibo Privat Kaffee Brazil Mild Öğütülmüş Filtre Kahve 250 g,755.0,TRY,01,0.0,0.0,0.0,0.6666666666666667
2026-04-12,icecek,Tchibo Privat Kaffee Latin Grande Öğütülmüş Filtre Kahve 250 g,754.0,TRY,01,0.0,0.0,0.0,0.6675567423230975
2026-04-12,icecek,Tchibo Türk Kahvesi 100Gr,89.5,TRY,01,0.0,0.0,0.0,0.5617977528089888
2026-04-12,icecek,Teksüt Yarım Yağlı Süt 1 Lt,69.5,TRY,01,0.0,0.0,0.0,0.7246376811594203
2026-04-12,icecek,Torku Kakaolu Süt 6X180 Ml,146.5,TRY,01,0.0,2.807017543859649,2.807017543859649,3.53356890459364
2026-04-12,icecek,Torku Muzlu Süt 6 X 180 Ml,140.0,TRY,01,0.0,2.941176470588235,2.941176470588235,3.7037037037037033
2026-04-12,icecek,Torku Süt Yarım Yağlı 1 Lt,83.5,TRY,01,0.0,12.837837837837837,12.837837837837837,13.60544217687075
2026-04-12,icecek,Torku Tam Yağlı Süt 1 Lt,103.0,TRY,01,0.0,,,15.083798882681565
2026-04-12,icecek,Ülker Cafe Crown 2 Si 1 Arada Fındık,13.0,TRY,01,0.0,0.0,0.0,4.0
2026-04-12,icecek,Ülker Cafe Crown 2 Si 1 Arada Sade,13.0,TRY,01,0.0,0.0,0.0,4.0
2026-04-12,anne-bebek,Aptamil Devam Sütü Maması No2 6-9 Ay 350 Gr,744.0,TRY,06,0.0,0.0,0.0,0.6765899864682002
2026-04-12,anne-bebek,Dalin 3 Lü Bebek Sabunu 300 Gr,120.0,TRY,06,0.0,0.0,0.0,0.8403361344537815
2026-04-12,anne-bebek,Dalin Bebe Yağı 300 Ml,232.0,TRY,06,0.0,0.0,0.0,0.6507592190889371
2026-04-12,anne-bebek,Dalin Islak Havlu 3 X 56,148.0,TRY,06,0.0,0.0,0.0,
2026-04-12,anne-bebek,Dalin Kolay Tarama Spreyi 200 Ml,200.0,TRY,06,0.0,0.0,0.0,0.7556675062972292
2026-04-12,anne-bebek,Dalin Şampuan 500 Ml,197.5,TRY,06,0.0,0.0,0.0,0.7653061224489796
2026-04-12,anne-bebek,Dalin Vazelin 100 Ml,172.5,TRY,06,0.0,0.0,0.0,0.8771929824561403
2026-04-12,anne-bebek,Eyüp Sabri Tuncer Zeytinyağlı Bebe Şampuanı 600 Ml,322.5,TRY,06,0.0,0.0,0.0,0.62402496099844
2026-04-12,anne-bebek,Hero Baby Karışık Meyveli Yulaflı Kavanoz Maması 120 Gr,61.0,TRY,06,0.0,0.0,0.0,0.8264462809917356
2026-04-12,anne-bebek,Hero Baby Mandalinalı Armutlu Kavanoz Maması 120 Gr,61.0,TRY,06,0.0,0.0,0.0,0.8264462809917356
2026-04-12,anne-bebek,Hero Baby Sütlü Meyveli 8 Tahıllı Kaşık Maması 400 Gr,293.5,TRY,06,0.0,0.0,0.0,0.6861063464837049
2026-04-12,anne-bebek,Hipp 1 Organik Combiotic Bebek Sütü 350 Gr,904.5,TRY,06,0.0,0.0,0.0,14.276689829437778
2026-04-12,anne-bebek,Hipp 2 Organik Combiotic Devam Sütü 350 Gr,904.5,TRY,06,0.0,0.0,0.0,14.276689829437778
2026-04-12,anne-bebek,Hipp 3 Organik Combiotic Devam Sütü 350 Gr,904.5,TRY,06,0.0,0.0,0.0,14.276689829437778
2026-04-12,anne-bebek,Hipp Organik 5 Tahıllı Tahıl Bazlı Ek Gıda 200 Gr,232.5,TRY,06,0.0,0.0,0.0,16.834170854271356
2026-04-12,anne-bebek,Hipp Organik Armut Püresi 125 Gr,123.5,TRY,06,0.0,0.0,0.0,11.76470588235294
2026-04-12,anne-bebek,Hipp Organik Bebek Bisküvisi 180 Gr,205.5,TRY,06,0.0,0.0,0.0,10.187667560321715
2026-04-12,anne-bebek,Hipp Organik Elma Püresi 125 Gr,117.5,TRY,06,0.0,0.0,0.0,12.440191387559809
2026-04-12,anne-bebek,Hipp Organik Erik Püresi 125 Gr,123.5,TRY,06,0.0,0.0,0.0,11.76470588235294
2026-04-12,anne-bebek,Hipp Organik İyi Geceler Sütlü Elmalı Tahıllı Kaşık Maması 250 Gr,260.5,TRY,06,0.0,0.0,0.0,16.55480984340045
2026-04-12,anne-bebek,Hipp Organik Kayısı Püresi 125 Gr,117.5,TRY,06,0.0,0.0,0.0,12.440191387559809
2026-04-12,anne-bebek,Hipp Organik Pirinçli Tahıl Bazlı Ek Gıda 200 Gr,232.5,TRY,06,0.0,0.0,0.0,
2026-04-12,anne-bebek,Hipp Organik Şeftali Püresi 125 Gr,123.5,TRY,06,0.0,0.0,0.0,11.76470588235294
2026-04-12,anne-bebek,Hipp Organik Yulaflı Tahıl Bazlı Ek Gıda 200 Gr,232.5,TRY,06,0.0,0.0,0.0,16.834170854271356
2026-04-12,anne-bebek,Johnson’s Baby Bebek Losyonu 300 Ml,304.0,TRY,06,0.0,0.0,0.0,0.6622516556291391
2026-04-12,anne-bebek,Johnson’s Baby Bedtime Bebek Sabunu 90 Gr,59.5,TRY,06,0.0,0.0,0.0,0.847457627118644
2026-04-12,anne-bebek,Johnson’s Baby Bedtime Yağı 200 Ml,189.5,TRY,06,0.0,0.0,0.0,0.7978723404255319
2026-04-12,anne-bebek,Johnson’s Baby Işıldayan Parlaklık Saç Şampuanı 750 Ml,371.5,TRY,06,0.0,0.0,0.0,0.6775067750677507
2026-04-12,anne-bebek,Johnson’s Baby Işıldayan Parlaklık Şampuanı 500 Ml,277.0,TRY,06,0.0,0.0,0.0,0.7272727272727273
2026-04-12,anne-bebek,Johnson’s Baby Normal Bebe Yağı 300 Ml,263.5,TRY,06,0.0,0.0,0.0,0.7648183556405354
2026-04-12,anne-bebek,Johnson’s Baby Şampuan 200 Ml,89.5,TRY,06,0.0,0.0,0.0,
2026-04-12,anne-bebek,Johnson’s Baby Şampuan 750 Ml,183.0,TRY,06,0.0,0.0,0.0,0.5494505494505495
2026-04-12,anne-bebek,Johnson’s Baby Söz Dinleyen Kolay Tarama Saç Spreyi 500 Ml,277.0,TRY,06,0.0,0.0,0.0,0.5444646098003629
2026-04-12,anne-bebek,Johnson’s Baby Süt Sabunu 100 Gr,59.5,TRY,06,0.0,0.0,0.0,0.847457627118644
2026-04-12,anne-bebek,Johnson’s Bebek Nemlendirici Jel Yağ 200 Ml,362.5,TRY,06,0.0,0.0,0.0,0.6944444444444444
2026-04-12,anne-bebek,Molfix Bebek Bezi 3 Beden Midi 68 Adet,395.5,TRY,06,0.0,0.0,0.0,6.747638326585695
2026-04-12,anne-bebek,Molfix Bebek Bezi 4 Beden Maxi Fırsat Paketi 60 Adet,395.5,TRY,06,0.0,0.0,0.0,6.747638326585695
2026-04-12,anne-bebek,Molfix Bebek Bezi 5 Beden Junior Fırsat Paketi 48 Adet,395.5,TRY,06,0.0,0.0,0.0,6.747638326585695
2026-04-12,anne-bebek,Molfix Bebek Bezi Junior Plus 5+ Beden 44 Adet,395.5,TRY,06,0.0,0.0,0.0,6.747638326585695
2026-04-12,anne-bebek,Molfix Fırsat Paket 6 Beden 38 Adet Ekstra Large,395.5,TRY,06,0.0,0.0,0.0,6.747638326585695
2026-04-12,anne-bebek,Molfix Junior 5 Beden Bebek Bezi 78 Adet,521.0,TRY,06,0.0,-5.100182149362477,-5.100182149362477,-0.5725190839694656
2026-04-12,anne-bebek,Prima Bebek Bezi Aktif Bebek 3 Beden Midi Fırsat Paketi 62 Adet,816.0,TRY,06,0.0,1.61892901618929,1.61892901618929,3.4220532319391634
2026-04-12,anne-bebek,Prima Bebek Bezi Aktif Bebek 4 Beden Maxi Fırsat Paketi 54 Adet,816.0,TRY,06,0.0,1.61892901618929,1.61892901618929,
2026-04-12,anne-bebek,Prima Bebek Bezi Aktif Bebek 5 Beden Junior Fırsat Paketi 46 Adet,816.0,TRY,06,0.0,1.61892901618929,1.61892901618929,3.4220532319391634
2026-04-12,anne-bebek,Prima Bebek Bezi Aktif Bebek 6 Beden Ekstra Large Fırsat Paketi 40 Adet,808.0,TRY,06,0.0,1.6352201257861636,1.6352201257861636,2.278481012658228
2026-04-12,anne-bebek,Prima Bebek Bezi Aktif Bebek 8 Beden Fırsat Paketi 31 Adet,816.0,TRY,06,0.0,1.61892901618929,1.61892901618929,3.4220532319391634
2026-04-12,anne-bebek,Prima Mayo Bebek Bezi 4-5 Beden 11 Li,327.0,TRY,06,0.0,0.0,0.0,1.8691588785046727
2026-04-12,anne-bebek,Prima Mayo Bebek Bezi 5-6 Beden 10 Lu,327.0,TRY,06,0.0,0.0,0.0,1.8691588785046727
2026-04-12,anne-bebek,Prima Premium Care Bebek Bezi 0 Beden Prematüre 30 Adet,426.0,TRY,06,0.0,,,
2026-04-12,anne-bebek,Prima Premium Care Bebek Bezi 1 Beden Ekonomik Paket 70 Adet,826.0,TRY,06,0.0,1.4742014742014742,1.4742014742014742,3.25
2026-04-12,anne-bebek,Prima Premium Care Bebek Bezi 2 Beden Mini Ekonomik Paket 60 Adet,826.0,TRY,06,0.0,1.4742014742014742,1.4742014742014742,3.25
2026-04-12,anne-bebek,Prima Premium Care Bebek Bezi 3 Beden Midi Ekonomik Paket 52 Adet,826.0,TRY,06,0.0,1.4742014742014742,1.4742014742014742,3.25
2026-04-12,anne-bebek,Prima Premium Care Bebek Bezi 4 Beden Maxi Ekonomik Paket 46 Adet,826.0,TRY,06,0.0,1.4742014742014742,1.4742014742014742,3.25
2026-04-12,anne-bebek,Prima Premium Care Bebek Bezi 5 Beden Junior Ekonomik Paket 42 Adet,826.0,TRY,06,0.0,1.4742014742014742,1.4742014742014742,3.25
2026-04-12,anne-bebek,Prima Premium Care Bebek Bezi 6 Beden Ekstra Large 35 Adet,829.0,TRY,06,0.0,1.4687882496940026,1.4687882496940026,2.0935960591133003
2026-04-12,anne-bebek,Sleepy Bebek Bezi Bio Natural 4 Numara Maxi 82’li Fırsat Paket,579.0,TRY,06,0.0,0.0,0.0,-13.582089552238804
2026-04-12,anne-bebek,Sleepy Bio Natural 2’li Fırsat Paketi Bebek Bezi 6 Numara XL 46 Adet,674.0,TRY,06,0.0,0.0,0.0,0.5970149253731344
2026-04-12,anne-bebek,SMA 1 Optipro Bebek Sütü 800 Gr,1270.0,TRY,06,0.0,0.0,0.0,0.7137192704203014
2026-04-12,anne-bebek,SMA 2 Optipro Devam Sütü 400 Gr,691.0,TRY,06,0.0,0.0,0.0,0.7288629737609329
2026-04-12,anne-bebek,SMA 2 Optipro Devam Sütü 800 Gr,1270.0,TRY,06,0.0,0.0,0.0,0.7137192704203014
2026-04-12,anne-bebek,SMA 2 Optipro Probiyotikli 6-12 Ay Devam Sütü (500 Gr X 2 Paket) 1 Kg,1750.0,TRY,06,0.0,0.0,0.0,0.6904487917146145
2026-04-12,anne-bebek,SMA 3 Optipro Devam Sütü (1-3 Yaş) Kutu 1200 Gr,1682.0,TRY,06,0.0,0.0,0.0,0.6582884500299222
2026-04-12,anne-bebek,Uni Baby Aile Islak Mendil 3 X 52 Adet,90.0,TRY,06,0.0,0.0,0.0,0.5586592178770949
2026-04-12,anne-bebek,Uni Baby Aile Islak Mendil 90 Lı,73.0,TRY,06,0.0,60.43956043956044,60.43956043956044,62.22222222222222
2026-04-12,anne-bebek,Uni Baby Bebek Kolonyası Bahar Çiçekleri 150 ml,104.0,TRY,06,0.0,11.827956989247312,11.827956989247312,12.432432432432433
2026-04-12,anne-bebek,Uni Baby Kolay Tarama Şampuanı 700 Ml,192.0,TRY,06,0.0,0.0,0.0,0.5235602094240838
2026-04-12,anne-bebek,Uni Baby Şampuan 700 Ml,184.5,TRY,06,0.0,0.0,0.0,7.894736842105263
2026-04-12,kisisel-bakim,"Activex Antibakteriyel Sıvı Sabun Aktif 1,5 Lt",342.0,TRY,13,0.0,0.0,0.0,0.5882352941176471
2026-04-12,kisisel-bakim,"Activex Hassas Antibakteriyel Sıvı Sabun 1,5 Lt",314.0,TRY,13,0.0,0.0,0.0,0.641025641025641
2026-04-12,kisisel-bakim,Arko Cool Tıraş Kolonyası 250 Ml,196.0,TRY,13,0.0,0.0,0.0,0.5128205128205128
2026-04-12,kisisel-bakim,Arko Cool Tıraş Köpüğü 200 Ml,181.0,TRY,13,0.0,-4.232804232804233,-4.232804232804233,-3.723404255319149
2026-04-12,kisisel-bakim,Arko Extra Sensitive Tıraş Köpüğü 200 Ml,181.0,TRY,13,0.0,-4.232804232804233,-4.232804232804233,-3.723404255319149
2026-04-12,kisisel-bakim,Arko Klasik Yağlı Krem 20 Cc,48.0,TRY,13,0.0,5.4945054945054945,5.4945054945054945,6.666666666666667
2026-04-12,kisisel-bakim,Arko Krem Değerli Yağlar Serisi Avokado 60 Ml,117.0,TRY,13,0.0,17.0,17.0,17.587939698492463
2026-04-12,kisisel-bakim,Arko Krem Değerli Yağlar Serisi Zeytinyağlı 60 Ml,117.0,TRY,13,0.0,17.0,17.0,17.587939698492463
2026-04-12,kisisel-bakim,Arko Krem Nemlendirici Soft Bakım 60 Ml,94.0,TRY,13,0.0,11.242603550295858,11.242603550295858,11.904761904761903
2026-04-12,kisisel-bakim,Arko Krem Prebiyotik Yulaf Sütü 250Ml,190.0,TRY,13,0.0,0.0,0.0,1.0638297872340425
2026-04-12,kisisel-bakim,Arko Men Anti-Irritation Tıraş Jeli 200 Ml,257.0,TRY,13,0.0,0.0,0.0,0.7843137254901961
2026-04-12,kisisel-bakim,Arko Men Banyo Tıraş Bıçağı 5 Li,92.0,TRY,13,0.0,0.0,0.0,1.098901098901099
2026-04-12,kisisel-bakim,Arko Men Cool Tıraş Kremi 100 Gr,95.0,TRY,13,0.0,0.0,0.0,1.0638297872340425
2026-04-12,kisisel-bakim,Arko Men Sensitive Tıraş Kremi 100 Gr,95.0,TRY,13,0.0,0.0,0.0,1.0638297872340425
2026-04-12,kisisel-bakim,Arko Men T1 Tıraş Bıçağı 10Lu Kullan At Bıçak,170.0,TRY,13,0.0,0.0,0.0,0.591715976331361
2026-04-12,kisisel-bakim,Arko Nem Değerli Yağlar Avokadolu El Ve Vücut Kremi 250 Ml,198.0,TRY,13,0.0,4.2105263157894735,4.2105263157894735,5.319148936170213
2026-04-12,kisisel-bakim,Arko Nem Değerli Yağlar Hindistan Cevizli El Ve Vücut Kremi 250 Ml,198.0,TRY,13,0.0,4.2105263157894735,4.2105263157894735,5.319148936170213
2026-04-12,kisisel-bakim,Arko Nem Değerli Yağlar Zeytinyağlı El Ve Vücut Kremi 250 Ml,198.0,TRY,13,0.0,4.2105263157894735,4.2105263157894735,5.319148936170213
2026-04-12,kisisel-bakim,Arko Nem Ekstra Nemlendirici Gliserinli Bakım Kremi 250 Ml,191.0,TRY,13,0.0,12.352941176470589,12.352941176470589,13.017751479289942
2026-04-12,kisisel-bakim,Arko Nem Soft Touch Krem 250 Ml,174.0,TRY,13,0.0,2.3529411764705883,2.3529411764705883,2.9585798816568047
2026-04-12,kisisel-bakim,Arko Tıraş Jeli 2 İn 1 Black 200 Ml,257.0,TRY,13,0.0,0.0,0.0,0.7843137254901961
2026-04-12,kisisel-bakim,Arko Tıraş Jeli Cool 200 Ml,257.0,TRY,13,0.0,0.0,0.0,0.7843137254901961
2026-04-12,kisisel-bakim,Arko Tıraş Kolonyası Black Edition 255 ml,196.0,TRY,13,0.0,0.0,0.0,0.5128205128205128
2026-04-12,kisisel-bakim,Arko Tıraş Kolonyası Platinum 255 ml,196.0,TRY,13,0.0,0.0,0.0,0.5128205128205128
2026-04-12,kisisel-bakim,Arko Tıraş Köpüğü Anti-İrritation 200 Ml,188.0,TRY,13,0.0,-4.081632653061225,-4.081632653061225,-3.5897435897435894
2026-04-12,kisisel-bakim,Arko Tıraş Köpüğü Black 200 Ml,188.0,TRY,13,0.0,-4.081632653061225,-4.081632653061225,-3.5897435897435894
2026-04-12,kisisel-bakim,Arko Tıraş Sabunu 75 Gr,94.0,TRY,13,0.0,0.0,0.0,0.53475935828877
2026-04-12,kisisel-bakim,Axe Deodorant Apollo 150 Ml Erkek,231.0,TRY,13,0.0,0.0,0.0,
2026-04-12,kisisel-bakim,Axe Deodorant Black 150 Ml Erkek,231.0,TRY,13,0.0,0.0,0.0,
2026-04-12,kisisel-bakim,Axe Deodorant Dark Temptation Chocolate 150 Ml Erkek,231.0,TRY,13,0.0,0.0,0.0,14.356435643564355
2026-04-12,kisisel-bakim,Axe Deodorant You 150 Ml Erkek,231.0,TRY,13,0.0,0.0,0.0,14.356435643564355
2026-04-12,kisisel-bakim,Axe Erkekler İçin Sprey Deodorant Ice Chill 150 Ml,231.0,TRY,13,0.0,0.0,0.0,
2026-04-12,kisisel-bakim,Bambino 70 Li Makyaj Pamuğu,33.0,TRY,13,0.0,0.0,0.0,1.5384615384615385
2026-04-12,kisisel-bakim,Bioblas 200Ml Sıvı Sbk Saç Dökülme Karşıtı,222.0,TRY,13,0.0,0.0,0.0,0.6802721088435374
2026-04-12,kisisel-bakim,Bioblas Botanic Oils Argan Saç Bakım Yağı 100 Ml,262.5,TRY,13,0.0,0.0,0.0,0.5747126436781609
2026-04-12,kisisel-bakim,Bioblas Saç Dökülmesi Ve Yağlanmaya Karşı Şampuan 360 Ml,150.5,TRY,13,0.0,4.513888888888888,4.513888888888888,5.244755244755245
2026-04-12,kisisel-bakim,Bioblas Saç Dökülmesine Karşı Siyah Sarımsak Şampuanı 1000 Ml,297.0,TRY,13,0.0,0.0,0.0,0.6779661016949152
2026-04-12,kisisel-bakim,Bioblas Saç Dökülmesine Karşı Yavaş Uzayan Saçlar İçin Şampuan 360 Ml,150.5,TRY,13,0.0,4.513888888888888,4.513888888888888,5.244755244755245
2026-04-12,kisisel-bakim,Bioblas Tüm Saçlar İçin Argan Şampuanı 360 Ml,150.5,TRY,13,0.0,4.513888888888888,4.513888888888888,5.244755244755245
2026-04-12,kisisel-bakim,Blendax Badem Yağı Özlü Şampuan 500 Ml,123.0,TRY,13,0.0,0.0,0.0,
2026-04-12,kisisel-bakim,Blendax Erkek Kepeğe Karşı Etkili Şampuan 500 Ml,123.0,TRY,13,0.0,0.0,0.0,0.40816326530612246
2026-04-12,kisisel-bakim,Blendax Erkekler İçin Mentollü Şampuan 500 Ml,123.0,TRY,13,0.0,,,
2026-04-12,kisisel-bakim,Blendax Isırgan Özlü Şampuan 500 Ml,123.0,TRY,13,0.0,,,
2026-04-12,kisisel-bakim,Blendax Kepeğe Karşı Etkili Şampuan 500 Ml,123.0,TRY,13,0.0,,,
2026-04-12,kisisel-bakim,Blendax Kiraz Özlü Şampuan 500 Ml,123.0,TRY,13,0.0,,,0.40816326530612246
2026-04-12,kisisel-bakim,Blendax Yasemin Özlü Şampuan 500 Ml,123.0,TRY,13,0.0,,,
2026-04-12,kisisel-bakim,Bonhair Saç Jölesi 700 Ml,157.0,TRY,13,0.0,0.0,0.0,0.641025641025641
2026-04-12,kisisel-bakim,Bonhair Styling Wax Gum Gel 700 Ml,187.0,TRY,13,0.0,0.0,0.0,0.8086253369272237
2026-04-12,kisisel-bakim,Caldion Bay Deodorant 150 Ml,127.0,TRY,13,0.0,0.0,0.0,0.7936507936507936
2026-04-12,kisisel-bakim,Caldion Bayan Deodorant 150 Ml,127.0,TRY,13,0.0,0.0,0.0,0.7936507936507936
2026-04-12,kisisel-bakim,Caldion Classic Bayan Set 50 Ml Parfüm Edt + 150 Ml Deodorant,660.5,TRY,13,0.0,0.0,0.0,0.7627765064836003
2026-04-12,kisisel-bakim,Caldion Edt Erkek 100 Ml + Deodorant 150 Ml,724.5,TRY,13,0.0,0.0,0.0,0.764951321279555
2026-04-12,kisisel-bakim,Caldion Erkek Roll-On 50 Ml,122.0,TRY,13,0.0,0.0,0.0,
2026-04-12,kisisel-bakim,Caldion Kadın Roll-On 50 Ml,122.0,TRY,13,0.0,0.0,0.0,0.411522633744856
2026-04-12,kisisel-bakim,Canbebe Bebek Bakım Örtüsü 8 Adet,145.5,TRY,13,0.0,0.0,0.0,0.6920415224913495
2026-04-12,kisisel-bakim,Canped Belbantlı Hasta Bezi Extra Küçük 30 Lu,756.5,TRY,13,0.0,0.0,0.0,2.995234853641933
2026-04-12,kisisel-bakim,Canped Emici Külot Büyük Boy 8 Li,298.0,TRY,13,0.0,0.0,0.0,0.6756756756756757
2026-04-12,kisisel-bakim,Canped Emici Külot Ekstra Large 8 Li,298.0,TRY,13,0.0,0.0,0.0,0.6756756756756757
2026-04-12,kisisel-bakim,Canped Emici Külot Orta Boy 9 Lu,288.0,TRY,13,0.0,0.0,0.0,0.6993006993006993
2026-04-12,kisisel-bakim,Canped Günlük Mesane Pedi Büyük 10 Lu,220.5,TRY,13,0.0,0.0,0.0,0.9153318077803204
2026-04-12,kisisel-bakim,Canped Günlük Mesane Pedi Orta Boy 10 Lu,220.5,TRY,13,0.0,0.0,0.0,0.9153318077803204
2026-04-12,kisisel-bakim,Canped Kulotlu Mesane Pedı L 9Lu,404.5,TRY,13,0.0,0.0,0.0,2.7954256670902162
2026-04-12,kisisel-bakim,Canped Kulotlu Mesane Pedı M 10Lu,393.0,TRY,13,0.0,0.0,0.0,3.014416775884666
2026-04-12,kisisel-bakim,Canped Mesane Pedi Büyük Boy Yoğun 20’Li Avantaj Paketi,401.5,TRY,13,0.0,0.0,0.0,2.9487179487179485
2026-04-12,kisisel-bakim,Canped Mesane Pedı Avantaj M 20Lı,401.5,TRY,13,0.0,0.0,0.0,2.9487179487179485
2026-04-12,kisisel-bakim,Canped Ultra Mesane Pedi 10 Lu,245.0,TRY,13,0.0,0.0,0.0,2.941176470588235
2026-04-12,kisisel-bakim,Canped Yatak Koruyucu Örtü 60*90 Cm 10’lu,167.5,TRY,13,0.0,0.0,0.0,0.6006006006006006
2026-04-12,kisisel-bakim,Canped Yatak Koruyucu Ortu 80*180 Cm 10Lu,289.0,TRY,13,0.0,0.0,0.0,0.6968641114982579
2026-04-12,kisisel-bakim,Cansın Yara Bandı 5 Li,34.0,TRY,13,0.0,13.333333333333334,13.333333333333334,15.254237288135593
2026-04-12,kisisel-bakim,Colgate 360 İnter Diş Arası Temizliği Orta 1+1,120.0,TRY,13,0.0,12.676056338028168,12.676056338028168,13.20754716981132
2026-04-12,kisisel-bakim,Colgate 360 Komple Ağız Temizliği Diş Fırçası Orta 1+1,396.0,TRY,13,0.0,7.608695652173914,7.608695652173914,8.493150684931507
2026-04-12,kisisel-bakim,Colgate 360 Optik Beyaz Diş Fırçası Orta 1+1,396.0,TRY,13,0.0,7.608695652173914,7.608695652173914,8.493150684931507
2026-04-12,kisisel-bakim,Colgate 360 Visible White Beyazlatıcı Orta Diş Fırçası,120.0,TRY,13,0.0,12.676056338028168,12.676056338028168,13.20754716981132
2026-04-12,kisisel-bakim,Colgate Çocuk Diş Fırçası Barbi – Spiderman 2 – 5 Yaş,264.0,TRY,13,0.0,18.120805369127517,18.120805369127517,18.91891891891892
2026-04-12,kisisel-bakim,Colgate Çocuk Diş Macunu 50 Ml,191.0,TRY,13,0.0,7.605633802816901,7.605633802816901,8.522727272727272
2026-04-12,kisisel-bakim,Colgate Diş Fırçası Çocuk,173.0,TRY,13,0.0,14.19141914191419,14.19141914191419,14.950166112956811
2026-04-12,kisisel-bakim,Colgate Diş Fırçası Extra Clean 2+1,217.5,TRY,13,0.0,14.775725593667547,14.775725593667547,15.691489361702127
2026-04-12,kisisel-bakim,Colgate Diş Macunu Gelişmiş Beyazlık 50Ml,51.5,TRY,13,0.0,0.0,0.0,0.9803921568627451
2026-04-12,kisisel-bakim,Colgate Ekstra Clean Diş Fırçası 1+1,151.5,TRY,13,0.0,9.782608695652174,9.782608695652174,10.583941605839415
2026-04-12,kisisel-bakim,Colgate Ekstra Clean Diş Fırçası 2+1,225.5,TRY,13,0.0,13.602015113350127,13.602015113350127,14.177215189873419
2026-04-12,kisisel-bakim,Colgate Maksimum Anti Çürük Diş Macunu 75 Ml,105.0,TRY,13,0.0,0.0,0.0,0.9615384615384616
2026-04-12,kisisel-bakim,Colgate Maksimum White Kalıcı Beyazlık Diş Macunu 75 Ml,189.5,TRY,13,0.0,16.615384615384617,16.615384615384617,17.3374613003096
2026-04-12,kisisel-bakim,Colgate Mikro İnce Siyah Diş Fırçası 1+1,377.5,TRY,13,0.0,7.703281027104136,7.703281027104136,8.321377331420372
2026-04-12,kisisel-bakim,Colgate Minions Çocuk Diş Fırçası 6+ Yaş,269.5,TRY,13,0.0,17.685589519650655,17.685589519650655,18.461538461538463
2026-04-12,kisisel-bakim,Colgate Optik Beyaz Diş Macunu 75 Ml,351.5,TRY,13,0.0,8.320493066255779,8.320493066255779,8.992248062015504
2026-04-12,kisisel-bakim,Colgate Plax Buz Serinliği Alkolsüz Gargara 500 Ml,338.5,TRY,13,0.0,13.590604026845638,13.590604026845638,14.358108108108109
2026-04-12,kisisel-bakim,Colgate Plax Çay Ve Limon Ağız Bakım Suyu 500 Ml,237.0,TRY,13,0.0,13.126491646778044,13.126491646778044,13.942307692307693
2026-04-12,kisisel-bakim,Colgate Plax Nane Ferahlığı 250 Ml,229.5,TRY,13,0.0,22.727272727272727,22.727272727272727,23.387096774193548
2026-04-12,kisisel-bakim,Colgate Total Gelişmiş Beyazlık Diş Macunu 75 Ml,277.0,TRY,13,0.0,10.139165009940358,10.139165009940358,11.022044088176353
2026-04-12,kisisel-bakim,Colgate Üçlü Etki Diş Macunu 125 Ml X 2 – İkili Paket,232.5,TRY,13,0.0,,,
2026-04-12,kisisel-bakim,Colgate Üçlü Etki Orta Diş Fırçası,89.5,TRY,13,0.0,0.0,0.0,0.5617977528089888
2026-04-12,kisisel-bakim,Corega Diş Protezi Temizleyici Tablet 30 Adet,270.0,TRY,13,0.0,0.0,0.0,0.7462686567164178
2026-04-12,kisisel-bakim,Dalan Antik Defneli Zeytinyağı Sabunu 900 Gr,178.0,TRY,13,0.0,0.0,0.0,0.5649717514124294
2026-04-12,kisisel-bakim,Dalan Antik Geleneksel Zeytinyağlı Sabun 900 Gr,131.0,TRY,13,0.0,0.0,0.0,0.7692307692307693
2026-04-12,kisisel-bakim,Dalan D Olive Zeytinyağlı Yoğun Bakım El Vücut Kremi 20 Ml,24.5,TRY,13,0.0,0.0,0.0,0.0
2026-04-12,kisisel-bakim,Dalan Geleneksel Beyaz Sabun Klasik 600 Gr,147.5,TRY,13,0.0,0.0,0.0,5.357142857142857
2026-04-12,kisisel-bakim,Dalan Lavanta Banyo Sabunu 600 Gr,147.5,TRY,13,0.0,0.0,0.0,5.357142857142857
2026-04-12,kisisel-bakim,Dalan Leylak Sıvı Sabun 3 Lt,195.0,TRY,13,0.0,0.0,0.0,0.5154639175257731
2026-04-12,kisisel-bakim,Dalan Sabun Botanica Frezya 600Gr,110.5,TRY,13,0.0,0.0,0.0,0.45454545454545453
2026-04-12,kisisel-bakim,Dalan Sıvı Sabun Bahar Çiçekleri 3 Lt,195.0,TRY,13,0.0,0.0,0.0,0.5154639175257731
2026-04-12,kisisel-bakim,Dalan Zeytinyağlı Banyo Sabunu 600 Gr,147.5,TRY,13,0.0,0.0,0.0,5.357142857142857
2026-04-12,kisisel-bakim,Dalan Zeytinyağlı Sıvı Sabun 3 Lt,195.0,TRY,13,0.0,0.0,0.0,0.5154639175257731
2026-04-12,kisisel-bakim,Dalin Bıcı Bıcı Bebek Kolonyası 150 Ml,126.5,TRY,13,0.0,0.0,0.0,0.3968253968253968
2026-04-12,kisisel-bakim,Dalin Kulak Temizleme Çubuğu 100 Lü,80.5,TRY,13,0.0,0.0,0.0,1.257861635220126
2026-04-12,kisisel-bakim,Derby Banyo Kullan At Tıraş Bıçağı 5 Li,82.0,TRY,13,0.0,0.0,0.0,0.6134969325153374
2026-04-12,kisisel-bakim,Derby Kopuk Limon 200 Ml,96.0,TRY,13,0.0,0.0,0.0,0.5235602094240838
2026-04-12,kisisel-bakim,Derby Lady Platinum 3 Lü,168.5,TRY,13,0.0,0.0,0.0,0.8982035928143712
2026-04-12,kisisel-bakim,Derby Lady Tıraş Bıçağı 5 Li Poşet,88.0,TRY,13,0.0,0.0,0.0,0.5714285714285714
2026-04-12,kisisel-bakim,Derby Nemlendiricili Tıraş Köpüğü Mentol 200 Ml,96.0,TRY,13,0.0,0.0,0.0,0.5235602094240838
2026-04-12,kisisel-bakim,Derby Nemlendiricili Tıraş Köpüğü Normal 200 Ml,96.0,TRY,13,0.0,0.0,0.0,0.5235602094240838
2026-04-12,kisisel-bakim,Derby Samurai 3 5 Lı Poşet,175.0,TRY,13,0.0,0.0,0.0,0.5747126436781609
2026-04-12,kisisel-bakim,Derby Samurai 3 Platinum Tıraş Bıçağı 3 Lü,168.0,TRY,13,0.0,0.0,0.0,0.9009009009009009
2026-04-12,kisisel-bakim,Derby Samurai 3 Platinum Tıraş Bıçağı 6 Lı,265.0,TRY,13,0.0,0.0,0.0,0.7604562737642585
2026-04-12,kisisel-bakim,Derby Samurai Platinum 2 Blister 6’Lı,165.0,TRY,13,0.0,0.0,0.0,0.9174311926605505
2026-04-12,kisisel-bakim,Derby Tek Bıçaklı Tıraş Bıçağı 5 Li,82.0,TRY,13,0.0,0.0,0.0,0.6134969325153374
2026-04-12,kisisel-bakim,Dove Argan Yağı Onarıcı Bakım Şampuan 400 Ml,153.0,TRY,13,0.0,-8.656716417910449,-8.656716417910449,-25.907990314769975
2026-04-12,kisisel-bakim,Dove Besleyici Bakım Şampuan 400 Ml,153.0,TRY,13,0.0,-8.656716417910449,-8.656716417910449,-25.907990314769975
2026-04-12,kisisel-bakim,Dove Cream Bar Sabun Original 90 Gr,61.0,TRY,13,0.0,0.0,0.0,
2026-04-12,kisisel-bakim,Dove Cream Bar Sabun Pink 90 Gr,61.0,TRY,13,0.0,0.0,0.0,
2026-04-12,kisisel-bakim,Dove Even Tone Kadın Deodorant 150 Ml,282.5,TRY,13,0.0,0.0,0.0,28.99543378995434
2026-04-12,kisisel-bakim,Dove Gentle Exfoliating Beauty Cream Bar Sabun 90 Gr,59.0,TRY,13,0.0,0.0,0.0,0.0
2026-04-12,kisisel-bakim,Dove Go Fresh Touch Sabun 90 Gr,61.0,TRY,13,0.0,0.0,0.0,0.8264462809917356
2026-04-12,kisisel-bakim,Dove Hindistan Cevizi Yağı Şampuan 400 Ml,153.0,TRY,13,0.0,-8.656716417910449,-8.656716417910449,
2026-04-12,kisisel-bakim,Dove Invisible Dry Kadın Deodorant 150 Ml,282.5,TRY,13,0.0,0.0,0.0,28.99543378995434
2026-04-12,kisisel-bakim,Dove Invisible Dry Stick Deodorant Kadın 40Ml,220.5,TRY,13,0.0,0.0,0.0,0.684931506849315
2026-04-12,kisisel-bakim,Dove Men Erkek Deodorant Stick Invisible Dry,222.0,TRY,13,0.0,0.0,0.0,0.6802721088435374
2026-04-12,kisisel-bakim,Dove Original Kadın Roll-On 50 Ml,281.5,TRY,13,0.0,0.0,0.0,47.38219895287958
2026-04-12,kisisel-bakim,Dove Original Kadın Sprey Deodorant 150 Ml,282.5,TRY,13,0.0,0.0,0.0,28.99543378995434
2026-04-12,kisisel-bakim,Dove Uzun Saç Terapisi Şampuan 400 Ml,153.0,TRY,13,0.0,-8.656716417910449,-8.656716417910449,-25.907990314769975
2026-04-12,kisisel-bakim,Dove Yoğun Onarıcı Şampuan 400 Ml,153.0,TRY,13,0.0,-8.656716417910449,-8.656716417910449,-25.907990314769975
2026-04-12,kisisel-bakim,Duru Beyaz Sabun 600 Gr,168.0,TRY,13,0.0,0.0,0.0,8.737864077669903
2026-04-12,kisisel-bakim,Duru Duş Sabun Zeytin Yağı Özü 5X150 Gr,221.0,TRY,13,0.0,18.817204301075268,18.817204301075268,19.78319783197832
2026-04-12,kisisel-bakim,Duru Fresh Çiçek Tazeliği Güzellik Sabunu 4 X 110 Gr,151.0,TRY,13,0.0,0.0,0.0,0.6666666666666667
2026-04-12,kisisel-bakim,Duru Fresh Ocean Güzellik Sabunu 4 X 110 Gr,151.0,TRY,13,0.0,0.0,0.0,0.6666666666666667
2026-04-12,kisisel-bakim,Duru Fresh Sensations Çiçek Tazeliği Duş Sabunu 600 Gr,224.0,TRY,13,0.0,0.0,0.0,0.6741573033707865
2026-04-12,kisisel-bakim,Duru Fresh Sensations Okyanus Tazeliği Duş Sabunu 600 Gr,224.0,TRY,13,0.0,0.0,0.0,0.6741573033707865
2026-04-12,kisisel-bakim,Duru Fresh Sensations Zeytinyağlı Duş Sabunu 600 Gr,224.0,TRY,13,0.0,0.0,0.0,0.6741573033707865
2026-04-12,kisisel-bakim,Duru Geleneksel Pirina Sabun 800 Gr,218.0,TRY,13,0.0,27.859237536656888,27.859237536656888,28.613569321533923
2026-04-12,kisisel-bakim,Duru Gül Sabunu 600 Gr,168.0,TRY,13,0.0,0.0,0.0,8.737864077669903
2026-04-12,kisisel-bakim,Duru Hydro Pure Aloe Vera 3X135Gr,216.0,TRY,13,0.0,0.0,0.0,0.6993006993006993
2026-04-12,kisisel-bakim,Duru Hydro Pure Sakura Çiçeği 2X135Gr,216.0,TRY,13,0.0,0.0,0.0,0.6993006993006993
2026-04-12,kisisel-bakim,Duru Lavanta Sabunu 600 Gr,168.0,TRY,13,0.0,0.0,0.0,8.737864077669903
2026-04-12,kisisel-bakim,Duru Lux Perfumes Jasmin Amber Duş Jeli 450 Ml,164.0,TRY,13,0.0,0.0,0.0,0.6134969325153374
2026-04-12,kisisel-bakim,Duru Lux Perfumes Lotus Çiçeği Duş Jeli 450 Ml,164.0,TRY,13,0.0,0.0,0.0,0.6134969325153374
2026-04-12,kisisel-bakim,Duru Lux Perfumes Orkide Özleri Duş Jeli 450 Ml,164.0,TRY,13,0.0,0.0,0.0,0.6134969325153374
2026-04-12,kisisel-bakim,Duru Saf Doğal Ferahlık Güzellik Sabunu 4 X 70 Gr,99.5,TRY,13,0.0,0.0,0.0,0.5050505050505051
2026-04-12,kisisel-bakim,Duru Saf Doğal Gül Güzellik Sabunu 4 X 70 Gr,99.5,TRY,13,0.0,0.0,0.0,0.5050505050505051
2026-04-12,kisisel-bakim,Duru Saf Doğal Lavanta Güzellik Sabunu 4 X 70 Gr,99.5,TRY,13,0.0,0.0,0.0,0.5050505050505051
2026-04-12,kisisel-bakim,Duru Sıvı Sabun Avokado 500Ml,115.5,TRY,13,0.0,0.0,0.0,0.8733624454148471
2026-04-12,kisisel-bakim,Duru Sıvı Sabun Gul 500 Ml,115.5,TRY,13,0.0,0.0,0.0,0.8733624454148471
2026-04-12,kisisel-bakim,Duru Sıvı Sabun Hindistan Cevizi 500 Ml,115.5,TRY,13,0.0,0.0,0.0,0.8733624454148471
2026-04-12,kisisel-bakim,Duru Sıvı Sabun Kiraz Çiçeği 500Ml,115.5,TRY,13,0.0,0.0,0.0,0.8733624454148471
2026-04-12,kisisel-bakim,Duru Sıvı Sabun Lavanta 500Ml,115.5,TRY,13,0.0,0.0,0.0,0.8733624454148471
2026-04-12,kisisel-bakim,Duru Sıvı Sabun Mand&Greyfurt 500Ml,115.5,TRY,13,0.0,0.0,0.0,0.8733624454148471
2026-04-12,kisisel-bakim,Duru Sıvı Sabun Okyanus 500 Ml,115.5,TRY,13,0.0,0.0,0.0,0.8733624454148471
2026-04-12,kisisel-bakim,Duru Sıvı Sabun Zeytinyağlı 500 Ml,115.5,TRY,13,0.0,0.0,0.0,0.8733624454148471
2026-04-12,kisisel-bakim,Duru Zeytinyağlı Sabun 600 Gr,168.5,TRY,13,0.0,0.0,0.0,8.709677419354838
2026-04-12,kisisel-bakim,"Duru Zeytinyağlı Sıvı Sabun 1,5 Lt",264.0,TRY,13,0.0,0.0,0.0,0.7633587786259541
2026-04-12,kisisel-bakim,Egos Islak Ve Sert Jöle 150 Ml,168.0,TRY,13,0.0,0.0,0.0,0.5988023952095809
2026-04-12,kisisel-bakim,Egos Jöle Ultra Güçlü Tutuş 250 Ml,198.5,TRY,13,0.0,0.0,0.0,0.7614213197969544
2026-04-12,kisisel-bakim,Egos Krem Jöle 150 Ml,163.0,TRY,13,0.0,0.0,0.0,0.6172839506172839
2026-04-12,kisisel-bakim,Elidor Doğanın Enerjisi Argan Yağı Ve Hibuskus Özü Şampuan 400 Ml,195.0,TRY,13,0.0,0.0,0.0,11.428571428571429
2026-04-12,kisisel-bakim,Elidor Hindistan Cevizi Yağı Onarıcı Ve Yıpranma Karşıtı Şampuan 400 Ml,195.0,TRY,13,0.0,0.0,0.0,11.428571428571429
2026-04-12,kisisel-bakim,Emotion Aqua Kiss Kadın Deodorant 150 Ml,202.5,TRY,13,0.0,0.0,0.0,
2026-04-12,kisisel-bakim,Emotion Deo Natural Bloom 150 Ml,202.0,TRY,13,0.0,0.0,0.0,38.35616438356164
2026-04-12,kisisel-bakim,Emotion Invisible Fresh Kadın Deodorant 150 Ml,202.0,TRY,13,0.0,0.0,0.0,38.35616438356164
2026-04-12,kisisel-bakim,Emotion Natural Breeze Kadın Deodorant 150 Ml,202.5,TRY,13,0.0,0.0,0.0,
2026-04-12,kisisel-bakim,"Eyüp Sabri Tuncer Alaçatı Lavantası Sıvı Sabun 1,5 Lt",376.5,TRY,13,0.0,0.0,0.0,0.6684491978609626
2026-04-12,kisisel-bakim,Eyüp Sabri Tuncer Amber Zeytinyağlı Sıvı Sabun 500 Ml,167.5,TRY,13,0.0,0.0,0.0,0.6006006006006006
2026-04-12,kisisel-bakim,Eyüp Sabri Tuncer Argan Yağlı Duş Jeli 600 Ml,294.5,TRY,13,0.0,0.0,0.0,0.6837606837606838
2026-04-12,kisisel-bakim,"Eyüp Sabri Tuncer Ayvalık Zeytin Çiçeği Sıvı Sabun 1,5 Lt",376.5,TRY,13,0.0,0.0,0.0,0.6684491978609626
2026-04-12,kisisel-bakim,Eyüp Sabri Tuncer Ayvalık Zeytin Çiçeği Zeytinyağlı Sıvı Sabun 500 Ml,167.5,TRY,13,0.0,0.0,0.0,0.6006006006006006
2026-04-12,kisisel-bakim,Eyüp Sabri Tuncer Bodrum Köpük Sabun 500 Ml,219.0,TRY,13,0.0,0.0,0.0,0.6896551724137931
2026-04-12,kisisel-bakim,Eyüp Sabri Tuncer Bodrum Mandalinası Kolonyası Pet 400 Ml,220.0,TRY,13,0.0,0.0,0.0,0.6864988558352403
2026-04-12,kisisel-bakim,"Eyüp Sabri Tuncer Bodrum Mandalinası Sıvı Sabun 1,5 Lt",376.5,TRY,13,0.0,0.0,0.0,0.6684491978609626
2026-04-12,kisisel-bakim,Eyüp Sabri Tuncer Bodrum Mandalinası Zeytinyağlı Sıvı Sabun 500 Ml,167.5,TRY,13,0.0,0.0,0.0,0.6006006006006006
2026-04-12,kisisel-bakim,Eyüp Sabri Tuncer Çeşme Bodrum Mandalinası Sprey Kolonya 150 Ml,126.0,TRY,13,0.0,0.0,0.0,0.8
2026-04-12,kisisel-bakim,Eyüp Sabri Tuncer Çeşme Limonu Sprey Kolonya 150 Ml,126.5,TRY,13,0.0,0.0,0.0,0.796812749003984
2026-04-12,kisisel-bakim,Eyüp Sabri Tuncer Diş Macunu 90 Ml – Doğal Karanfil Özlü,205.5,TRY,13,0.0,0.0,0.0,0.7352941176470588
2026-04-12,kisisel-bakim,Eyüp Sabri Tuncer Diş Macunu 90 ml – Doğal Misvak Özlü,205.5,TRY,13,0.0,0.0,0.0,0.7352941176470588
2026-04-12,kisisel-bakim,Eyüp Sabri Tuncer Doğal Argan Yağlı Şampuan 600 Ml,296.0,TRY,13,0.0,0.0,0.0,0.6802721088435374
2026-04-12,kisisel-bakim,Eyüp Sabri Tuncer Doğal Bambu Karbonlu Diş Macunu 90 Ml,219.0,TRY,13,0.0,0.0,0.0,0.6896551724137931
2026-04-12,kisisel-bakim,Eyüp Sabri Tuncer Doğal Hindistan Cevizi Sütlü Şampuan 600 Ml,296.0,TRY,13,0.0,0.0,0.0,0.6802721088435374
2026-04-12,kisisel-bakim,Eyüp Sabri Tuncer Doğal Macadamia Yağlı Şampuan 600 Ml,296.0,TRY,13,0.0,0.0,0.0,0.6802721088435374
2026-04-12,kisisel-bakim,Eyüp Sabri Tuncer Doğal Zeytinyağlı Saç Bakım Kremi 600 Ml,410.5,TRY,13,0.0,0.0,0.0,2.2415940224159403
2026-04-12,kisisel-bakim,Eyüp Sabri Tuncer Doğal Zeytinyağlı Şampuan 600 Ml,296.0,TRY,13,0.0,0.0,0.0,0.6802721088435374
2026-04-12,kisisel-bakim,Eyüp Sabri Tuncer Duş Jeli 750 Ml – Love Kisses,300.0,TRY,13,0.0,0.0,0.0,0.6711409395973155
2026-04-12,kisisel-bakim,Eyüp Sabri Tuncer El Ve Vücut Losyonu 250 Ml,152.0,TRY,13,0.0,0.0,0.0,0.6622516556291391
2026-04-12,kisisel-bakim,Eyüp Sabri Tuncer Gül Suyu 350 Ml,159.0,TRY,13,0.0,0.0,0.0,0.6329113924050633
2026-04-12,kisisel-bakim,Eyüp Sabri Tuncer Japon Kiraz Çiçeği Kolonyası 1 Lt,360.5,TRY,13,0.0,3.890489913544669,3.890489913544669,0.6983240223463687
2026-04-12,kisisel-bakim,Eyüp Sabri Tuncer Japon Kiraz Çiçeği Kolonyası Pet 400 Ml,220.0,TRY,13,0.0,0.0,0.0,0.6864988558352403
2026-04-12,kisisel-bakim,"Eyüp Sabri Tuncer Japon Kiraz Çiçeği Sıvı Sabun 1,5 Lt",376.5,TRY,13,0.0,0.0,0.0,0.6684491978609626
2026-04-12,kisisel-bakim,Eyüp Sabri Tuncer Japon Kiraz Çiçeği Sprey Kolonya 150 Ml,126.5,TRY,13,0.0,0.0,0.0,0.796812749003984
2026-04-12,kisisel-bakim,Eyüp Sabri Tuncer Japon Kiraz Çiçeği Zeytinyağlı Sıvı Sabun 500 Ml,167.5,TRY,13,0.0,0.0,0.0,0.6006006006006006
2026-04-12,kisisel-bakim,Eyüp Sabri Tuncer Japon Kirazı Köpük Sabun 500 Ml,219.0,TRY,13,0.0,0.0,0.0,0.6896551724137931
2026-04-12,kisisel-bakim,Eyüp Sabri Tuncer Kolanyalı Mendil Okyanus 150 Li,566.5,TRY,13,0.0,0.0,0.0,2.9064486830154403
2026-04-12,kisisel-bakim,Eyüp Sabri Tuncer Kolonya Okyanus 1 Lt,360.5,TRY,13,0.0,3.890489913544669,3.890489913544669,0.6983240223463687
2026-04-12,kisisel-bakim,Eyüp Sabri Tuncer Kolonya Plastik 1 Lt,360.5,TRY,13,0.0,3.890489913544669,3.890489913544669,0.6983240223463687
2026-04-12,kisisel-bakim,Eyüp Sabri Tuncer Kolonya Plastik 400 Ml,208.0,TRY,13,0.0,0.0,0.0,-4.805491990846682
2026-04-12,kisisel-bakim,Eyüp Sabri Tuncer Kolonyalı Mendil Limon 150 Li,566.5,TRY,13,0.0,0.0,0.0,2.9064486830154403
2026-04-12,kisisel-bakim,Eyüp Sabri Tuncer Limon Kolonyası 5 Lt,1515.0,TRY,13,0.0,-8.181818181818182,-8.181818181818182,-5.015673981191222
2026-04-12,kisisel-bakim,Eyüp Sabri Tuncer Limon Kolonyası Plastik 200 Ml,151.5,TRY,13,0.0,0.0,0.0,0.6644518272425249
2026-04-12,kisisel-bakim,Eyüp Sabri Tuncer Limon Kolonyası Pompalı 1 Lt,391.0,TRY,13,0.0,7.417582417582418,7.417582417582418,0.6435006435006435
2026-04-12,kisisel-bakim,Eyüp Sabri Tuncer Okyanus Köpük Sabun 500 Ml,219.0,TRY,13,0.0,0.0,0.0,0.6896551724137931
2026-04-12,kisisel-bakim,"Eyüp Sabri Tuncer Okyanus Sıvı Sabun 1,5 Lt",376.5,TRY,13,0.0,0.0,0.0,0.6684491978609626
2026-04-12,kisisel-bakim,Eyüp Sabri Tuncer Okyanus Zeytinyağlı Sıvı Sabun 500 Ml,167.5,TRY,13,0.0,0.0,0.0,0.6006006006006006
2026-04-12,kisisel-bakim,Eyüp Sabri Tuncer Sprey Limon Kolonyası 150 Ml,126.5,TRY,13,0.0,0.0,0.0,0.796812749003984
2026-04-12,kisisel-bakim,Eyüp Sabri Tuncer Tıraş Kolonyası 250 Ml No: 1,218.0,TRY,13,0.0,0.0,0.0,0.6928406466512702
2026-04-12,kisisel-bakim,Eyüp Sabri Tuncer Tıraş Kolonyası 250 Ml No: 4,218.0,TRY,13,0.0,0.0,0.0,0.6928406466512702
2026-04-12,kisisel-bakim,Eyüp Sabri Tuncer Tütün Kolonyası Plastik 400 Ml,218.5,TRY,13,0.0,0.0,0.0,0.6912442396313364
2026-04-12,kisisel-bakim,Eyüp Sabri Tuncer Zeytinyağlı Duş Jeli 600 Ml,294.5,TRY,13,0.0,0.0,0.0,0.6837606837606838
2026-04-12,kisisel-bakim,Eyüp Sabri Tuncer Zeytinyağlı Sıvı Sabun 750 Ml,215.0,TRY,13,0.0,0.0,0.0,0.702576112412178
2026-04-12,kisisel-bakim,Gillette Blue 3 6’lı Hassas Poşet,392.5,TRY,13,0.0,3.9735099337748347,3.9735099337748347,11.823361823361823
2026-04-12,kisisel-bakim,Gillette Blue3 Comfort Kullan-At Tıraş Bıçağı 8 Li,398.0,TRY,13,0.0,,,0.7594936708860759
2026-04-12,kisisel-bakim,Gillette Fusion 2 Li Yedek Tıraş Bıçağı,617.5,TRY,13,0.0,,,13.82488479262673
2026-04-12,kisisel-bakim,Gillette Klasik Tıraş Köpüğü 200 Ml,148.0,TRY,13,0.0,0.0,0.0,
2026-04-12,kisisel-bakim,Gillette Mach3 2 Li Yedek Tıraş Bıçağı,336.5,TRY,13,0.0,0.0,0.0,
2026-04-12,kisisel-bakim,Gillette Mach3 4 Lü Tıraş Bıçağı,665.0,TRY,13,0.0,0.0,0.0,0.6813020439061317
2026-04-12,kisisel-bakim,Gillette Normal Tıraş Köpüğü 200 Ml,148.0,TRY,13,0.0,0.0,0.0,0.6802721088435374
2026-04-12,kisisel-bakim,Gillette Permatik Banyo Kullan At Tıraş Bıçağı 10 Lu,194.0,TRY,13,0.0,0.0,0.0,6.593406593406594
2026-04-12,kisisel-bakim,Gillette Permatik Kullan At Tıraş Bıçağı 10 Lu,191.5,TRY,13,0.0,0.0,0.0,5.21978021978022
2026-04-12,kisisel-bakim,Gillette Sensor 3 Tıraş Makinesi + 6 Yedek Tıraş Bıçağı,389.5,TRY,13,0.0,,,
2026-04-12,kisisel-bakim,Gillette Series Hassas Tıraş Jeli 200 Ml,236.5,TRY,13,0.0,0.0,0.0,0.6382978723404255
2026-04-12,kisisel-bakim,Gliss Dökülme Karşıtı Şampuan 500 Ml,147.0,TRY,13,0.0,0.0,0.0,
2026-04-12,kisisel-bakim,Gliss Ultimate Oil Elixir Şampuan 500 Ml,147.0,TRY,13,0.0,0.0,0.0,
2026-04-12,kisisel-bakim,H&S Şampuan Derinlemesine Temiz Kaşinti Giderici Nane 300 Ml,213.0,TRY,13,0.0,0.0,0.0,
2026-04-12,kisisel-bakim,Hacı Şakir Doğal Sabun 600 Gr,182.0,TRY,13,0.0,8.011869436201781,8.011869436201781,8.656716417910449
2026-04-12,kisisel-bakim,Hacı Şakir Elegan Sabun 4 X 70 Gr,120.0,TRY,13,0.0,12.676056338028168,12.676056338028168,13.20754716981132
2026-04-12,kisisel-bakim,Hacı Şakir Gliserinli Zeytin Yağlı Duş Sabunu 4 X 125 Gr,221.5,TRY,13,0.0,6.490384615384616,6.490384615384616,7.004830917874397
2026-04-12,kisisel-bakim,Hacı Şakir Gül Sabunu 600 Gr,182.0,TRY,13,0.0,8.011869436201781,8.011869436201781,8.656716417910449
2026-04-12,kisisel-bakim,"Hacı Şakir Hindistan Cevizli Sıvı Sabun 1,5 Lt",335.5,TRY,13,0.0,8.752025931928689,8.752025931928689,9.461663947797716
2026-04-12,kisisel-bakim,Hacı Şakir Klasik Sabun 4 X 70 Gr,120.0,TRY,13,0.0,12.676056338028168,12.676056338028168,
2026-04-12,kisisel-bakim,Hacı Şakir Lavanta Sabunu 4 X 70 Gr,120.0,TRY,13,0.0,12.676056338028168,12.676056338028168,13.20754716981132
2026-04-12,kisisel-bakim,Hacı Şakir Lavanta Sabunu 600 Gr,182.0,TRY,13,0.0,8.011869436201781,8.011869436201781,8.656716417910449
2026-04-12,kisisel-bakim,Hacı Şakir Leylak Sabunu 600 Gr,182.0,TRY,13,0.0,8.011869436201781,8.011869436201781,8.656716417910449
2026-04-12,kisisel-bakim,Hacı Şakir Şampuan 500 Ml Bal Özü,86.5,TRY,13,0.0,14.56953642384106,14.56953642384106,15.333333333333332
2026-04-12,kisisel-bakim,Hacı Şakir Şampuan Badem Kuru Ve Yıpranan Saçlar İçin 2 Si 1 Arada 500 Ml,86.5,TRY,13,0.0,14.56953642384106,14.56953642384106,15.333333333333332
2026-04-12,kisisel-bakim,Hacı Şakir Şampuan Hindistan Cevizli Normal Saçlar İçin 2 Si 1 Arada 500 Ml,86.5,TRY,13,0.0,14.56953642384106,14.56953642384106,15.333333333333332
2026-04-12,kisisel-bakim,Hacı Şakir Şampuan Zeytin Yağlı Tüm Saç Tipleri İçin 2 Si 1 Arada 500 Ml,86.5,TRY,13,0.0,14.56953642384106,14.56953642384106,15.333333333333332
2026-04-12,kisisel-bakim,Hacı Şakir Zeytinyağı Ve Bal Kalıp Sabun 600 Gr,182.0,TRY,13,0.0,8.011869436201781,8.011869436201781,8.656716417910449
2026-04-12,kisisel-bakim,Head & Shoulders 2’Si 1 Arada Şampuan Klasik Bakım 625 Ml,276.5,TRY,13,0.0,0.0,0.0,0.5454545454545455
2026-04-12,kisisel-bakim,Head & Shoulders Derinlemesine Temiz Kaşıntı Giderici Şampuan 300 Ml,213.0,TRY,13,0.0,0.0,0.0,0.7092198581560284
2026-04-12,kisisel-bakim,Head & Shoulders Mentol Ferahlığı Şampuan 625 Ml,276.5,TRY,13,0.0,0.0,0.0,0.5454545454545455
2026-04-12,kisisel-bakim,Head & Shoulders Şampuan Derin Temizlik Yağlanma Kontrolü 300 ml,213.0,TRY,13,0.0,0.0,0.0,
2026-04-12,kisisel-bakim,Hunca Defne Ve Sarımsak Şampuanı 675 Ml,90.0,TRY,13,0.0,0.0,0.0,0.5586592178770949
2026-04-12,kisisel-bakim,İpek Bebek Temizleme Pamuğu 60 Ad.,89.5,TRY,13,0.0,0.0,0.0,0.5617977528089888
2026-04-12,kisisel-bakim,İpek Gül Özlü Boyalı Saçlar İçin 2 Si 1 Arada Şampuan 480 Ml,82.5,TRY,13,0.0,0.0,0.0,0.6097560975609756
2026-04-12,kisisel-bakim,İpek Koparak Dökülmelere Karşı Şampuan 450 Ml,82.5,TRY,13,0.0,0.0,0.0,0.6097560975609756
2026-04-12,kisisel-bakim,İpek Makyaj Pamuğu,38.5,TRY,13,0.0,0.0,0.0,0.0
2026-04-12,kisisel-bakim,İpek Menekşe Özlü İnce Telli Saçlar İçin Şampuan 480 Ml,82.5,TRY,13,0.0,0.0,0.0,0.6097560975609756
2026-04-12,kisisel-bakim,İpek Mentollü Şampuan 480 Ml,82.5,TRY,13,0.0,0.0,0.0,0.6097560975609756
2026-04-12,kisisel-bakim,İpek Pamuk 100 Gr,61.0,TRY,13,0.0,0.0,0.0,0.8264462809917356
2026-04-12,kisisel-bakim,İpek Pamuk 250 Gr,152.5,TRY,13,0.0,0.0,0.0,0.6600660066006601
2026-04-12,kisisel-bakim,Jagler Black Erkek Parfüm 90 ml + Deodorant 150 ml,405.5,TRY,13,0.0,-23.49056603773585,0.0,
2026-04-12,kisisel-bakim,Jagler Classic Erkek Deodorant 150 Ml,125.5,TRY,13,0.0,0.0,0.0,0.8032128514056224
2026-04-12,kisisel-bakim,Jagler Sport Erkek Deodorant 150 Ml,125.5,TRY,13,0.0,0.0,0.0,
2026-04-12,kisisel-bakim,Jagler Storm Erkek Roll-On 50 Ml,122.0,TRY,13,0.0,0.0,0.0,0.411522633744856
2026-04-12,kisisel-bakim,Johnson’s Baby Kolay Tarama Spreyi 200 Ml,270.0,TRY,13,0.0,0.0,0.0,
2026-04-12,kisisel-bakim,Johnson’s Baby Parfümsüz Vazelin 100 Ml,175.0,TRY,13,0.0,0.0,0.0,0.8645533141210375
2026-04-12,kisisel-bakim,Johnson’s Baby Vazelin Parfümlü 100 Ml,175.0,TRY,13,0.0,0.0,0.0,0.8645533141210375
2026-04-12,kisisel-bakim,Kotex Günlük Ped İnce 56 Lı,113.5,TRY,13,0.0,0.0,0.0,0.4424778761061947
2026-04-12,kisisel-bakim,Kotex Günlük Ped İnce Parfümsüz 18 Li,39.0,TRY,13,0.0,0.0,0.0,1.2987012987012987
2026-04-12,kisisel-bakim,Kotex Günlük Ped Parfümlü 34 Lü,68.5,TRY,13,0.0,0.0,0.0,0.7352941176470588
2026-04-12,kisisel-bakim,Kotex Natural Günlük Ped Normal 28 Li,71.0,TRY,13,0.0,0.0,0.0,0.7092198581560284
2026-04-12,kisisel-bakim,Kotex Natural Hijyenik Ped Pamuk Hipoalerjenik Gece 14’Lü,110.5,TRY,13,0.0,0.0,0.0,0.91324200913242
2026-04-12,kisisel-bakim,Kotex Natural Uzun 16 Lı,108.0,TRY,13,0.0,0.0,0.0,0.9345794392523363
2026-04-12,kisisel-bakim,Kotex Regl Gece Külodu 2 Li,89.0,TRY,13,0.0,-8.24742268041237,-8.24742268041237,-12.31527093596059
2026-04-12,kisisel-bakim,Kotex Ultra 8 Li Normal,42.5,TRY,13,0.0,0.0,0.0,0.0
2026-04-12,kisisel-bakim,Kotex Ultra Gece 16 Lı,108.0,TRY,13,0.0,0.0,0.0,0.9345794392523363
2026-04-12,kisisel-bakim,Kotex Ultra Gece 6 Lı,42.5,TRY,13,0.0,0.0,0.0,0.0
2026-04-12,kisisel-bakim,Kotex Ultra Normal 24 Lü,108.0,TRY,13,0.0,0.0,0.0,0.9345794392523363
2026-04-12,kisisel-bakim,Kotex Ultra Uzun 18 Li,108.0,TRY,13,0.0,0.0,0.0,0.9345794392523363
2026-04-12,kisisel-bakim,Kotex Ultra Uzun 7 Li,44.0,TRY,13,0.0,0.0,0.0,0.0
2026-04-12,kisisel-bakim,L’oreal Elseve Mucizevi Hindistan Cevizi Yağı Bakım Kremi 360 Ml,422.5,TRY,13,0.0,,,
2026-04-12,kisisel-bakim,L’oreal Elseve Renk Koruyucu Bakım Şampuanı 2 Si 1 Arada 285 Ml,124.5,TRY,13,0.0,-16.44295302013423,,
2026-04-12,kisisel-bakim,Le Petit Marseillais Bio Organik Duş Jeli Portakal Çiçeği 400Ml,179.5,TRY,13,0.0,0.0,0.0,0.5602240896358543
2026-04-12,kisisel-bakim,Le Petit Marseillais Bio Organik Duş Jelı Argan Balı 400Ml,635.5,TRY,13,0.0,0.0,0.0,
2026-04-12,kisisel-bakim,Le Petit Marseillais Duş Jeli Beyaz Şeftali Ve Nektarin 650Ml,290.0,TRY,13,0.0,0.0,0.0,0.6944444444444444
2026-04-12,kisisel-bakim,Le Petit Marseillais Kan Portakalı Ve Safran Duş Jeli Ve Şampuan 400 Ml For Men,191.5,TRY,13,0.0,0.0,0.0,
2026-04-12,kisisel-bakim,Le Petit Marseillais Mineraller Ve Sedir Ağacı Duş Jeli 400 Ml,191.5,TRY,13,0.0,0.0,0.0,
2026-04-12,kisisel-bakim,Le Petit Marseillais Zencefil Ve Akdeniz Selvisi Duş Jeli 400 Ml For Men,191.5,TRY,13,0.0,0.0,0.0,0.7894736842105263
2026-04-12,kisisel-bakim,Listerine Advance White 500 Ml,294.0,TRY,13,0.0,0.0,0.0,0.684931506849315
2026-04-12,kisisel-bakim,Listerine Ağız Gargarası Cool Mint 1000 Ml,494.5,TRY,13,0.0,,,
2026-04-12,kisisel-bakim,Listerine Ağız Gargarası Cool Mint 500 Ml,249.5,TRY,13,0.0,0.0,0.0,0.8080808080808081
2026-04-12,kisisel-bakim,Listerine Ağız Gargarası Cool Mint Hafif Tat 500 Ml,249.5,TRY,13,0.0,0.0,0.0,
2026-04-12,kisisel-bakim,Listerine Ağız Gargarası Cool Mint Nane 95 ml,79.5,TRY,13,0.0,0.0,0.0,0.6329113924050633
2026-04-12,kisisel-bakim,Listerine Ağız Gargarası Hassasiyet 500 Ml,294.0,TRY,13,0.0,0.0,0.0,0.684931506849315
2026-04-12,kisisel-bakim,Listerine Ağız Gargarası Total Care 1 Lt,575.5,TRY,13,0.0,0.0,0.0,
2026-04-12,kisisel-bakim,Listerine Ağız Gargarası Total Care Hafif Nane 500 Ml,294.0,TRY,13,0.0,0.0,0.0,0.684931506849315
2026-04-12,kisisel-bakim,Lofçalı Arap Sabunu Kase 750 ml,135.5,TRY,13,0.0,,,
2026-04-12,kisisel-bakim,Lofçalı Arap Sabunu Köpük Sprey 1 Lt,98.5,TRY,13,0.0,0.0,0.0,1.0256410256410255
2026-04-12,kisisel-bakim,Lofçalı Sıvı Arap Sabunu 1500 Ml,160.0,TRY,13,0.0,0.0,0.0,0.628930817610063
2026-04-12,kisisel-bakim,Mehmet Aydın Zeytinyağlı Defne Sabunu 950 Gr,257.5,TRY,13,0.0,0.0,0.0,0.7827788649706457
2026-04-12,kisisel-bakim,Molped Pure Soft İncelik Ekonomik 30 Lu,109.5,TRY,13,0.0,0.0,0.0,0.9216589861751152
2026-04-12,kisisel-bakim,Molped Pure Soft Normal Super Eko 24 Adet,111.5,TRY,13,0.0,0.0,0.0,0.904977375565611
2026-04-12,kisisel-bakim,Molped Pure Soft Süper Ekonomik Gece 16 Lı,111.5,TRY,13,0.0,0.0,0.0,0.904977375565611
2026-04-12,kisisel-bakim,Molped Supernight Hijyenik Ped Gece 16 Lı,111.5,TRY,13,0.0,0.0,0.0,0.904977375565611
2026-04-12,kisisel-bakim,Molped Supernight Süper Gece Süper Ekonomik 14 Adet,111.5,TRY,13,0.0,0.0,0.0,0.904977375565611
2026-04-12,kisisel-bakim,Morfose Ekstra Siyah Saç Spreyi 400 Ml,180.5,TRY,13,0.0,0.0,0.0,8.734939759036145
2026-04-12,kisisel-bakim,Morfose Saç Spreyi 400 Ml,177.0,TRY,13,0.0,16.831683168316832,16.831683168316832,17.60797342192691
2026-04-12,kisisel-bakim,Neutrogena Besleyici Yoğun Bakım Kremi 200 Ml,134.0,TRY,13,0.0,0.0,0.0,0.7518796992481203
2026-04-12,kisisel-bakim,Neutrogena Parfümsüz El Kremi 75 Ml,188.5,TRY,13,0.0,0.0,0.0,0.8021390374331552
2026-04-12,kisisel-bakim,Neutrogena Tırnak Bakım Kremi 75 Ml,188.5,TRY,13,0.0,0.0,0.0,
2026-04-12,kisisel-bakim,Neutrogena Yoğun Bakım Kremi 200 Ml,134.0,TRY,13,0.0,0.0,0.0,0.7518796992481203
2026-04-12,kisisel-bakim,Niceplast Islak Mendil Ankara Temalı 12×10 100’lü,51.0,TRY,13,0.0,24.390243902439025,24.390243902439025,25.925925925925924
2026-04-12,kisisel-bakim,Niceplast Islak Mendil Ankara Temalı 5×10 100’lü,61.0,TRY,13,0.0,12.962962962962962,12.962962962962962,15.09433962264151
2026-04-12,kisisel-bakim,Nivea Black And White Invisible İpeksi Pürüzsüzlük Kadın Roll-On 50 Ml,259.0,TRY,13,0.0,0.0,0.0,27.901234567901234
2026-04-12,kisisel-bakim,Nivea Deep Dimension Tıraş Köpüğü 200 Ml,282.5,TRY,13,0.0,0.0,0.0,0.7130124777183601
2026-04-12,kisisel-bakim,Nivea Double Effect Kadın Deodorant 150 Ml,268.0,TRY,13,0.0,0.0,0.0,18.58407079646018
2026-04-12,kisisel-bakim,Nivea Double Effect Kadın Roll-On 50 Ml,260.5,TRY,13,0.0,0.0,0.0,19.221967963386728
2026-04-12,kisisel-bakim,Nivea Dry Fresh Kadın Deodorant 150 Ml,268.0,TRY,13,0.0,,,
2026-04-12,kisisel-bakim,Nivea Fresh Active Pump Sprey Deodorant Erkek 75 Ml,231.0,TRY,13,0.0,0.0,0.0,0.8733624454148471
2026-04-12,kisisel-bakim,Nivea Fresh Active Pump Sprey Deodorant Kadın 75 Ml,231.0,TRY,13,0.0,0.0,0.0,0.8733624454148471
2026-04-12,kisisel-bakim,Nivea Fresh Erkek Deodorant 150 Ml,268.0,TRY,13,0.0,0.0,0.0,18.58407079646018
2026-04-12,kisisel-bakim,Nivea Fresh Erkek Roll-On Deodorant 50 Ml,260.5,TRY,13,0.0,0.0,0.0,19.221967963386728
2026-04-12,kisisel-bakim,Nivea Fresh Natural Kadın Deodorant 150 Ml,268.0,TRY,13,0.0,0.0,0.0,18.58407079646018
2026-04-12,kisisel-bakim,Nivea Fresh Naturel Deo Stick Kadın 50 Ml,290.0,TRY,13,0.0,0.0,0.0,20.082815734989648
2026-04-12,kisisel-bakim,Nivea Invisible Black And White Clear Kadın Deodorant 150 Ml,268.0,TRY,13,0.0,0.0,0.0,18.58407079646018
2026-04-12,kisisel-bakim,Nivea Invisible Black And White Pure Bayan Deodorant 150 Ml,268.0,TRY,13,0.0,0.0,0.0,18.58407079646018
2026-04-12,kisisel-bakim,Nivea Invisible Black And White Pure Kadın Roll-On 50 Ml,260.5,TRY,13,0.0,0.0,0.0,19.221967963386728
2026-04-12,kisisel-bakim,Nivea İnvisible İpeksi Pürüzsüzlük Kadın Deodorant 150 Ml,268.0,TRY,13,0.0,0.0,0.0,18.58407079646018
2026-04-12,kisisel-bakim,"NIVEA Kadın Stick Deodorant Pearl&Beauty,48 Saat Anti-perspirant Koruma 50ml",290.0,TRY,13,0.0,0.0,0.0,20.082815734989648
2026-04-12,kisisel-bakim,Nivea Krem Teneke 150 Ml,280.5,TRY,13,0.0,0.0,0.0,31.690140845070424
2026-04-12,kisisel-bakim,Nivea Krem Teneke 250 Ml,321.5,TRY,13,0.0,0.0,0.0,25.341130604288498
2026-04-12,kisisel-bakim,Nivea Men Black and White Original Stick Deodorant 50 Ml,290.0,TRY,13,0.0,0.0,0.0,20.082815734989648
2026-04-12,kisisel-bakim,Nivea Men Cool Kick Roll-On 50 Ml,260.5,TRY,13,0.0,0.0,0.0,19.221967963386728
2026-04-12,kisisel-bakim,Nivea Men Deep Dimension Deodorant 150 Ml,268.0,TRY,13,0.0,0.0,0.0,18.58407079646018
2026-04-12,kisisel-bakim,Nivea Men Deep Dimension Roll-On 50 Ml,260.5,TRY,13,0.0,0.0,0.0,19.221967963386728
2026-04-12,kisisel-bakim,Nivea Men Deep Dimension Stick 50 Ml,290.0,TRY,13,0.0,0.0,0.0,20.082815734989648
2026-04-12,kisisel-bakim,Nivea Men Dry Fresh Deodorant 150 Ml,268.0,TRY,13,0.0,0.0,0.0,18.58407079646018
2026-04-12,kisisel-bakim,Nivea Men Erkek Stick Deodorant Fresh Active 50 Ml,290.0,TRY,13,0.0,0.0,0.0,20.082815734989648
2026-04-12,kisisel-bakim,Nivea Men Fresh Power Deodorant 150 Ml,268.0,TRY,13,0.0,0.0,0.0,18.58407079646018
2026-04-12,kisisel-bakim,Nivea Men Hassas Tıraş Köpüğü 200 Ml,326.0,TRY,13,0.0,0.0,0.0,26.356589147286826
2026-04-12,kisisel-bakim,Nivea Men Invisible Black And White Fresh Deodorant 150 Ml,268.0,TRY,13,0.0,0.0,0.0,18.58407079646018
2026-04-12,kisisel-bakim,Nivea Men Invisible Black And White Fresh Roll-On 50 Ml,260.5,TRY,13,0.0,0.0,0.0,19.221967963386728
2026-04-12,kisisel-bakim,Nivea Men Invisible Black And White Original Roll-On 50 Ml,260.5,TRY,13,0.0,0.0,0.0,19.221967963386728
2026-04-12,kisisel-bakim,Nivea Men Silver Protect Erkek Stick Deodorant 50 Ml,290.0,TRY,13,0.0,0.0,0.0,20.082815734989648
2026-04-12,kisisel-bakim,Nivea Nemlendiricili Krem Teneke 75 Ml,206.5,TRY,13,0.0,0.0,0.0,36.303630363036305
2026-04-12,kisisel-bakim,Nivea Nemlendiricili Tıraş Jeli 200 Ml,333.5,TRY,13,0.0,0.0,0.0,5.873015873015873
2026-04-12,kisisel-bakim,Nivea Nemlendiricili Tıraş Köpüğü 200 Ml,284.0,TRY,13,0.0,0.0,0.0,10.077519379844961
2026-04-12,kisisel-bakim,Nivea Pearly Beauty Kadın Deodorant 150 Ml,268.0,TRY,13,0.0,0.0,0.0,18.58407079646018
2026-04-12,kisisel-bakim,Nivea Pearly Beauty Kadın Roll-On 50 Ml,260.5,TRY,13,0.0,0.0,0.0,19.221967963386728
2026-04-12,kisisel-bakim,Nivea Powder Touch Kadın Roll-On 50 Ml,260.5,TRY,13,0.0,0.0,0.0,19.221967963386728
2026-04-12,kisisel-bakim,Nivea Powder Touch Kadın Stick Roll-On 50 Ml,290.0,TRY,13,0.0,0.0,0.0,20.082815734989648
2026-04-12,kisisel-bakim,Nivea Roll-On Deodorant Dry Fresh Erkek 50 Ml,260.5,TRY,13,0.0,0.0,0.0,19.221967963386728
2026-04-12,kisisel-bakim,Nivea Soft Krem 100 Ml,144.5,TRY,13,0.0,0.0,0.0,39.61352657004831
2026-04-12,kisisel-bakim,Nivea Soft Nemlendirici Bakım Kremi 300 Ml,245.5,TRY,13,0.0,0.0,0.0,7.20524017467249
2026-04-12,kisisel-bakim,Nivea Soft Nemlendirici Bakım Kremi Tüp 75 Ml,139.0,TRY,13,0.0,0.0,0.0,34.95145631067961
2026-04-12,kisisel-bakim,Nivea Sport Duş Jeli Erkek 500 Ml,312.0,TRY,13,0.0,0.0,0.0,5.227655986509275
2026-04-12,kisisel-bakim,Nivea Stick Deodorant Black White Invisible Fresh Men 50 Ml,290.0,TRY,13,0.0,0.0,0.0,20.082815734989648
2026-04-12,kisisel-bakim,Nivea Sun Koruyucu Ve Nemlendirici Güneş Spreyi 200 Ml,979.0,TRY,13,0.0,0.0,0.0,0.6683804627249357
2026-04-12,kisisel-bakim,Okey Prezervatif Hisset 10 Lu,335.0,TRY,13,0.0,25.0,25.0,25.93984962406015
2026-04-12,kisisel-bakim,Okey Prezervatif Hisset Ekonomik 20 Li,507.0,TRY,13,0.0,19.71664698937426,19.71664698937426,20.57074910820452
2026-04-12,kisisel-bakim,Okey Prezervatif Hot 10 Lu,387.0,TRY,13,0.0,0.0,0.0,0.78125
2026-04-12,kisisel-bakim,Okey Prezervatif Klasik Ekonomik 20 Li,433.5,TRY,13,0.0,16.219839142091153,16.219839142091153,17.00404858299595
2026-04-12,kisisel-bakim,Okey Prezervatif Rötar 10 Lu,341.5,TRY,13,0.0,27.663551401869157,27.663551401869157,28.383458646616543
2026-04-12,kisisel-bakim,Okey Prezervatif Rötar Ekonomik 20 Li,507.0,TRY,13,0.0,19.71664698937426,19.71664698937426,20.57074910820452
2026-04-12,kisisel-bakim,Okey Prezervatif Sıcak Temas 10 Lu,341.5,TRY,13,0.0,27.663551401869157,27.663551401869157,28.383458646616543
2026-04-12,kisisel-bakim,Okey Prezervatif Sımsıkı 10 Lu,334.0,TRY,13,0.0,27.724665391969406,27.724665391969406,28.46153846153846
2026-04-12,kisisel-bakim,Okey Prezervatif Ultra Hisset Ekonomik 20 Li,507.0,TRY,13,0.0,19.71664698937426,19.71664698937426,20.57074910820452
2026-04-12,kisisel-bakim,Okey Prezervatif Zirve 10 Lu,341.5,TRY,13,0.0,27.663551401869157,27.663551401869157,28.383458646616543
2026-04-12,kisisel-bakim,Oral-B Cavity Defence Diş Fırçası,120.0,TRY,13,0.0,17.073170731707318,17.073170731707318,17.647058823529413
2026-04-12,kisisel-bakim,Oral-B Çocuk Diş Macunu 75 Ml,177.5,TRY,13,0.0,0.0,0.0,0.8522727272727272
2026-04-12,kisisel-bakim,Oral-B Çocuklar İçin Soft Diş Fırçası 3-5 Yaş,175.0,TRY,13,0.0,0.0,0.0,0.8645533141210375
2026-04-12,kisisel-bakim,Oral-B Pro Diş Macunu Ekstra Ferahlık 75 Ml,382.0,TRY,13,0.0,0.0,0.0,0.6587615283267457
2026-04-12,kisisel-bakim,Oral-B Pro Onarım Hassas Beyazlık Diş Macunu 75 Ml,276.0,TRY,13,0.0,0.0,0.0,0.7299270072992701
2026-04-12,kisisel-bakim,Orkid Günlük Koruma Normal 40 Lı,174.5,TRY,13,0.0,,,19.112627986348123
2026-04-12,kisisel-bakim,Orkid Günlük Ped Uzun 28 Adet Ekonomik Paket,131.0,TRY,13,0.0,10.548523206751055,10.548523206751055,11.016949152542372
2026-04-12,kisisel-bakim,Orkid Maxi Hijyenik Ped Normal Süper Ekonomik 34 Lü,229.0,TRY,13,0.0,0.0,0.0,0.6593406593406593
2026-04-12,kisisel-bakim,Palmolive Aroma Sensations So Firm Duş Jeli 500 Ml,223.5,TRY,13,0.0,0.0,0.0,0.9029345372460496
2026-04-12,kisisel-bakim,Palmolive Aroma Sensations So Relaxed Duş Jeli 500 Ml,223.5,TRY,13,0.0,0.0,0.0,0.9029345372460496
2026-04-12,kisisel-bakim,Palmolive Duş Jeli Massage 500 Ml,223.5,TRY,13,0.0,0.0,0.0,0.9029345372460496
2026-04-12,kisisel-bakim,Pantene 7/24 Anında Onarıcı Ve Nemlendirici Bakım Kremi 300 Ml,340.5,TRY,13,0.0,13.5,13.5,14.261744966442953
2026-04-12,kisisel-bakim,Paradontax Beyazlatıcı Tam Koruma Diş Macunu 75 Ml,388.5,TRY,13,0.0,0.0,0.0,0.7782101167315175
2026-04-12,kisisel-bakim,Paradontax Ekstra Yumuşak Diş Fırçası 1+1,333.5,TRY,13,0.0,0.0,0.0,0.7552870090634441
2026-04-12,kisisel-bakim,Paradontax Floride Diş Macunu 75 Ml,292.5,TRY,13,0.0,0.0,0.0,0.6884681583476765
2026-04-12,kisisel-bakim,Paradontax Orijinal Diş Macunu 75 Ml,292.5,TRY,13,0.0,0.0,0.0,0.6884681583476765
2026-04-12,kisisel-bakim,Paradontax Ultra Temizlik Diş Macunu 75 Ml,266.5,TRY,13,0.0,0.0,0.0,0.7561436672967864
2026-04-12,kisisel-bakim,Parodontax Ağız Bakım Suyu 500Ml Nane,266.5,TRY,13,0.0,0.0,0.0,
2026-04-12,kisisel-bakim,Parodontax Dıs Etı+Hassasiyet&Ferahlık Dm 75Ml,364.5,TRY,13,0.0,0.0,0.0,0.6906077348066298
2026-04-12,kisisel-bakim,Parodontax Tam Koruma Diş Macunu 50Ml,87.5,TRY,13,0.0,0.0,0.0,-12.935323383084576
2026-04-12,kisisel-bakim,Platonik Ağda Bezi 10 Metre,37.0,TRY,13,0.0,0.0,0.0,1.36986301369863
2026-04-12,kisisel-bakim,Platonik Ağda Bezi Rulo 10 Metre,37.0,TRY,13,0.0,0.0,0.0,1.36986301369863
2026-04-12,kisisel-bakim,Platonik Spatula 20 Li,33.0,TRY,13,0.0,0.0,0.0,1.5384615384615385
2026-04-12,kisisel-bakim,Platonik Vazelin 90 Ml,54.5,TRY,13,0.0,0.0,0.0,0.9259259259259258
2026-04-12,kisisel-bakim,Privacy Deodorant Bay 150 Ml,204.0,TRY,13,0.0,0.0,0.0,70.0
2026-04-12,kisisel-bakim,Privacy Man Addiction Erkek Deodorant 150 Ml,204.0,TRY,13,0.0,0.0,0.0,67.21311475409836
2026-04-12,kisisel-bakim,Privacy Women Addiction Deodorant 150 Ml,204.0,TRY,13,0.0,0.0,0.0,67.21311475409836
2026-04-12,kisisel-bakim,Privacy Women Deodorant 150 Ml,204.0,TRY,13,0.0,0.0,0.0,70.0
2026-04-12,kisisel-bakim,Restorex 7 Besleyici Yağ Bakım Şampuan-500 Ml,115.0,TRY,13,0.0,0.0,0.0,0.8771929824561403
2026-04-12,kisisel-bakim,Restorex Callogen Biotin 500 Ml,115.0,TRY,13,0.0,0.0,0.0,0.8771929824561403
2026-04-12,kisisel-bakim,Restorex Kuru Ve Yıpranmış Saçlar İçin Şampuan 500 Ml,115.0,TRY,13,0.0,0.0,0.0,0.8771929824561403
2026-04-12,kisisel-bakim,Restorex Sıvı Saç Kremi 200 Ml,182.0,TRY,13,0.0,0.0,0.0,0.5524861878453038
2026-04-12,kisisel-bakim,Rexona Aloe Vera Ve Bamboo Kadın Deodorant 150 Ml,227.0,TRY,13,0.0,0.0,0.0,2.2522522522522523
2026-04-12,kisisel-bakim,Rexona Deodorant Cotton Pudralı Bayan 150 Ml,227.0,TRY,13,0.0,0.0,0.0,2.2522522522522523
2026-04-12,kisisel-bakim,Rexona Invisible Black + White Kadın Deodorant 150 Ml,227.0,TRY,13,0.0,0.0,0.0,2.2522522522522523
2026-04-12,kisisel-bakim,Rexona Invisible Fresh Kadın Deodorant 150 Ml,227.0,TRY,13,0.0,0.0,0.0,2.2522522522522523
2026-04-12,kisisel-bakim,Rexona İnvisible Kadın Roll-On 50 Ml,214.0,TRY,13,0.0,0.0,0.0,48.61111111111111
2026-04-12,kisisel-bakim,Rexona Men Erkek Sprey Deodorant Champions 72 Saat Kesintisiz Üstün Koruma 150 ml,227.0,TRY,13,0.0,0.0,0.0,2.2522522522522523
2026-04-12,kisisel-bakim,Rexona Men İnvisible Black White Roll-On 50 Ml,214.0,TRY,13,0.0,0.0,0.0,48.61111111111111
2026-04-12,kisisel-bakim,Rexona Men Invisible Ice Fresh Deodorant 150 Ml,227.0,TRY,13,0.0,0.0,0.0,2.2522522522522523
2026-04-12,kisisel-bakim,Rexona Men Invisible Ocean Deep Deodorant 150Ml,219.0,TRY,13,0.0,0.0,0.0,2.336448598130841
2026-04-12,kisisel-bakim,Rexona Men Xtra Cool Deodorant 150 Ml,227.0,TRY,13,0.0,0.0,0.0,2.2522522522522523
2026-04-12,kisisel-bakim,Rexona Men Xtra Cool Roll-On 50 Ml,214.0,TRY,13,0.0,0.0,0.0,48.61111111111111
2026-04-12,kisisel-bakim,Rexona Roll-On Cotton Bayan 50 Ml,214.0,TRY,13,0.0,0.0,0.0,48.61111111111111
2026-04-12,kisisel-bakim,Rexona Roll-On Quantum Men 50 Ml,261.0,TRY,13,0.0,18.099547511312217,18.099547511312217,20.833333333333336
2026-04-12,kisisel-bakim,Rexona Sexy Bouquet Kadın Roll-On 50 Ml,214.0,TRY,13,0.0,0.0,0.0,
2026-04-12,kisisel-bakim,Rexona Shower Clean Bayan Deodorant Sprey 150 Ml,227.0,TRY,13,0.0,0.0,0.0,2.2522522522522523
2026-04-12,kisisel-bakim,Rexona Shower Fresh Kadın Roll-On 50 Ml,214.0,TRY,13,0.0,0.0,0.0,48.61111111111111
2026-04-12,kisisel-bakim,Selin Çiçek Buketi Kolonyası Pet 400 ml,137.5,TRY,13,0.0,0.0,0.0,0.7326007326007326
2026-04-12,kisisel-bakim,Selin Limon Kolonyası 400 Ml,138.0,TRY,13,0.0,0.0,0.0,0.7299270072992701
2026-04-12,kisisel-bakim,Selin Limon Kolonyası 900 Ml,179.5,TRY,13,0.0,0.0,0.0,0.8426966292134831
2026-04-12,kisisel-bakim,Selpak Antibakteriyel Islak Cep Mendili 3 Lu,66.0,TRY,13,0.0,0.0,0.0,10.0
2026-04-12,kisisel-bakim,Sensodyne Çok Yönlü Koruma 1+1 Diş Fırçası,349.0,TRY,13,0.0,0.0,0.0,2.046783625730994
2026-04-12,kisisel-bakim,Sensodyne Diş Macununu Tam Koruma 75 Ml,329.0,TRY,13,0.0,0.0,0.0,2.1739130434782608
2026-04-12,kisisel-bakim,Sensodyne Expanding Floss Diş İpi 30 Metre,319.0,TRY,13,0.0,0.0,0.0,2.2435897435897436
2026-04-12,kisisel-bakim,Sensodyne Ferah Nefes Diş Macunu 100 Ml,258.0,TRY,13,0.0,0.0,0.0,2.380952380952381
2026-04-12,kisisel-bakim,Sensodyne Florür Diş Macunu 100 Ml,257.0,TRY,13,0.0,0.0,0.0,2.3904382470119523
2026-04-12,kisisel-bakim,Sensodyne Gentle Soft Diş Fırçası,244.0,TRY,13,0.0,0.0,0.0,2.092050209205021
2026-04-12,kisisel-bakim,Sensodyne Gum Care Diş Fırçası,103.5,TRY,13,0.0,0.0,0.0,1.9704433497536946
2026-04-12,kisisel-bakim,Sensodyne Hassasiyet Ve Diş Eti Beyazlatıcı Diş Macunu 75 Ml,399.0,TRY,13,0.0,0.0,0.0,2.307692307692308
2026-04-12,kisisel-bakim,Sensodyne Hassasiyet Ve Diş Eti Yumuşak Diş Fırçası,288.0,TRY,13,0.0,0.0,0.0,2.127659574468085
2026-04-12,kisisel-bakim,Sensodyne Hızlı Rahatlama Diş Fırçası 1+1,348.0,TRY,13,0.0,0.0,0.0,2.0527859237536656
2026-04-12,kisisel-bakim,Sensodyne Hızlı Rahatlama Diş Macunu 75 Ml,398.0,TRY,13,0.0,0.0,0.0,2.313624678663239
2026-04-12,kisisel-bakim,Sensodyne Mint Yeşil Diş Macunu 75 Ml,440.0,TRY,13,0.0,0.0,0.0,2.3255813953488373
2026-04-12,kisisel-bakim,Sensodyne Naneli Diş Macunu 100 Ml,257.0,TRY,13,0.0,0.0,0.0,2.3904382470119523
2026-04-12,kisisel-bakim,Sensodyne Nourish Rahatlatıcı Etki Diş Macunu 75 ml,388.0,TRY,13,0.0,0.0,0.0,2.3746701846965697
2026-04-12,kisisel-bakim,Sensodyne Nourish Sağlıklı Beyazlık Diş Macunu 75ml,478.0,TRY,13,0.0,0.0,0.0,2.1367521367521367
2026-04-12,kisisel-bakim,Sensodyne Onarım Ve Koruma Diş Macunu 75 Ml,393.0,TRY,13,0.0,0.0,0.0,2.0779220779220777
2026-04-12,kisisel-bakim,Sensodyne Soft Çok Yönlü Koruma Diş Fırçası Medium,154.0,TRY,13,0.0,0.0,0.0,2.666666666666667
2026-04-12,kisisel-bakim,Sensodyne Tam Koruma Beyazlatıcı Diş Macunu 75 Ml,329.0,TRY,13,0.0,0.0,0.0,2.1739130434782608
2026-04-12,kisisel-bakim,Sensodyne Tam Koruma Diş Macunu 75 Ml + Diş Fırçası,166.0,TRY,13,0.0,0.0,0.0,-12.16931216931217
2026-04-12,kisisel-bakim,She Is Clubber Deodorant For Women 150 Ml,125.5,TRY,13,0.0,,,
2026-04-12,kisisel-bakim,She Is Fun Deodorant For Women 150 Ml,125.5,TRY,13,0.0,0.0,0.0,
2026-04-12,kisisel-bakim,Signal Beyaz Güç Diş Fırçası 12 Gr,72.0,TRY,13,0.0,0.0,0.0,
2026-04-12,kisisel-bakim,Signal Beyazlatıcı Sistem Diş Macunu 75Ml,157.0,TRY,13,0.0,0.0,0.0,0.641025641025641
2026-04-12,kisisel-bakim,Signal Diş Fırçası Nazik Diş Eti Bakımı 1+1,214.5,TRY,13,0.0,0.0,0.0,
2026-04-12,kisisel-bakim,Signal Diş Macunu Beyaz Güç Nane Aromalı 100 Ml,72.5,TRY,13,0.0,,,
2026-04-12,kisisel-bakim,Signal Ergonomik Diş Fırçası 1+1,160.0,TRY,13,0.0,0.0,0.0,0.628930817610063
2026-04-12,kisisel-bakim,Signal Performance Black Yumuşak 1+1 Diş Fırçası,254.0,TRY,13,0.0,0.0,0.0,0.7936507936507936
2026-04-12,kisisel-bakim,Signal Performance Orta Diş Fırçası 2+1,261.5,TRY,13,0.0,0.0,0.0,0.7707129094412332
2026-04-12,kisisel-bakim,Signal Performance Yumuşak Diş Fırçası,123.5,TRY,13,0.0,0.0,0.0,0.8163265306122449
2026-04-12,kisisel-bakim,Signal Premium Action Diş Fırçası 3+1,286.5,TRY,13,0.0,0.0,0.0,0.7029876977152899
2026-04-12,kisisel-bakim,Signal Profesyonel Bakım Diş Fırçası,136.0,TRY,13,0.0,11.020408163265307,11.020408163265307,11.934156378600823
2026-04-12,kisisel-bakim,Signal White Now Beyaz Dısler 1+1 Dıs Fırcası,273.5,TRY,13,0.0,0.0,0.0,0.7366482504604052
2026-04-12,kisisel-bakim,Signal White Now Diş Macunu 75 Ml,236.5,TRY,13,0.0,0.0,0.0,0.6382978723404255
2026-04-12,kisisel-bakim,Signal White Now Extra Fresh Diş Macunu 75 Ml,242.0,TRY,13,0.0,0.0,0.0,0.8333333333333334
2026-04-12,kisisel-bakim,Signal White Now Men Diş Macunu 75 Ml,236.5,TRY,13,0.0,0.0,0.0,
2026-04-12,kisisel-bakim,Signal White Now Sensitive Diş Macunu 75Ml,244.0,TRY,13,0.0,0.0,0.0,2.092050209205021
2026-04-12,kisisel-bakim,Sleepy Doğal Organik Pamuklu Temizlik Havlusu 50 ‘li,47.0,TRY,13,0.0,0.0,0.0,1.0752688172043012
2026-04-12,kisisel-bakim,Sleepy Doğal Organik Pamuklu Temizlik Havlusu 50 ‘li x 12 Paket,659.0,TRY,13,0.0,0.0,0.0,0.6106870229007634
2026-04-12,kisisel-bakim,Sleepy Easy Clean Arap Sabunu Katkılı Yüzey Temizlik Havlusu 100 Yaprak,139.0,TRY,13,0.0,0.0,0.0,13.008130081300814
2026-04-12,kisisel-bakim,Sleepy Easy Clean Bio Çözünür Deniz Tuzu Ve Deniz Yosunu Yüzey Temizlik Havlusu 50 Yaprak,137.0,TRY,13,0.0,0.0,0.0,2.2388059701492535
2026-04-12,kisisel-bakim,Sleepy Easy Clean Bio Çözünür Karanfil Ve Tarçın Yüzey Temizlik Havlusu 50 Yaprak,137.0,TRY,13,0.0,0.0,0.0,2.2388059701492535
2026-04-12,kisisel-bakim,Sleepy Easy Clean Çamaşır Suyu Katkılı Yüzey Temizlik Havlusu 100 Yaprak,139.0,TRY,13,0.0,0.0,0.0,13.008130081300814
2026-04-12,kisisel-bakim,Sleepy Easy Clean Kiraz Çiçeği Yüzey Temizlik Havlusu 100 Yaprak,127.0,TRY,13,0.0,6.722689075630252,6.722689075630252,9.482758620689655
2026-04-12,kisisel-bakim,Sleepy Easy Clean Lilyum Buketi Yüzey Temizlik Havlusu 100 Yaprak,127.0,TRY,13,0.0,6.722689075630252,6.722689075630252,9.482758620689655
2026-04-12,kisisel-bakim,Sleepy Easy Clean Orkide Bahçesi Yüzey Temizlik Havlusu 100 Yaprak,127.0,TRY,13,0.0,6.722689075630252,6.722689075630252,9.482758620689655
2026-04-12,kisisel-bakim,Sleepy Easy Clean Süper Kireç Sökücü Havlu 30 Yaprak,143.0,TRY,13,0.0,0.0,0.0,2.142857142857143
2026-04-12,kisisel-bakim,Sleepy Easy Clean Süper Yağ Çözücü Havlu 30 Yaprak,151.0,TRY,13,0.0,0.0,0.0,2.027027027027027
2026-04-12,kisisel-bakim,Sleepy Easy Clean Yüzey Temizlik Havlusu 100’lü,135.0,TRY,13,0.0,0.0,0.0,12.033195020746888
2026-04-12,kisisel-bakim,Sleepy Sensitive Islak Havlu 90 lı,45.5,TRY,13,0.0,-6.185567010309279,-6.185567010309279,18.181818181818183
2026-04-12,kisisel-bakim,Sleepy Sensitive Islak Havlu 90’lı x12 Paket 1080 Yaprak,591.0,TRY,13,0.0,-5.288461538461538,-5.288461538461538,16.56804733727811
2026-04-12,kisisel-bakim,Sleepy Zeytinyağlı Islak Mendil 90 Lı,45.5,TRY,13,0.0,2.247191011235955,2.247191011235955,18.181818181818183
2026-04-12,kisisel-bakim,Solo Islak Havlu Bahar Tazeliği 90 Lı,50.5,TRY,13,0.0,-41.95402298850575,-41.95402298850575,9.782608695652174
2026-04-12,kisisel-bakim,Viva Cappio Classic Edt 60 Ml + Deodorant Sprey 150 Ml Kadın,670.0,TRY,13,0.0,0.0,0.0,0.6006006006006006
2026-04-12,temizlik,Ace Bahar Çamaşır Suyu 2 Lt,187.0,TRY,05,0.0,2.7472527472527473,2.7472527472527473,3.314917127071823
2026-04-12,temizlik,Ace Çamaşır Suyu 1 Lt,89.5,TRY,05,0.0,2.8735632183908044,2.8735632183908044,
2026-04-12,temizlik,Ace Çamaşır Suyu Bahar 1 Lt,97.5,TRY,05,0.0,5.978260869565218,5.978260869565218,6.557377049180328
2026-04-12,temizlik,Ace Çamaşır Suyu Lavanta 1 Lt,97.5,TRY,05,0.0,5.978260869565218,5.978260869565218,6.557377049180328
2026-04-12,temizlik,Ace Çamaşır Suyu Lavanta 2 Lt,187.0,TRY,05,0.0,2.7472527472527473,2.7472527472527473,3.314917127071823
2026-04-12,temizlik,Ace Çamaşır Suyu Normal 2 Lt,175.0,TRY,05,0.0,1.744186046511628,1.744186046511628,2.3391812865497075
2026-04-12,temizlik,Ace Ultra Çamaşır Suyu Powerjel Limon Tazeliği 750 Ml,95.5,TRY,05,0.0,7.303370786516854,7.303370786516854,7.909604519774012
2026-04-12,temizlik,Ace Ultra Çamaşır Suyu Powerjel Okaliptus 750 Ml,95.5,TRY,05,0.0,7.303370786516854,7.303370786516854,7.909604519774012
2026-04-12,temizlik,Ace Ultra Işıldayan Banyolar Çamaşır Suyu İçermeyen 700 Ml,149.5,TRY,05,0.0,,,0.6734006734006733
2026-04-12,temizlik,Ace Ultra Köpük Çiçek Kokulu 700 Ml,149.5,TRY,05,0.0,0.0,0.0,0.6734006734006733
2026-04-12,temizlik,Ace Ultra Köpük Ferahlık Etkisi 700 Ml,149.5,TRY,05,0.0,0.0,0.0,0.6734006734006733
2026-04-12,temizlik,Ace Ultra Power Jel Dağ Ferahlık Etkisi 750 Gr,97.5,TRY,05,0.0,7.142857142857142,7.142857142857142,7.734806629834254
2026-04-12,temizlik,Air Wick Fresh Kit + Yedek Lavanta,586.0,TRY,05,0.0,0.0,0.0,0.6872852233676976
2026-04-12,temizlik,Air Wick Fresh Yedek Bahar Çiçekleri 250 Ml,209.0,TRY,05,0.0,0.0,0.0,0.4807692307692308
2026-04-12,temizlik,Air Wick Freshmatic Yedek Sprey Temizliğin Esintisi 250 Ml,209.0,TRY,05,0.0,0.0,0.0,5.555555555555555
2026-04-12,temizlik,Air Wick Oda Kokusu Fresh Kit + Yedek Bahar Çiçekleri,598.0,TRY,05,0.0,0.0,0.0,0.6734006734006733
2026-04-12,temizlik,Air Wick Oda Kokusu Lavanta 250 Ml,209.0,TRY,05,0.0,0.0,0.0,0.4807692307692308
2026-04-12,temizlik,Air Wick Stick Up İkili Lavanta Oda Kokusu 360 Ml,175.0,TRY,05,0.0,0.0,0.0,
2026-04-12,temizlik,Airwick Aerosol Kiraz Çiçeği 300 Ml,194.0,TRY,05,0.0,0.0,0.0,0.5181347150259068
2026-04-12,temizlik,Airwick Aerosol Lavanta Esintisi 300 Ml,189.0,TRY,05,0.0,0.0,0.0,0.5319148936170213
2026-04-12,temizlik,Airwick Aerosol Okyanus Ferahlığı 300 Ml,189.0,TRY,05,0.0,0.0,0.0,0.5319148936170213
2026-04-12,temizlik,Ankara Kartül Tül Beyazlatıcı 500 Gr,127.0,TRY,05,0.0,0.0,0.0,10.434782608695652
2026-04-12,temizlik,Ankara Sodamatik 2 Kg,446.0,TRY,05,0.0,0.0,0.0,6.190476190476191
2026-04-12,temizlik,Ankara Sodamatik 500 Gr,130.0,TRY,05,0.0,0.0,0.0,16.591928251121075
2026-04-12,temizlik,Ariel Aquapudra Toz Çamaşır Deterjanı Dağ Esintisi 4 Kg,394.0,TRY,05,0.0,-0.25316455696202533,-0.25316455696202533,6.486486486486487
2026-04-12,temizlik,"Ariel Toz Çamaşır Deterjanı Dağ Esintisi Beyazlar İçin 1,5 Kg",203.0,TRY,05,0.0,2.525252525252525,2.525252525252525,3.0456852791878175
2026-04-12,temizlik,"Ariel Toz Çamaşır Deterjanı Parlak Renkler 1,5 Kg",203.0,TRY,05,0.0,2.525252525252525,2.525252525252525,3.0456852791878175
2026-04-12,temizlik,Ariel Toz Çamaşır Deterjanı Parlak Renkler 7 Kg,650.0,TRY,05,0.0,2.20125786163522,2.20125786163522,0.7751937984496124
2026-04-12,temizlik,Asperox Mavi Güç Ultra Kireç Ve Pas Sökücü 1000 Ml,140.0,TRY,05,0.0,0.0,0.0,
2026-04-12,temizlik,Asperox Sarı Güç Sprey 1 Lt,140.0,TRY,05,0.0,0.0,0.0,15.702479338842975
2026-04-12,temizlik,Berrak Peçete 100 Lü,20.5,TRY,05,0.0,0.0,0.0,0.0
2026-04-12,temizlik,Beybi Lateks Pudralı Eldiven Small 100’lü,286.0,TRY,05,0.0,9.788867562380037,9.788867562380037,25.991189427312776
2026-04-12,temizlik,Beybi Vinil Pudrasız Muayene Eldiven MDR 100’lü Medium,217.5,TRY,05,0.0,13.577023498694519,13.577023498694519,25.722543352601157
2026-04-12,temizlik,Bingo Bakım Renkliler İçin Sıvı Deterjan 3 Lt 50 Yıkama,296.5,TRY,05,0.0,0.0,0.0,0.5084745762711864
2026-04-12,temizlik,"Bingo Fresh Yüzey Temizleyici Çay Ağacı 2,5 Lt",168.5,TRY,05,0.0,0.0,0.0,0.2976190476190476
2026-04-12,temizlik,"Bingo Fresh Yüzey Temizleyici Lovely 2,5 Lt",168.5,TRY,05,0.0,0.0,0.0,0.2976190476190476
2026-04-12,temizlik,"Bingo Fresh Yüzey Temizleyici Manolya 2,5 Lt",168.5,TRY,05,0.0,0.0,0.0,0.2976190476190476
2026-04-12,temizlik,"Bingo Masal Yüzey Temizleyici 2,5 Lt",168.5,TRY,05,0.0,0.0,0.0,0.2976190476190476
2026-04-12,temizlik,Bingo Oksijen Çamaşır Suyu Çam Kokulu 750 Ml,79.5,TRY,05,0.0,0.0,0.0,
2026-04-12,temizlik,Bingo Oksijen Çamaşır Suyu Okaliptus 750 Ml,79.5,TRY,05,0.0,0.0,0.0,
2026-04-12,temizlik,Bingo Oksijenli Çamaşır Suyu Limon Kokulu 750 Ml,79.5,TRY,05,0.0,0.0,0.0,
2026-04-12,temizlik,Bingo Onaran Koruma Sıvı Deterjan 3 Lt,296.5,TRY,05,0.0,0.0,0.0,0.5084745762711864
2026-04-12,temizlik,Bingo Sıvı Bakım Çamaşır Deterjanı 2145 Ml Renkli Beyaz,335.0,TRY,05,0.0,,,12.984822934232715
2026-04-12,temizlik,Bingo Sıvı Bulaşık Deterjanı Limonlu 4 Kg,325.0,TRY,05,0.0,-0.45941807044410415,-0.45941807044410415,0.0
2026-04-12,temizlik,Bingo Sıvı Deterjan Beyazlar&Renkliler Beyaz Sabun Kokulu 40 Yıkama,335.0,TRY,05,0.0,12.416107382550337,12.416107382550337,12.984822934232715
2026-04-12,temizlik,Bingo Soft Konsantre Yumuşatıcı Lovely 60 Yıkama 1440 Ml,211.0,TRY,05,0.0,0.0,0.0,9.61038961038961
2026-04-12,temizlik,Bingo Soft Yumuşatıcı Aşkla Gül 1440 Ml,201.5,TRY,05,0.0,0.0,0.0,10.10928961748634
2026-04-12,temizlik,Bingo Soft Yumuşatıcı Gülpembe 5 Lt,318.5,TRY,05,0.0,-1.6975308641975309,-1.6975308641975309,-1.0869565217391304
2026-04-12,temizlik,Bref Deluxe Manolya Duopack 2 Li,158.0,TRY,05,0.0,0.0,0.0,0.6369426751592357
2026-04-12,temizlik,Bref Deluxe Yasemin Duopack 2 Li,158.5,TRY,05,0.0,0.0,0.0,0.9554140127388535
2026-04-12,temizlik,Bref Power Aktiv Wc Temizleyici Blok 2 Li Çam,124.0,TRY,05,0.0,0.0,0.0,0.8130081300813009
2026-04-12,temizlik,Bref Power Aktiv Wc Temizleyici Blok 2 Li Okyanus,123.5,TRY,05,0.0,0.0,0.0,0.8163265306122449
2026-04-12,temizlik,Bref Rezervuar Küpleri Okyanus 2’li,110.0,TRY,05,0.0,0.0,0.0,0.45662100456621
2026-04-12,temizlik,Bref Wc Power Aktif Çam,72.5,TRY,05,0.0,0.0,0.0,0.6944444444444444
2026-04-12,temizlik,Bref Wc Power Aktif Okyanus,72.5,TRY,05,0.0,0.0,0.0,0.6944444444444444
2026-04-12,temizlik,Bref Wc Power Aktiv Lavanta 2 Li,124.0,TRY,05,0.0,0.0,0.0,0.8130081300813009
2026-04-12,temizlik,Calgon Çamaşır Makinesi Kireç Önleyici Tablet 15’Li,274.0,TRY,05,0.0,0.0,0.0,0.5504587155963303
2026-04-12,temizlik,Ceyhanlar Klozet Kapağı Örtüsü 250 Li,170.0,TRY,05,0.0,0.0,0.0,0.591715976331361
2026-04-12,temizlik,Cif Jel Tüm Yüzeyler Bahar Ferahlığı 750 Ml,136.0,TRY,05,0.0,0.0,0.0,
2026-04-12,temizlik,Cif Jel Tüm Yüzeyler Çiçek Ferahlığı 750 Ml,136.0,TRY,05,0.0,0.0,0.0,0.7407407407407408
2026-04-12,temizlik,Cif Krem Amonyak 750 Ml,128.0,TRY,05,0.0,0.0,0.0,0.39215686274509803
2026-04-12,temizlik,Cif Krem Limon 750 Ml,128.0,TRY,05,0.0,0.0,0.0,0.39215686274509803
2026-04-12,temizlik,Cif Power Shine Banyo 750 Ml,174.5,TRY,05,0.0,0.0,0.0,0.5763688760806917
2026-04-12,temizlik,Cif Sprey Her Yer Leke Uzmanı 750 Ml,157.5,TRY,05,0.0,0.0,0.0,0.6389776357827476
2026-04-12,temizlik,Cif Ultra Hijyen Jel 750 Ml,136.0,TRY,05,0.0,0.0,0.0,0.7407407407407408
2026-04-12,temizlik,Cillit Bang Banyo Temizleyici Aktif Köpük 600 Ml,341.0,TRY,05,0.0,0.0,0.0,0.5899705014749262
2026-04-12,temizlik,Dalan Roxy Matik Toz Sabun Bahar Çiçekleri 800 Gr,155.5,TRY,05,0.0,0.0,0.0,0.6472491909385114
2026-04-12,temizlik,Dalin Çamaşır Yumuşatıcı Düş Bahçesi 1500 Ml,239.0,TRY,05,0.0,0.0,0.0,0.631578947368421
2026-04-12,temizlik,Dalin Sıvı Çamaşır Deterjanı 1500 Ml,373.0,TRY,05,0.0,0.0,0.0,0.6747638326585695
2026-04-12,temizlik,Dalin Yum.1.5Lt Bahar Ninnisi,241.0,TRY,05,0.0,0.0,0.0,0.6263048016701461
2026-04-12,temizlik,Dolphin Lateks Muayene Eldiveni Pudralı (L) 100 Lü,329.5,TRY,05,0.0,18.95306859205776,18.95306859205776,41.113490364025694
2026-04-12,temizlik,Dolphin Latex Eldiven M Pudralı 100 Adet,329.5,TRY,05,0.0,18.95306859205776,18.95306859205776,41.113490364025694
2026-04-12,temizlik,Dolphin Latex Eldiven S Pudralı 100 Lü,329.5,TRY,05,0.0,18.95306859205776,18.95306859205776,41.113490364025694
2026-04-12,temizlik,Dolphin Nitril Eldiven L Pudrasız 100 Lü,328.5,TRY,05,0.0,22.118959107806692,22.118959107806692,41.29032258064516
2026-04-12,temizlik,Dolphin Nitril Eldiven M 100 Lü,328.5,TRY,05,0.0,22.118959107806692,22.118959107806692,41.29032258064516
2026-04-12,temizlik,Domestos Çamaşır Suyu Dağ Esintisi 1850 Ml,177.0,TRY,05,0.0,3.812316715542522,3.812316715542522,-0.28169014084507044
2026-04-12,temizlik,Domestos Çamaşır Suyu Dağ Esintisi 3240 Ml,295.5,TRY,05,0.0,7.846715328467154,7.846715328467154,8.440366972477065
2026-04-12,temizlik,Domestos Çamaşır Suyu Dağ Esintisi 750 Ml,89.5,TRY,05,0.0,3.4682080924855487,3.4682080924855487,0.5617977528089888
2026-04-12,temizlik,Domestos Çamaşır Suyu Kar Beyazı 1850 Ml,177.0,TRY,05,0.0,3.812316715542522,3.812316715542522,-0.28169014084507044
2026-04-12,temizlik,Domestos Çamaşır Suyu Kar Beyazı 3240 Ml,295.5,TRY,05,0.0,7.846715328467154,7.846715328467154,8.440366972477065
2026-04-12,temizlik,Domestos Çamaşır Suyu Kar Beyazı 750 Ml,89.5,TRY,05,0.0,3.4682080924855487,3.4682080924855487,0.5617977528089888
2026-04-12,temizlik,Domestos Çamaşır Suyu Limon Ferahlığı 750 Ml,89.5,TRY,05,0.0,3.4682080924855487,3.4682080924855487,0.5617977528089888
2026-04-12,temizlik,Domestos Çamaşır Suyu Okaliptus Ferahlığı 750 Ml,89.5,TRY,05,0.0,3.4682080924855487,3.4682080924855487,0.5617977528089888
2026-04-12,temizlik,Domestos Çamaşır Suyu Okyanus Ferahlığı 3240 Ml,295.5,TRY,05,0.0,7.846715328467154,7.846715328467154,8.440366972477065
2026-04-12,temizlik,Domestos Tuvalet Bloğu 5 Li Güç Çam Ferahlığı,77.0,TRY,05,0.0,0.0,0.0,0.6535947712418301
2026-04-12,temizlik,Domestos Tuvalet Bloğu 5 Li Güç Okyanus Ferahlığı,77.0,TRY,05,0.0,0.0,0.0,0.6535947712418301
2026-04-12,temizlik,Domestos Wc Blok 5 Li Güç Duopack Manolya 2 ‘li,147.0,TRY,05,0.0,0.0,0.0,
2026-04-12,temizlik,Domestos Wc Blok 5 Li Güç Okyanus Ferahlığı 2 Li Paket,147.0,TRY,05,0.0,,,0.684931506849315
2026-04-12,temizlik,Domestos Yüzey Temizleme Okyanus 1500Ml,161.0,TRY,05,0.0,,,0.625
2026-04-12,temizlik,"Domestos Yüzey Temizleyici Çam 1,5 Lt",146.0,TRY,05,0.0,0.0,0.0,0.3436426116838488
2026-04-12,temizlik,Duru Granül Matik Sabun Klasik 1 Kg,349.0,TRY,05,0.0,0.0,0.0,0.7215007215007215
2026-04-12,temizlik,Duru Granül Matik Sabun Lavanta 1 Kg,349.0,TRY,05,0.0,0.0,0.0,0.7215007215007215
2026-04-12,temizlik,Extreme Bambu Çubuklu Koku Beyaz Çiçek 50 Ml,64.5,TRY,05,0.0,0.0,0.0,12.173913043478262
2026-04-12,temizlik,Extreme Bambu Çubuklu Oda Kokusu Lavanta 50 Ml,64.5,TRY,05,0.0,0.0,0.0,12.173913043478262
2026-04-12,temizlik,Extreme Bambu Çubuklu Oda Kokusu Orkide 50 Ml,64.5,TRY,05,0.0,0.0,0.0,12.173913043478262
2026-04-12,temizlik,Eyüp Sabri Tuncer Bahar Tazeliği Oda Spreyi 500 Ml,235.5,TRY,05,0.0,0.0,0.0,0.641025641025641
2026-04-12,temizlik,Eyüp Sabri Tuncer Gizli Bahçe Japon Kiraz Çiçeği Oda Spreyi 500 Ml,235.5,TRY,05,0.0,0.0,0.0,0.641025641025641
2026-04-12,temizlik,Eyüp Sabri Tuncer Gizli Bahçe Okyanus Ferahlığı Oda Spreyi 500 Ml,235.5,TRY,05,0.0,0.0,0.0,0.641025641025641
2026-04-12,temizlik,Fairy Elma Aromalı Bulaşık Deterjanı 650 Ml,109.0,TRY,05,0.0,0.0,0.0,0.9259259259259258
2026-04-12,temizlik,Fairy Power Sprey 3’Ü 1 Arada Bulaşık Ve Mutfak 500 Ml,154.0,TRY,05,0.0,0.0,0.0,0.6535947712418301
2026-04-12,temizlik,Fairy Sıvı Bulaşık Deterjanı Elma 1500 Ml,208.0,TRY,05,0.0,0.0,0.0,-1.8867924528301887
2026-04-12,temizlik,Fairy Sıvı Bulaşık Deterjanı Limon 1500 Ml,208.0,TRY,05,0.0,0.0,0.0,-1.8867924528301887
2026-04-12,temizlik,Fairy Sıvı Bulaşık Deterjanı Limon 2600 Ml,344.0,TRY,05,0.0,0.0,0.0,0.5847953216374269
2026-04-12,temizlik,Fairy Sıvı Bulaşık Deterjanı Limon 650 Ml,109.0,TRY,05,0.0,0.0,0.0,0.9259259259259258
2026-04-12,temizlik,Familia Peçete 100 Lü,54.0,TRY,05,0.0,0.0,0.0,
2026-04-12,temizlik,Febreze Banyo Dağ Esintisi Hava Ferahlatıcı Oda Kokusu,274.0,TRY,05,0.0,0.0,0.0,0.5504587155963303
2026-04-12,temizlik,Febreze Banyo Hava Ferahlatıcı Temiz Çarşaf Ferahlığı Oda Kokusu,287.5,TRY,05,0.0,0.0,0.0,5.5045871559633035
2026-04-12,temizlik,Febreze Hava Ferahlatıcı Sprey Oda Kokusu Lavanta 185 Ml,280.0,TRY,05,0.0,0.0,0.0,5.8601134215500945
2026-04-12,temizlik,Finish Bulaşık Makinesi Deterjanı Makine Parlatıcı 800 Ml,243.0,TRY,05,0.0,0.0,0.0,0.6211180124223602
2026-04-12,temizlik,Finish Bulaşık Makinesi Parlatıcı ve Kurutucu 400 ml,144.5,TRY,05,0.0,0.0,0.0,0.6968641114982579
2026-04-12,temizlik,Finish Bulaşık Makinesi Tableti Quantum Özel Seri 50 Li,382.5,TRY,05,0.0,0.0,0.0,-7.720144752714113
2026-04-12,temizlik,Finish Jel Bulaşık Makinesi Deterjanı 1000 Ml,507.5,TRY,05,0.0,0.0,0.0,2.112676056338028
2026-04-12,temizlik,Finish Jel Limon Hepsi 1 Arada 1000 Ml,507.5,TRY,05,0.0,0.0,0.0,2.112676056338028
2026-04-12,temizlik,Finish Quantum 60 Kapsül Bulaşık Makinesi Deterjanı Tableti,376.5,TRY,05,0.0,-12.543554006968641,-12.543554006968641,-11.929824561403509
2026-04-12,temizlik,Finish Quantum 72 Li Bulaşık Makinesi Tableti,447.5,TRY,05,0.0,0.0,0.0,2.1689497716894977
2026-04-12,temizlik,"Finish Tuz 1,5 Kg",113.0,TRY,05,0.0,0.0,0.0,0.4444444444444444
2026-04-12,temizlik,Focus Optimum Dispenser Peçete 250 Yaprak,35.5,TRY,05,0.0,0.0,0.0,0.0
2026-04-12,temizlik,Garden 260Ml Lavanta Oda Kokusu,118.5,TRY,05,0.0,0.0,0.0,0.423728813559322
2026-04-12,temizlik,Garden 260Ml Parfume Oda Kokusu,118.5,TRY,05,0.0,0.0,0.0,0.423728813559322
2026-04-12,temizlik,Garden 260Ml White Rose Oda Kokusu,118.5,TRY,05,0.0,0.0,0.0,0.423728813559322
2026-04-12,temizlik,Garden Sprey Okyanus Oda Kokusu 260 Ml,98.0,TRY,05,0.0,0.0,0.0,1.0309278350515463
2026-04-12,temizlik,Glade Mini Jel Clean Linen 50 G Oda Kokusu,103.0,TRY,05,0.0,0.0,0.0,-10.043668122270741
2026-04-12,temizlik,Glade Mini Jel Floral Buket 50 Gr,103.0,TRY,05,0.0,0.0,0.0,-9.649122807017543
2026-04-12,temizlik,Glade Multi Sprey Lavanta 500 Ml,168.0,TRY,05,0.0,0.0,0.0,0.9009009009009009
2026-04-12,temizlik,Glade Multi Sprey Oda Kokusu Temiz Çarşaf Ferahlığı 500 Ml,168.0,TRY,05,0.0,0.0,0.0,0.9009009009009009
2026-04-12,temizlik,Glade Multi Sprey Rose 500 Ml,168.0,TRY,05,0.0,0.0,0.0,0.9009009009009009
2026-04-12,temizlik,Glade Oda Kokusu Mini Jel Lavanta 70 Gr,103.0,TRY,05,0.0,0.0,0.0,-10.043668122270741
2026-04-12,temizlik,K2R Renk Koruyucu Mendil 10 Lu,85.5,TRY,05,0.0,,,
2026-04-12,temizlik,Koroplast Oluklu Bulaşık Süngeri 8Li,92.5,TRY,05,0.0,0.0,0.0,0.5434782608695652
2026-04-12,temizlik,Kristal Çamaşır Sodası 500Gr,86.0,TRY,05,0.0,0.0,0.0,17.80821917808219
2026-04-12,temizlik,Lofçalı Aspirin Çok Amaçlı Temizleyici 4 Lt,270.0,TRY,05,0.0,3.6468330134357005,3.6468330134357005,4.247104247104247
2026-04-12,temizlik,Lofçalı Aspirin Çok Amaçlı Temizleyici 750 Ml,74.0,TRY,05,0.0,0.0,0.0,0.6802721088435374
2026-04-12,temizlik,Lofçalı Kireç Çözücü 750 Ml,62.5,TRY,05,0.0,0.0,0.0,0.8064516129032258
2026-04-12,temizlik,Lofçalı Silikonlu Yüzey Temizleyicisi 1000 Ml,88.5,TRY,05,0.0,0.0,0.0,0.5681818181818182
2026-04-12,temizlik,Lofçalı Sodamatik 1 Kg,145.5,TRY,05,0.0,0.0,0.0,0.6920415224913495
2026-04-12,temizlik,Lofçalı Yağ Çözücü Sprey 750 Gr,74.0,TRY,05,0.0,0.0,0.0,0.6802721088435374
2026-04-12,temizlik,Maylo Cep Mendili 10 Lu,41.0,TRY,05,0.0,0.0,0.0,0.0
2026-04-12,temizlik,Maylo Peçete 100 Lü,53.0,TRY,05,0.0,0.0,0.0,0.0
2026-04-12,temizlik,Maylo Peçete 200 Lü,95.0,TRY,05,0.0,0.0,0.0,0.5291005291005291
2026-04-12,temizlik,Maylo Puf Mendil Çek Kullan 150 Yaprak,48.5,TRY,05,0.0,0.0,0.0,0.0
2026-04-12,temizlik,Melissa Yüzey Temizleyici Lavanta Kokulu 5 Lt,333.0,TRY,05,0.0,0.0,0.0,0.4524886877828055
2026-04-12,temizlik,Mr. Muscle Lavabo Açıcı 2X50 Gr,119.5,TRY,05,0.0,0.0,0.0,0.8438818565400843
2026-04-12,temizlik,Mr.Muscle Banyo Temizleyici 750 Ml,104.0,TRY,05,0.0,0.0,0.0,3.482587064676617
2026-04-12,temizlik,Mr.Muscle Duck Klozet Blok Orman Esintisi 40 Gr Yeşil,68.5,TRY,05,0.0,0.0,0.0,7.03125
2026-04-12,temizlik,Mr.Muscle Klozet Blok Aqua 1+1,120.5,TRY,05,0.0,0.0,0.0,-7.662835249042145
2026-04-12,temizlik,Mr.Muscle Lavabo Açıcı Jel 1 Lt,195.5,TRY,05,0.0,0.0,0.0,-6.904761904761905
2026-04-12,temizlik,Niceplast Bambu Cips Çatalı 100’lü,88.5,TRY,05,0.0,2.9069767441860463,2.9069767441860463,5.357142857142857
2026-04-12,temizlik,Niceplast Şeffaf Eldiven 100 Lü,43.0,TRY,05,0.0,34.375,34.375,34.375
2026-04-12,temizlik,Nuri Leflef Ayakkabı Boyası,106.5,TRY,05,0.0,0.0,0.0,7.575757575757576
2026-04-12,temizlik,Nuri Leflef Krem Boya 50Ml,74.5,TRY,05,0.0,0.0,0.0,0.6756756756756757
2026-04-12,temizlik,Nuri Leflef Parlatıcı Sünger,121.5,TRY,05,0.0,0.0,0.0,6.578947368421052
2026-04-12,temizlik,Omo Color Renkliler Için Toz Çamaşır Deterjanı 1.5 Kg,197.5,TRY,05,0.0,0.0,0.0,
2026-04-12,temizlik,Omo Matik Sık Yıkananlar Toz Deterjan 5 Kg,408.0,TRY,05,0.0,0.0,0.0,
2026-04-12,temizlik,Persil Jel Power Plus 26 Yıkama Gülün Büyüsü 1820 Ml,242.0,TRY,05,0.0,0.0,0.0,0.6237006237006237
2026-04-12,temizlik,Perwoll Geliştirilmiş Beyaz Sıvı Çamaşır Detarjanı 2970 ml,311.5,TRY,05,0.0,4.882154882154882,4.882154882154882,8.347826086956523
2026-04-12,temizlik,Perwoll Geliştirilmiş Renkli Sıvı Çamaşır Deterjanı 2970 ml,311.5,TRY,05,0.0,4.882154882154882,4.882154882154882,8.347826086956523
2026-04-12,temizlik,"Perwoll Siyah Sıvı Çamaşır Deterjanı 2,97 Lt",311.5,TRY,05,0.0,4.882154882154882,4.882154882154882,8.347826086956523
2026-04-12,temizlik,"Perwoll Spor Giysiler İçin Sıvı Bakım Deterjanı 2,97 Lt",311.5,TRY,05,0.0,4.882154882154882,4.882154882154882,8.347826086956523
2026-04-12,temizlik,Porçöz Banyo Spreyi 750 Ml,100.0,TRY,05,0.0,0.0,0.0,1.0101010101010102
2026-04-12,temizlik,Porçöz Hijyenik Tuvalet Temizleyici Jel Orkide Kokulu 750 ml,113.0,TRY,05,0.0,0.0,0.0,0.8928571428571428
2026-04-12,temizlik,Porçöz Kireç Ve Pas Çözücü 1000 Ml,92.5,TRY,05,0.0,0.0,0.0,0.5434782608695652
2026-04-12,temizlik,Porçöz Lavabo Açıcı 2X50 Gr Toz,61.5,TRY,05,0.0,0.0,0.0,0.0
2026-04-12,temizlik,Porçöz Lavabo Açıcı Jel 1 Lt,138.5,TRY,05,0.0,0.0,0.0,0.7272727272727273
2026-04-12,temizlik,Porçöz Leke Çıkarıcı Sprey 750 Ml,135.5,TRY,05,0.0,0.0,0.0,0.7434944237918215
2026-04-12,temizlik,Porçöz Mutfak İçin Yağ Çözücü Sprey 750 Ml,100.0,TRY,05,0.0,0.0,0.0,0.5025125628140703
2026-04-12,temizlik,Porçöz Yağ Çözücü 1 Lt,98.0,TRY,05,0.0,0.0,0.0,0.5128205128205128
2026-04-12,temizlik,Porçöz Yağ Sökücü Sprey 750 Ml,103.5,TRY,05,0.0,0.0,0.0,0.975609756097561
2026-04-12,temizlik,Pril Adana Portakalı Bulaşık Deterjanı 1350 Gr,169.0,TRY,05,0.0,0.0,0.0,0.5952380952380952
2026-04-12,temizlik,Pril Adana Portakalı Bulaşık Deterjanı 675 Gr,87.5,TRY,05,0.0,0.0,0.0,0.5747126436781609
2026-04-12,temizlik,Pril Amasya Elması Bulaşık Deterjanı 1350 Gr,169.0,TRY,05,0.0,0.0,0.0,0.5952380952380952
2026-04-12,temizlik,Pril Amasya Elması Bulaşık Deterjanı 675 Gr,87.5,TRY,05,0.0,0.0,0.0,0.5747126436781609
2026-04-12,temizlik,Pril Bulaşık Deterjanı Aloevera 750 Ml,86.0,TRY,05,0.0,0.0,0.0,0.5847953216374269
2026-04-12,temizlik,Pril Elma Kokulu Bulaşık Deterjanı 4 Kg,333.0,TRY,05,0.0,6.3897763578274756,6.3897763578274756,5.714285714285714
2026-04-12,temizlik,Pril Excellence 4 ü 1 Arada Bulaşık Makinesi Deterjanı 60 Kapsül,612.0,TRY,05,0.0,0.0,0.0,0.6578947368421052
2026-04-12,temizlik,Pril Excellence Duo Jel Bulaşık Makinesi Deterjanı Hijyen 50 Yıkama,298.0,TRY,05,0.0,0.0,0.0,0.6756756756756757
2026-04-12,temizlik,Pril Gold Jel Yağ Çözücü 50 Yıkama,337.0,TRY,05,0.0,0.0,0.0,0.5970149253731344
2026-04-12,temizlik,Pril Hepsi 1 Arada Jel 1080 Ml,320.2,TRY,05,0.0,0.0,0.0,0.6918238993710657
2026-04-12,temizlik,Pril Limon Kokulu Bulaşık Deterjanı 4 Kg,343.0,TRY,05,0.0,6.191950464396285,6.191950464396285,5.538461538461538
2026-04-12,temizlik,Pril Sıvı Bulaşık Deterjanı Limon 1350 Ml,173.0,TRY,05,0.0,0.0,0.0,0.5813953488372093
2026-04-12,temizlik,Pril Sıvı Bulaşık Deterjanı Limon Kokulu 675 Gr,87.5,TRY,05,0.0,0.0,0.0,0.5747126436781609
2026-04-12,temizlik,Pronto Klasik Ahşap Cilası Sprey 300 Ml,172.5,TRY,05,0.0,0.0,0.0,2.0710059171597637
2026-04-12,temizlik,Rinso Aloe Vera Renkliler İçin Sıvı Çamaşır Deterjanı 3 Lt,274.0,TRY,05,0.0,2.6217228464419478,2.6217228464419478,-2.8368794326241136
2026-04-12,temizlik,Rinso Kömür Siyahlığı Siyahlar İçin Çamaşır Deterjanı 3 Lt,274.0,TRY,05,0.0,2.6217228464419478,2.6217228464419478,
2026-04-12,temizlik,Scotch Brite 5 Li Mutfak Bezi,123.0,TRY,05,0.0,0.0,0.0,0.819672131147541
2026-04-12,temizlik,Scotch Brite Cam Bezi,153.0,TRY,05,0.0,0.0,0.0,0.6578947368421052
2026-04-12,temizlik,Scotch Brite Çilek Kokulu Temizlik Bezi 3 Lü,118.0,TRY,05,0.0,0.0,0.0,0.8547008547008548
2026-04-12,temizlik,Scotch Brite Ekonomik Temizlik Eldiveni No: 7,173.0,TRY,05,0.0,0.0,0.0,0.5813953488372093
2026-04-12,temizlik,Scotch Brite Hassas Bulaşık Eldiveni M Beden,169.0,TRY,05,0.0,0.0,0.0,1.1976047904191618
2026-04-12,temizlik,Scotch Brite Mikrofiber Bez Açık 4 Lü,370.0,TRY,05,0.0,0.0,0.0,0.8174386920980926
2026-04-12,temizlik,Scotch Brite Mikrofiber Temizlik Bezi Eko Paket 3 Lü,221.0,TRY,05,0.0,0.0,0.0,0.91324200913242
2026-04-12,temizlik,Scotch Brite Oluklu Sünger 4 Lü,135.0,TRY,05,0.0,0.0,0.0,0.7462686567164178
2026-04-12,temizlik,Scotch Brite Ovma Teli 3 Al 2 Öde,250.0,TRY,05,0.0,0.0,0.0,0.4016064257028112
2026-04-12,temizlik,Scotch Brite Sünger 4 Lü,135.0,TRY,05,0.0,0.0,0.0,0.7462686567164178
2026-04-12,temizlik,Scotch Brite Sünger Yeşil Klasik 2 Li,52.0,TRY,05,0.0,0.0,0.0,0.9708737864077669
2026-04-12,temizlik,Scotch Brite Tüy Toplayıcı,230.0,TRY,05,0.0,0.0,0.0,0.8771929824561403
2026-04-12,temizlik,Scotch Brite Yeşil Klasik Oluklu Sünger 8 Li,249.0,TRY,05,0.0,0.0,0.0,0.4032258064516129
2026-04-12,temizlik,Scotch Brite Yeşil Klasik Sünger 8 Li,249.0,TRY,05,0.0,0.0,0.0,0.4032258064516129
2026-04-12,temizlik,Scotch Brite Yeşil Oluklu Sünger 1+1,53.0,TRY,05,0.0,0.0,0.0,1.9230769230769231
2026-04-12,temizlik,Select Dispenser Peçete 250 Yaprak,60.5,TRY,05,0.0,0.0,0.0,0.8333333333333334
2026-04-12,temizlik,Select Dispenser Peçete Eko 350 Yaprak,57.5,TRY,05,0.0,0.0,0.0,0.0
2026-04-12,temizlik,Select Smart Active Kağıt Havlu 4 Kg,690.0,TRY,05,0.0,0.0,0.0,1.4705882352941175
2026-04-12,temizlik,Select Z Katlama Havlu 200 Yaprak,57.5,TRY,05,0.0,0.0,0.0,0.8771929824561403
2026-04-12,temizlik,Selpak Çiçek Kokulu Mendil 10 Lu,70.5,TRY,05,0.0,0.0,0.0,0.7142857142857143
2026-04-12,temizlik,Selpak Dekoratif Peçete,32.5,TRY,05,0.0,-42.47787610619469,-42.47787610619469,1.5625
2026-04-12,temizlik,Selpak Dispenser Peçete 250 Li,62.5,TRY,05,0.0,0.0,0.0,0.8064516129032258
2026-04-12,temizlik,Selpak Garson Katlama Peçete 33X33 100 Lü,89.5,TRY,05,0.0,0.0,0.0,0.5617977528089888
2026-04-12,temizlik,Selpak Mendil 10 Lu,69.0,TRY,05,0.0,0.0,0.0,0.7299270072992701
2026-04-12,temizlik,Selpak Mentollü Mendil 10 Lu,69.0,TRY,05,0.0,0.0,0.0,0.7299270072992701
2026-04-12,temizlik,Servis Peçetesi 100 Lü,25.0,TRY,05,0.0,0.0,0.0,0.0
2026-04-12,temizlik,Servis Peçetesi 200 Lü,44.0,TRY,05,0.0,0.0,0.0,0.0
2026-04-12,temizlik,Sitil Classic Koyu Kahverengi Ayakkabı Boyası Krem 175 ml,72.5,TRY,05,0.0,0.0,0.0,2.112676056338028
2026-04-12,temizlik,Sitil Classic Siyah Ayakkabı Boyası Krem 175 ml,72.5,TRY,05,0.0,0.0,0.0,2.112676056338028
2026-04-12,temizlik,Sitil Natuel. Parlatıcı Sünger Geniş Kutu Special,53.0,TRY,05,0.0,0.0,0.0,0.9523809523809524
2026-04-12,temizlik,Sitil Siyah Parlatıcı Sünger Geniş Kutu Special,53.0,TRY,05,0.0,0.0,0.0,0.9523809523809524
2026-04-12,temizlik,Sitil Spor Ayakkabı Temizleme Süngeri,92.0,TRY,05,0.0,0.0,0.0,1.098901098901099
2026-04-12,temizlik,Sodamatik 500Gr Geleneksel,80.0,TRY,05,0.0,,,14.285714285714285
2026-04-12,temizlik,Solo Peçete 100 Lü,58.0,TRY,05,0.0,0.0,0.0,0.0
2026-04-12,temizlik,Solo Peçete 200 Lü,120.5,TRY,05,0.0,0.0,0.0,0.4166666666666667
2026-04-12,temizlik,Soyalan Naftalin Tablet 100 Gr,73.0,TRY,05,0.0,0.0,0.0,0.6896551724137931
2026-04-12,temizlik,Tem Dispenser Peçete 200 Lü,29.0,TRY,05,0.0,20.833333333333336,20.833333333333336,23.404255319148938
2026-04-12,temizlik,Tem Dispenser Peçete 350 Li,51.5,TRY,05,0.0,19.767441860465116,19.767441860465116,19.767441860465116
2026-04-12,temizlik,Teno Peçete 100Lü,21.0,TRY,05,0.0,0.0,0.0,0.0
2026-04-12,temizlik,Teno Peçete 200 Lü,39.5,TRY,05,0.0,0.0,0.0,0.0
2026-04-12,temizlik,Tibtrap Zehirsiz Fare Yapışkanı 125 Ml,98.5,TRY,05,0.0,0.0,0.0,0.5102040816326531
2026-04-12,temizlik,Uni Baby Çamaşır Deterjanı 1500 ml,402.0,TRY,05,0.0,0.0,0.0,0.6257822277847309
2026-04-12,temizlik,Uni Baby Çamaşır Deterjanı Sensitive 1500 ml,402.0,TRY,05,0.0,0.0,0.0,0.6257822277847309
2026-04-12,temizlik,Uni Baby Çamaşır Yumuşatıcısı 1500 Ml,209.5,TRY,05,0.0,0.0,0.0,0.7211538461538461
2026-04-12,temizlik,Uni Baby Konsantre Yumuşatıcı 1200 Ml,238.5,TRY,05,0.0,0.0,0.0,0.6329113924050633
2026-04-12,temizlik,Uni Baby Leke Çıkarıcı Sprey 500Ml,189.5,TRY,05,0.0,3.551912568306011,3.551912568306011,4.40771349862259
2026-04-12,temizlik,Vanish Kosla Oxi Action Toz Kristal Beyaz 400 Gr,278.0,TRY,05,0.0,0.0,0.0,13.008130081300814
2026-04-12,temizlik,Vanish Kosla Sıvı Beyaz 1000 Ml,287.0,TRY,05,0.0,0.0,0.0,0.7017543859649122
2026-04-12,temizlik,Vanish Kosla Tül Temizleyici Toz 450 Gr + Tül Parlatıcı 450 Ml,459.0,TRY,05,0.0,0.0,0.0,0.6578947368421052
2026-04-12,temizlik,Vernel Gülün Büyüsü Çamaşır Yumuşatıcısı 5 Lt,325.0,TRY,05,0.0,0.0,0.0,0.30864197530864196
2026-04-12,temizlik,Vernel Hassas Ve Yumuşak Çamaşır Yumuşatıcısı 5 Lt,325.0,TRY,05,0.0,0.0,0.0,0.30864197530864196
2026-04-12,temizlik,"Vernel Max Konsantre Çamaşır Yumuşatıcısı Lale 1,44 Lt",161.0,TRY,05,0.0,0.0,0.0,0.625
2026-04-12,temizlik,"Vernel Max Konsantre Çamaşır Yumuşatıcısı Taze Gül 1,44 Lt",175.0,TRY,05,0.0,8.695652173913043,8.695652173913043,9.375
2026-04-12,temizlik,"Vernel Max Konsantre Çamaşır Yumuşatıcısı Yasemin 1,44 Lt",161.0,TRY,05,0.0,0.0,0.0,0.625
2026-04-12,temizlik,"Vernel Max Sensitive Konsantre Çamaşır Yumuşatıcısı 1,44 Lt",175.0,TRY,05,0.0,8.695652173913043,8.695652173913043,9.375
2026-04-12,temizlik,Vernel Max Yumuşatıcı Şakayık Ve Beyaz Çay 1440 Ml,172.0,TRY,05,0.0,0.0,0.0,0.5847953216374269
2026-04-12,temizlik,Vernel Relax Çamaşır Yumuşatıcısı 5 Lt,325.0,TRY,05,0.0,0.0,0.0,0.30864197530864196
2026-04-12,temizlik,Vileda %30 Microfiber Soft Paspas,267.0,TRY,05,0.0,28.985507246376812,28.985507246376812,30.24390243902439
2026-04-12,temizlik,Vileda 5 Li Düz Sünger,132.5,TRY,05,0.0,18.303571428571427,18.303571428571427,18.83408071748879
2026-04-12,temizlik,Vileda 5 Li Oluklu Sünger,132.5,TRY,05,0.0,18.303571428571427,18.303571428571427,18.83408071748879
2026-04-12,temizlik,Vileda Bezzy Temizlik Bezi 10 Lu,342.0,TRY,05,0.0,24.817518248175183,24.817518248175183,25.735294117647058
2026-04-12,temizlik,Vileda Bulaşık Eldiveni Küçük,176.0,TRY,05,0.0,13.548387096774196,13.548387096774196,14.285714285714285
2026-04-12,temizlik,Vileda Cam Bezi 2 Li Eko,364.0,TRY,05,0.0,17.419354838709676,17.419354838709676,18.181818181818183
2026-04-12,temizlik,Vileda Çelik Bulaşık Teli 3 Al 2 Öde,188.0,TRY,05,0.0,12.574850299401197,12.574850299401197,13.253012048192772
2026-04-12,temizlik,Vileda Çizmez Oluklu Sünger 1+1,225.0,TRY,05,0.0,18.421052631578945,18.421052631578945,19.680851063829788
2026-04-12,temizlik,Vileda Colors Çizmez 4Lu,161.0,TRY,05,0.0,14.184397163120568,14.184397163120568,15.0
2026-04-12,temizlik,Vileda Klasik Paspas 3 Al 2 Öde,540.0,TRY,05,0.0,25.0,25.0,26.168224299065418
2026-04-12,temizlik,Vileda Mikro Actifibre Temizlik Bezi 2 Li,308.0,TRY,05,0.0,15.789473684210526,15.789473684210526,16.666666666666664
2026-04-12,temizlik,Vileda Mikrofiber Bez 8 Li,342.5,TRY,05,0.0,24.545454545454547,24.545454545454547,25.457875457875456
2026-04-12,temizlik,Vileda Mikrofiber Temizlik Bezi 3Lü,172.0,TRY,05,0.0,20.701754385964914,20.701754385964914,21.554770318021202
2026-04-12,temizlik,Vileda Mikrofiber Temizlik Bezi 5 Li,193.0,TRY,05,0.0,26.973684210526315,26.973684210526315,27.81456953642384
2026-04-12,temizlik,Vileda Paspas Ekonomik Paket 2Li,419.0,TRY,05,0.0,22.157434402332363,22.157434402332363,23.235294117647058
2026-04-12,temizlik,Vileda Rainbow 10 Lu Sünger,167.0,TRY,05,0.0,22.794117647058822,22.794117647058822,23.247232472324722
2026-04-12,temizlik,Vileda Standart Büyük L Bulaşık Eldiveni,176.0,TRY,05,0.0,13.548387096774196,13.548387096774196,14.285714285714285
2026-04-12,temizlik,Vileda Standart Temizlik Eldiveni Medium Orta,176.0,TRY,05,0.0,13.548387096774196,13.548387096774196,14.285714285714285
2026-04-12,temizlik,Vileda Süper Mocio Soft Yedek Paspas,394.0,TRY,05,0.0,18.31831831831832,18.31831831831832,19.033232628398792
2026-04-12,temizlik,Vileda Temizlik Bezi 4 Lü Novolon,202.5,TRY,05,0.0,21.62162162162162,21.62162162162162,22.727272727272727
2026-04-12,temizlik,Vileda Tüy Toplayıcı 58 Yaprak,366.0,TRY,05,0.0,22.818791946308725,22.818791946308725,23.64864864864865
2026-04-12,temizlik,Vileda Ultra Parlak Sünger,74.0,TRY,05,0.0,16.535433070866144,16.535433070866144,17.46031746031746
2026-04-12,temizlik,Vileda Yeşil Düz 8 Li Bulaşık Süngeri,248.0,TRY,05,0.0,15.887850467289718,15.887850467289718,16.705882352941178
2026-04-12,temizlik,Vileda Yeşil Oluklu 8 Li Bulaşık Süngeri,248.0,TRY,05,0.0,15.887850467289718,15.887850467289718,
2026-04-12,temizlik,Vinil Pudrasız Muayene Eldiven MDR 100’lü Small,215.0,TRY,05,0.0,13.456464379947231,13.456464379947231,25.730994152046783
2026-04-12,temizlik,Yumoş Extra Hanımeli Çamaşır Yumuşatıcısı 1440 Ml,252.0,TRY,05,0.0,0.0,0.0,0.5988023952095809
2026-04-12,temizlik,Yumoş Extra Konsantre Çamaşır Yumuşatıcısı Renkliler İçin Amber 60 Yıkama 1440 Ml,237.5,TRY,05,0.0,0.0,0.0,0.6355932203389831
2026-04-12,temizlik,Yumoş Extra Lilyum Çamaşır Yumuşatıcısı 1440 Ml,252.0,TRY,05,0.0,0.0,0.0,0.5988023952095809
2026-04-12,temizlik,Yumoş Extra Orkide Çamaşır Yumuşatıcısı 1440 Ml,252.0,TRY,05,0.0,0.0,0.0,0.5988023952095809
2026-04-12,temizlik,Yumoş Jet Fresh Giysi Spreyi Yıkamadan Ferah Koku Ve Ütü Etkisi Lilyum 200 Ml,214.5,TRY,05,0.0,0.0,0.0,0.7042253521126761
2026-04-12,temizlik,Yumoş Jet Fresh Giysi Spreyi Yıkamadan Ferah Koku Ve Ütü Etkisi Orkide 200 Ml,214.5,TRY,05,0.0,0.0,0.0,
2026-04-12,temizlik,Yumoş Sıvı Deterjan Hassas Giysiler İçin İpeksi Bakım 2520 ml,242.5,TRY,05,0.0,-25.0386398763524,-25.0386398763524,-24.57231726283048
2026-04-12,temizlik,Yumoş Uzman Renk Koruma 1200 Ml,214.5,TRY,05,0.0,-6.331877729257641,-6.331877729257641,
2026-04-12,petshop,Dogbone Pres Kemik 12 Cm 3 Lü,262.0,TRY,01,0.0,0.0,0.0,0.7692307692307693
2026-04-12,petshop,Dreamies Ördekli Kedi Ödülü 60 Gr,64.0,TRY,01,0.0,0.0,0.0,0.0
2026-04-12,petshop,Dreamies Peynirli Kedi Ödülü 60 Gr,64.0,TRY,01,0.0,0.0,0.0,0.0
2026-04-12,petshop,Dreamies Somonlu Kedi Ödülü 60 Gr,64.0,TRY,01,0.0,0.0,0.0,0.0
2026-04-12,petshop,Exovit Kemirgen Yemi 500 Gr,104.5,TRY,01,0.0,0.0,0.0,0.966183574879227
2026-04-12,petshop,Exovit Muhabbet Kuşu Yemi 400 Gr,87.0,TRY,01,0.0,0.0,0.0,0.5780346820809248
2026-04-12,petshop,Exovit Paraket Yemi 500 Gr,120.0,TRY,01,0.0,0.0,0.0,0.41841004184100417
2026-04-12,petshop,Exovit Yetişkin Muhabbet Kuşu Krakeri 1000 Gr,179.5,TRY,01,0.0,0.0,0.0,0.8426966292134831
2026-04-12,petshop,Felix Avantajlı Somonlu Ton Balıklı Yaş Mama 4x85g,122.5,TRY,01,0.0,0.0,0.0,25.64102564102564
2026-04-12,petshop,Felix Çifte Lezzet Somon ve Sardalya Yetişkin Kedi Konservesi Pouch 85gr,39.0,TRY,01,0.0,0.0,0.0,23.809523809523807
2026-04-12,petshop,Felix Junior Yavru Tavuk Etli Kedi Yaş Mama 85 Gr,39.0,TRY,01,0.0,0.0,0.0,23.809523809523807
2026-04-12,petshop,Felix Kuzu Etli Yaş Kedi Maması 85 Gr,39.0,TRY,01,0.0,0.0,0.0,23.809523809523807
2026-04-12,petshop,Felix Sensation Somonlu ve Karidesli Yetişkin Kedi Konservesi Pouch 85gr,39.0,TRY,01,0.0,0.0,0.0,23.809523809523807
2026-04-12,petshop,Felix Sensation Tavuklu Havuçlu Yetişkin Kedi Konservesi Pouch 85gr,39.0,TRY,01,0.0,0.0,0.0,23.809523809523807
2026-04-12,petshop,Felix Sığır Eti Yaş Yavru Kedi Maması 85 Gr,39.0,TRY,01,0.0,0.0,0.0,23.809523809523807
2026-04-12,petshop,Felix Sığır Etli Kedi Konservesi 400 Gr,192.0,TRY,01,0.0,0.0,0.0,27.57475083056478
2026-04-12,petshop,Felix Sığır Etli ve Kümes Hayvanlı Kedi Pouch 85 gr,39.0,TRY,01,0.0,0.0,0.0,23.809523809523807
2026-04-12,petshop,Felix Sığır Etli ve Tavuklu Yaş Kedi Maması 4x85g,122.5,TRY,01,0.0,0.0,0.0,25.64102564102564
2026-04-12,petshop,Felix Sığır Etli Yaş Kedi Maması 85 Gr,39.0,TRY,01,0.0,0.0,0.0,23.809523809523807
2026-04-12,petshop,Felix Somonlu Alabalıklı Kedi Maması 400 Gr,178.5,TRY,01,0.0,0.0,0.0,0.5633802816901409
2026-04-12,petshop,Felix Somonlu Yetişkin Kedi Konservesi Pouch 85gr,39.0,TRY,01,0.0,0.0,0.0,23.809523809523807
2026-04-12,petshop,Felix Ton Balıklı Yetişkin Kedi Konservesi 85gr,39.0,TRY,01,0.0,0.0,0.0,23.809523809523807
2026-04-12,petshop,Felix Yavru Kedi Sığır Etli Tavuklu 4×85 Gr,122.5,TRY,01,0.0,0.0,0.0,25.64102564102564
2026-04-12,petshop,Freemax Kuzu Etli Kedi Maması 15 Kg,1630.0,TRY,01,0.0,0.0,0.0,2.8391167192429023
2026-04-12,petshop,Freemax Kuzu Etli Köpek Maması 15 Kg,1290.0,TRY,01,0.0,0.0,0.0,2.380952380952381
2026-04-12,petshop,Gifyy Gurme Kedi Maması 15 Kg,1770.0,TRY,01,0.0,0.0,0.0,0.5681818181818182
2026-04-12,petshop,Gifyy Kuzu Etli Köpek Maması 15 Kg,1630.0,TRY,01,0.0,0.0,0.0,0.9287925696594427
2026-04-12,petshop,Gifyy Tavuklu Kedi Maması 15 Kg,1745.0,TRY,01,0.0,0.0,0.0,0.5763688760806917
2026-04-12,petshop,Gourmet Gold Kıyılmış Sığır Etli Kedi Konservesi 85 gr (1 adet),65.5,TRY,01,0.0,0.0,0.0,10.084033613445378
2026-04-12,petshop,Gourmet Gold Kıyılmış Ton Balıklı Kedi Konservesi 85 Gr,65.5,TRY,01,0.0,0.0,0.0,11.965811965811966
2026-04-12,petshop,Gourmet Gold Tavuklu Ve Ciğerli Kedi Konservesi 85 Gr,54.0,TRY,01,0.0,0.0,0.0,-6.086956521739131
2026-04-12,petshop,Klas Bird Ballı Muhabbet Kuşu Krakeri,42.5,TRY,01,0.0,0.0,0.0,1.1904761904761905
2026-04-12,petshop,Klas Bird Meyveli Muhabbet Kuşu Krakeri,42.5,TRY,01,0.0,0.0,0.0,1.1904761904761905
2026-04-12,petshop,Pati Life Ciğerli Kedi Konservesi 415 Gr,21.5,TRY,01,0.0,0.0,0.0,0.0
2026-04-12,petshop,Pati Life Gurme Kırmızı Ve Tavuk Etli Kedi Konservesi 415 Gr,21.5,TRY,01,0.0,0.0,0.0,0.0
2026-04-12,petshop,Pati Life Kuzu Etli Köpek Konservesi 415 Gr,21.5,TRY,01,0.0,0.0,0.0,0.0
2026-04-12,petshop,Pati Life Tahılsız Biftekli Kedi Konservesi 415 Gr,21.5,TRY,01,0.0,0.0,0.0,0.0
2026-04-12,petshop,Pati Life Tahılsız Kuzu Etli Kedi Konservesi 415 Gr,21.5,TRY,01,0.0,0.0,0.0,0.0
2026-04-12,petshop,Pedigree Biftekli Köpek Konservesi 400 Gr,156.0,TRY,01,0.0,0.0,0.0,0.6451612903225806
2026-04-12,petshop,Pedigree Biscrock Köpek Ödül Maması 200 Gr,98.0,TRY,01,0.0,0.0,0.0,0.5128205128205128
2026-04-12,petshop,Pedigree Dentastix SMAll Köpek Ödül Maması 110 Gr,105.5,TRY,01,0.0,0.0,0.0,0.4761904761904762
2026-04-12,petshop,Pedigree Jumbone Mini Köpek Ödül Maması 180 Gr,105.5,TRY,01,0.0,0.0,0.0,0.4761904761904762
2026-04-12,petshop,Pedigree Markies Köpek Ödül Maması 150 Gr,105.5,TRY,01,0.0,0.0,0.0,0.4761904761904762
2026-04-12,petshop,Pedigree Tavuklu Köpek Konservesi 400 Gr,156.0,TRY,01,0.0,0.0,0.0,0.6451612903225806
2026-04-12,petshop,Pedigree Yavru Köpek Konservesi 400 Gr,156.0,TRY,01,0.0,0.0,0.0,0.6451612903225806
2026-04-12,petshop,Perfect Aktif Karbonlu Kedi Kumu 10 Lt,354.0,TRY,01,0.0,0.0,0.0,0.5681818181818182
2026-04-12,petshop,Perfect Bebek Pudrası Kokulu Kedi Kumu 10 Lt,351.0,TRY,01,0.0,0.0,0.0,0.2857142857142857
2026-04-12,petshop,Perfect Kuzu Etli Köpek Ödül Çubuğu 4 Lü 20 Gr,37.5,TRY,01,0.0,0.0,0.0,1.3513513513513513
2026-04-12,petshop,Perfect Lavanta Kokulu Kedi Kumu 10 Lt,351.0,TRY,01,0.0,0.0,0.0,0.2857142857142857
2026-04-12,petshop,Perfect Marsilya Sabun Kokulu Kedi Kumu 10 Lt,351.0,TRY,01,0.0,0.0,0.0,0.2857142857142857
2026-04-12,petshop,Pets Family Baby Powder İnce Bent. Kedi Kumu 10 Lt,416.0,TRY,01,0.0,0.0,0.0,1.2165450121654502
2026-04-12,petshop,Pets Family Balıklı Kedi Konservesi 400Gr,76.5,TRY,01,0.0,0.0,0.0,-28.169014084507044
2026-04-12,petshop,Pets Family Çiğerlı Kedi Konservesi 400 Gr,76.5,TRY,01,0.0,0.0,0.0,-28.169014084507044
2026-04-12,petshop,Pets Family Dana Etli Kedi Konservesi 400 Gr,76.5,TRY,01,0.0,0.0,0.0,-28.169014084507044
2026-04-12,petshop,Pets Family Gurme Yetişkin Kedi Maması 2500+700 Gr,607.0,TRY,01,0.0,0.0,0.0,-26.513317191283292
2026-04-12,petshop,Pets Family Kuzu Eti Yavru Kopek Maması 8+2 Kg,1195.0,TRY,01,0.0,0.0,0.0,12.206572769953052
2026-04-12,petshop,Pets Family Kuzu Eti Yetişkin Kopek Maması 8+2 Kg,1180.0,TRY,01,0.0,0.0,0.0,12.380952380952381
2026-04-12,petshop,Pets Family Marsilya Sabun İnce Bent. Kedi Kumu 5 Lt,211.0,TRY,01,0.0,0.0,0.0,1.932367149758454
2026-04-12,petshop,Pets Family Meyveli Muhabbet Kuşu Krakeri 80 Gr,29.5,TRY,01,0.0,0.0,0.0,-28.915662650602407
2026-04-12,petshop,Pets Family Muhabbet Kuş Yemi 400 Gr,46.0,TRY,01,0.0,0.0,0.0,-26.400000000000002
2026-04-12,petshop,Pets Family Naturel Kalın Bentonit Kedi Kumu 5 Lt,203.0,TRY,01,0.0,0.0,0.0,0.49504950495049505
2026-04-12,petshop,Pets Family Pouch Kısırlastırılmış Kedi Somonlu Jöle 85 Gr,29.0,TRY,01,0.0,0.0,0.0,-26.582278481012654
2026-04-12,petshop,Pets Family Pouch Yavru Kedi Tavuklu Jöleli 85 Gr,29.0,TRY,01,0.0,0.0,0.0,-27.500000000000004
2026-04-12,petshop,Pets Family Pouch Yetişkin Kedi Somonlu Jöleli 85 Gr,29.0,TRY,01,0.0,0.0,0.0,-26.582278481012654
2026-04-12,petshop,Pets Family Tavuklu Yavru Kedi Maması 400+100 Gr,121.5,TRY,01,0.0,0.0,0.0,-26.13981762917933
2026-04-12,petshop,Proff Kuzu Etli Kedi Ödül Çubukları 3 X 5 Gr,61.0,TRY,01,0.0,0.0,0.0,0.8264462809917356
2026-04-12,petshop,Proff Kuzu Etli Küçük Irk Köpek Ödül Maması 3 X 10 Gr,61.0,TRY,01,0.0,0.0,0.0,0.8264462809917356
2026-04-12,petshop,Proff Somonlu Kedi Ödül Çubukları 3 X 5 Gr,61.0,TRY,01,0.0,0.0,0.0,0.8264462809917356
2026-04-12,petshop,Purina One Kısırlaştırılmış Kedi Maması Somonlu 800 Gr,460.0,TRY,01,0.0,0.0,0.0,19.791666666666664
2026-04-12,petshop,Purina One Steril Kısırlaştırılmış Kediler İçin Sığır Etli Kedi Maması 800 Gr,460.0,TRY,01,0.0,0.0,0.0,19.791666666666664
2026-04-12,petshop,Rexy Biftekli Kedi Maması 1 Kg,211.0,TRY,01,0.0,0.0,0.0,1.932367149758454
2026-04-12,petshop,Rexy Gurme Kedi Maması 1 Kg,211.0,TRY,01,0.0,0.0,0.0,1.932367149758454
2026-04-12,petshop,Rexy Kuzu Etli Köpek Maması 15 Kg,1630.0,TRY,01,0.0,0.0,0.0,0.9287925696594427
2026-04-12,petshop,Rexy Sterilised Kısırlaştırılmış Kediler İçin Kedi Maması 1 Kg,211.0,TRY,01,0.0,0.0,0.0,1.932367149758454
2026-04-12,petshop,Rexy Tavuk Etli Yavru Kedi Maması 1 Kg,214.0,TRY,01,0.0,0.0,0.0,1.9047619047619049
2026-04-12,petshop,Rexy Tavuklu Kedi Maması 10 Kg,1530.0,TRY,01,0.0,0.0,0.0,0.6578947368421052
2026-04-12,petshop,Whiskas Balıklı Kedi Konservesi 400 Gr,154.0,TRY,01,0.0,-1.282051282051282,-1.282051282051282,-0.6451612903225806
2026-04-12,petshop,Whiskas Biftekli Havuçlu Kuru Kedi Maması 300 Gr,125.0,TRY,01,0.0,0.0,0.0,0.8064516129032258
2026-04-12,petshop,Whiskas Kuru Yavru Tavuklu Kedi Maması 300 Gr,125.0,TRY,01,0.0,0.0,0.0,0.8064516129032258
2026-04-12,ev-yasam,Alex A4 10/100Lu Renkli Fotokopi Kağıdı Krs.Alx-779,221.0,TRY,05,0.0,0.0,0.0,0.91324200913242
2026-04-12,ev-yasam,Anıtkabir Maketi DeMonte 33 Parça 29x17x6 cm,890.0,TRY,05,0.0,0.0,0.0,5.952380952380952
2026-04-12,ev-yasam,Anıtkabir Maketi Monte 29x17x6 cm,890.0,TRY,05,0.0,0.0,0.0,5.952380952380952
2026-04-12,ev-yasam,Anıtkabir Maketi Monte LED Işıklı 29x17x6 cm,1120.0,TRY,05,0.0,0.0,0.0,7.6923076923076925
2026-04-12,ev-yasam,Asrın Takım Çantası 16 İnc Asr-5028,460.0,TRY,05,0.0,0.0,0.0,0.6564551422319475
2026-04-12,ev-yasam,Bambu Tahta Karıştırıcı 500’lü Paket,57.0,TRY,05,0.0,11.76470588235294,11.76470588235294,14.000000000000002
2026-04-12,ev-yasam,Besel Raf Altı No:1 5X6,53.5,TRY,05,0.0,0.0,0.0,0.9433962264150944
2026-04-12,ev-yasam,Besel Raf Altı No:2 6*8,61.5,TRY,05,0.0,0.0,0.0,0.819672131147541
2026-04-12,ev-yasam,Besel Raf Altı No:3 7*9,69.5,TRY,05,0.0,0.0,0.0,0.7246376811594203
2026-04-12,ev-yasam,Bestchoice Katlanır Kamp Sandalyesi 1 Adet,835.0,TRY,05,0.0,0.0,0.0,1.2121212121212122
2026-04-12,ev-yasam,Bestchoice Katlanır Kamp Sandalyesi 2 Adet,1510.0,TRY,05,0.0,0.0,0.0,1.6835016835016834
2026-04-12,ev-yasam,Bozkurt Gelin Mum 24 Lü,105.0,TRY,05,0.0,0.0,0.0,0.9615384615384616
2026-04-12,ev-yasam,Bozkurt Market Mumu 10 Adet,115.0,TRY,05,0.0,0.0,0.0,0.8771929824561403
2026-04-12,ev-yasam,Bozkurt Pasta Mum 24 Lü,40.5,TRY,05,0.0,0.0,0.0,1.25
2026-04-12,ev-yasam,Cook Airfryer Pişirme Kağıdı 50’li 16 cm,296.5,TRY,05,0.0,0.0,0.0,2.0654044750430294
2026-04-12,ev-yasam,Cook Airfryer Pişirme Kağıdı XXL 25’li 20 cm,226.5,TRY,05,0.0,0.0,0.0,2.027027027027027
2026-04-12,ev-yasam,Cook Alüminyum Folyo 45 cm x 100 m,749.0,TRY,05,0.0,0.0,0.0,1.9047619047619049
2026-04-12,ev-yasam,Cook Bas – Kes Yedek Streç Film 60 M,233.0,TRY,05,0.0,0.0,0.0,0.6479481641468683
2026-04-12,ev-yasam,Cook Bas & Kes Streç Kesici 30 m,644.0,TRY,05,0.0,0.0,0.0,2.0602218700475436
2026-04-12,ev-yasam,Cook Battal Boy Çöp Torbası 72X95Cm 7 Li,134.5,TRY,05,0.0,0.0,0.0,0.7490636704119851
2026-04-12,ev-yasam,Cook Buzdolabı Poşet Orta Boy 24X38 Cm,66.0,TRY,05,0.0,0.0,0.0,0.7633587786259541
2026-04-12,ev-yasam,Cook Buzdolabı Poşeti Büyük Boy 3+1 30X45 Cm,117.0,TRY,05,0.0,-38.7434554973822,-38.7434554973822,-38.421052631578945
2026-04-12,ev-yasam,Cook Buzdolabı Poşeti Büyük Boy 30X45 Cm,68.5,TRY,05,0.0,0.0,0.0,0.7352941176470588
2026-04-12,ev-yasam,Cook Buzdolabı Poşeti Küçük Boy 3+1 20X30 Cm,117.0,TRY,05,0.0,-38.7434554973822,-38.7434554973822,-38.421052631578945
2026-04-12,ev-yasam,Cook Buzdolabı Poşeti Orta Boy 4 Lü,117.0,TRY,05,0.0,-38.7434554973822,-38.7434554973822,-38.421052631578945
2026-04-12,ev-yasam,Cook Çöp Poşeti Büyük Boy Kavun Kokulu,92.5,TRY,05,0.0,0.0,0.0,0.5434782608695652
2026-04-12,ev-yasam,Cook Çöp Poşeti Jumbo Ulstra Dayanıklı,388.5,TRY,05,0.0,0.0,0.0,0.7782101167315175
2026-04-12,ev-yasam,Cook Çöp Torbası Bahar Kokulu Küçük Boy,92.5,TRY,05,0.0,0.0,0.0,0.5434782608695652
2026-04-12,ev-yasam,Cook Çöp Torbası Büyük Boy 7 Li Eko,77.5,TRY,05,0.0,0.0,0.0,0.6493506493506493
2026-04-12,ev-yasam,Cook Çöp Torbası Büzgülü Çilek Kokulu Büyük Boy,189.0,TRY,05,0.0,0.0,0.0,0.8
2026-04-12,ev-yasam,Cook Çöp Torbası Büzgülü Limon Kokulu 65X70 Cm,189.0,TRY,05,0.0,0.0,0.0,0.8
2026-04-12,ev-yasam,Cook Çöp Torbası Elma Kokulu Orta Boy,92.5,TRY,05,0.0,0.0,0.0,0.5434782608695652
2026-04-12,ev-yasam,Cook Çöp Torbası Jumbo Boy Ekonomik 80×110 cm 10 Yaprak,193.0,TRY,05,0.0,0.0,0.0,0.7832898172323759
2026-04-12,ev-yasam,Cook Çöp Torbası Jumbo Boy Profesyonel,249.0,TRY,05,0.0,0.0,0.0,0.6060606060606061
2026-04-12,ev-yasam,Cook Çöp Torbası Küçük Boy Ekonomik,76.0,TRY,05,0.0,0.0,0.0,1.3333333333333335
2026-04-12,ev-yasam,Cook Çöp Torbası Orta Boy Ekonomik,74.5,TRY,05,0.0,0.0,0.0,
2026-04-12,ev-yasam,Cook Kendinden Kesilmiş Pişirme Kağıdı,96.5,TRY,05,0.0,0.0,0.0,0.5208333333333333
2026-04-12,ev-yasam,Cook Kilitli Buz Torbası,89.5,TRY,05,0.0,0.0,0.0,0.5617977528089888
2026-04-12,ev-yasam,Cook Kilitli Buzdolabı Poşeti 19X25 Cm,115.0,TRY,05,0.0,0.0,0.0,0.8771929824561403
2026-04-12,ev-yasam,Cook Yağlı Pişirme Kağıdı 16 Adet,111.0,TRY,05,0.0,-33.532934131736525,-33.532934131736525,-32.72727272727273
2026-04-12,ev-yasam,Deppo Mutfak Plus Jumbo Boy Çöp Torbası 80×110 cm 30’lu Paket x 1 Rulo,139.0,TRY,05,0.0,0.0,0.0,15.833333333333332
2026-04-12,ev-yasam,Deppo Mutfak Plus Jumbo Boy Çöp Torbası 80×110 cm 30’lu Paket x 10 Rulo,1326.0,TRY,05,0.0,0.0,0.0,15.505226480836237
2026-04-12,ev-yasam,Duracell Basic İnce Kalem Pil 6’lı AAA,308.0,TRY,05,0.0,0.0,0.0,0.6535947712418301
2026-04-12,ev-yasam,Duracell Lityum 2032 Pil 2’Li,169.0,TRY,05,0.0,0.0,0.0,0.8955223880597015
2026-04-12,ev-yasam,Duracell Orta Boy C Boy Pil 2 Lı,354.5,TRY,05,0.0,0.0,0.0,0.7102272727272727
2026-04-12,ev-yasam,Duracell Şarj Edilebilir AAA 750 mAh Piller,468.5,TRY,05,0.0,0.0,0.0,2.1810250817884405
2026-04-12,ev-yasam,Duracell Turbo Max 9V Pil,330.0,TRY,05,0.0,0.0,0.0,0.7633587786259541
2026-04-12,ev-yasam,Earloop Lastik Halkalı Elyaf Kolluk 50’li,87.0,TRY,05,0.0,45.0,45.0,47.45762711864407
2026-04-12,ev-yasam,Ebrayn Buz Çözücü 500Ml,70.5,TRY,05,0.0,0.0,0.0,0.7142857142857143
2026-04-12,ev-yasam,Ebrayn Jant Temizleyici 500 Ml,91.5,TRY,05,0.0,7.647058823529412,7.647058823529412,8.284023668639055
2026-04-12,ev-yasam,Ebrayn Motor Yağ Kir Temizleyici 500 Ml,91.5,TRY,05,0.0,7.647058823529412,7.647058823529412,8.284023668639055
2026-04-12,ev-yasam,Ebrayn Oto Şampuanı Lux 1000Ml,100.0,TRY,05,0.0,21.21212121212121,21.21212121212121,21.951219512195124
2026-04-12,ev-yasam,Ebrayn Torpido Parlatıcı 500 Ml,128.0,TRY,05,0.0,18.51851851851852,18.51851851851852,19.626168224299064
2026-04-12,ev-yasam,"El Boyaması Kuş Detaylı Dekoratif Polyester Tabak – Şekerlik & Zarif Hediyelik 31x22x7,5 cm",975.0,TRY,05,0.0,0.0,0.0,0.5154639175257731
2026-04-12,ev-yasam,Faber Castell 12 Renk Keçeli Kalem,194.5,TRY,05,0.0,0.0,0.0,0.7772020725388601
2026-04-12,ev-yasam,Faber Castell Plastik Çantalı Tutuculu Pastel Boya 24 Renk,425.5,TRY,05,0.0,0.0,0.0,2.902055622732769
2026-04-12,ev-yasam,Faber-Castell 12’li Tam Boy Üçgen Kuru Boya Kalemi 113313,294.0,TRY,05,0.0,0.0,0.0,2.083333333333333
2026-04-12,ev-yasam,Faber-Castell 24 Renk Metal Tüp Kuru Boya Kalemi,440.0,TRY,05,0.0,0.0,0.0,2.923976608187134
2026-04-12,ev-yasam,Faber-Castell 36 Renk Tüp Kuru Boya Kalemi,586.5,TRY,05,0.0,0.0,0.0,2.8947368421052633
2026-04-12,ev-yasam,Faber-Castell Karton Kutu Boya Kalemi 24 Renk,323.5,TRY,05,0.0,0.0,0.0,3.0254777070063694
2026-04-12,ev-yasam,Faber-Castell Karton Kutu Pastel Boya 12 Renk,191.0,TRY,05,0.0,0.0,0.0,0.79155672823219
2026-04-12,ev-yasam,Faber-Castell Keçeli Boya Kalemi 6’lı Poşet,114.5,TRY,05,0.0,0.0,0.0,0.43859649122807015
2026-04-12,ev-yasam,Faber-Castell Keçeli Kalem 20 Renk Yıkanabilir,420.0,TRY,05,0.0,0.0,0.0,-1.8691588785046727
2026-04-12,ev-yasam,Faber-Castell Küçük Hazneli Suluboya 12 Renk,176.0,TRY,05,0.0,0.0,0.0,0.5714285714285714
2026-04-12,ev-yasam,Faber-Castell Parmak Boyası 6 Renk 25 ml 1 Paket 6 Lı Parmak Boya,235.5,TRY,05,0.0,0.0,0.0,0.641025641025641
2026-04-12,ev-yasam,Faber-Castell Pastel Boya 18 Renk Redline Karton Kutu,264.0,TRY,05,0.0,0.0,0.0,2.923976608187134
2026-04-12,ev-yasam,Faber-Castell Suluboya 21 Renk Redline Büyük Boy,482.0,TRY,05,0.0,0.0,0.0,-8.625592417061611
2026-04-12,ev-yasam,Flora 004 Camsil 34Cm,77.0,TRY,05,0.0,0.0,0.0,0.6535947712418301
2026-04-12,ev-yasam,Flora 166 Oto Fırça,84.5,TRY,05,0.0,0.0,0.0,0.5952380952380952
2026-04-12,ev-yasam,Flora 167 Oto Fırça,107.5,TRY,05,0.0,0.0,0.0,0.9389671361502347
2026-04-12,ev-yasam,Flora 389 Deterjan Hazneli Bulaşık Fırçası,121.5,TRY,05,0.0,0.0,0.0,0.4132231404958678
2026-04-12,ev-yasam,Globox Bant 66Mt,26.5,TRY,05,0.0,0.0,0.0,1.9230769230769231
2026-04-12,ev-yasam,İdeal Buzdolabı Poşeti Küçük Boy 20X30 Cm 35 Li,67.0,TRY,05,0.0,0.0,0.0,0.7518796992481203
2026-04-12,ev-yasam,İdeal Buzdolabı Poşeti Orta Boy 20Li Paket,94.5,TRY,05,0.0,0.0,0.0,1.06951871657754
2026-04-12,ev-yasam,İdeal Büzgülü Çöp Torbası Orta Boy Portakal Kokulu,56.5,TRY,05,0.0,0.0,0.0,0.8928571428571428
2026-04-12,ev-yasam,İdeal Streç Film 30 Cm X 10 M,28.5,TRY,05,0.0,,,
2026-04-12,ev-yasam,Kavanoz Kapağı 100 adet,542.0,TRY,05,0.0,0.0,0.0,1.784037558685446
2026-04-12,ev-yasam,Kavanoz Kapağı 20 adet,123.5,TRY,05,0.0,0.0,0.0,1.646090534979424
2026-04-12,ev-yasam,Kavanoz Kapağı 50 adet,263.5,TRY,05,0.0,0.0,0.0,1.7374517374517375
2026-04-12,ev-yasam,Koroplast Alüminyum Folyo 8 Metre,163.5,TRY,05,0.0,0.0,0.0,0.6153846153846154
2026-04-12,ev-yasam,Koroplast Buzdolabı Poşeti Büyük 30 X 45 25 Adet,61.5,TRY,05,0.0,0.0,0.0,0.819672131147541
2026-04-12,ev-yasam,Koroplast Buzdolabı Poşeti Büyük Boy 30X45 4 Al 3 Öde,119.5,TRY,05,0.0,-5.158730158730158,-5.158730158730158,12.206572769953052
2026-04-12,ev-yasam,Koroplast Buzdolabı Poşeti Küçük 40 Lı 20X30 Cm,60.5,TRY,05,0.0,0.0,0.0,0.8333333333333334
2026-04-12,ev-yasam,Koroplast Buzdolabı Poşeti Küçük Boy 20X30 4 Al 3 Öde,120.0,TRY,05,0.0,-5.511811023622047,-5.511811023622047,12.149532710280374
2026-04-12,ev-yasam,Koroplast Buzdolabı Poşeti Orta 24X38 Cm 4 Al 3 Öde,120.0,TRY,05,0.0,-5.511811023622047,-5.511811023622047,12.149532710280374
2026-04-12,ev-yasam,Koroplast Çöp Poşeti Büzgülü Çilek Kokulu Orta Boy,170.0,TRY,05,0.0,0.0,0.0,0.8902077151335311
2026-04-12,ev-yasam,Koroplast Çöp Poşeti Büzgülü Limon Kokulu Orta Boy,170.0,TRY,05,0.0,0.0,0.0,0.8902077151335311
2026-04-12,ev-yasam,Koroplast Çöp Poşeti Mini Boy Ekonomik,63.0,TRY,05,0.0,0.0,0.0,0.8
2026-04-12,ev-yasam,Koroplast Çöp Torbası Büyük Boy,52.0,TRY,05,0.0,0.0,0.0,0.0
2026-04-12,ev-yasam,Koroplast Çöp Torbası Ekstra Dayanıklı Çilek Büzgülü Büyük Boy 10 Lu,170.0,TRY,05,0.0,0.0,0.0,0.8902077151335311
2026-04-12,ev-yasam,Koroplast Çöp Torbası Jumbo Boy 80 cm x 110 cm Mavi 7’li Paket,163.5,TRY,05,0.0,0.0,0.0,0.6153846153846154
2026-04-12,ev-yasam,Koroplast Çöp Torbası Limon Büzgülü Büyük Boy 10 Lu,170.0,TRY,05,0.0,0.0,0.0,0.8902077151335311
2026-04-12,ev-yasam,Koroplast Çöp Torbası Orta Boy Ekonomik,62.0,TRY,05,0.0,0.0,0.0,0.8130081300813009
2026-04-12,ev-yasam,Koroplast Fırın Torbası Büyük Boy,37.0,TRY,05,0.0,,,
2026-04-12,ev-yasam,Koroplast Fırın Torbası Büyük Boy 8 Adet,74.0,TRY,05,0.0,-5.128205128205128,-5.128205128205128,-4.516129032258064
2026-04-12,ev-yasam,Koroplast Kilitli Poşet Büyük Boy 26X28 Cm 10 Lu,103.0,TRY,05,0.0,0.0,0.0,0.9803921568627451
2026-04-12,ev-yasam,Koroplast Orta Boy Buzdolabı Poşeti 24 X 38 Cm 30 Adet,48.5,TRY,05,0.0,-12.612612612612612,-12.612612612612612,-11.818181818181818
2026-04-12,ev-yasam,Koroplast Pişirme Kağıdı Kesilmiş Profesyonel,104.0,TRY,05,0.0,-22.09737827715356,-22.09737827715356,-21.50943396226415
2026-04-12,ev-yasam,Koroplast Saklama Poşeti Orta Boy 120 Adet,94.5,TRY,05,0.0,0.0,0.0,2.1621621621621623
2026-04-12,ev-yasam,Koroplast Sar Pişir 12 Yapraklı,198.0,TRY,05,0.0,0.0,0.0,0.7633587786259541
2026-04-12,ev-yasam,Koroplast Streç Film 30 cm 100 Metre,399.5,TRY,05,0.0,0.0,0.0,0.7566204287515763
2026-04-12,ev-yasam,Koroplast Streç Film 30 Cm X 15 Metre,113.5,TRY,05,0.0,0.0,0.0,0.8888888888888888
2026-04-12,ev-yasam,Koroplast Streç Film 30 Cm X 33 Metre,187.0,TRY,05,0.0,0.0,0.0,0.5376344086021506
2026-04-12,ev-yasam,Koroplast Vanilya Kokulu Büzgülü Çöp Torbası Büyük Boy,132.0,TRY,05,0.0,0.0,0.0,0.38022813688212925
2026-04-12,ev-yasam,Koroplast Vanilya Kokulu Büzgülü Çöp Torbası Orta Boy,132.0,TRY,05,0.0,0.0,0.0,0.38022813688212925
2026-04-12,ev-yasam,Mack MCB-002 Termos Sıcak/soğuk Çanta Kırmızı 30.5 Litre,347.5,TRY,05,0.0,0.0,0.0,0.5788712011577424
2026-04-12,ev-yasam,Macro Max Airfryer Pişirme Kağıdı 16 cm 20 adet,129.0,TRY,05,0.0,0.0,0.0,2.380952380952381
2026-04-12,ev-yasam,Macromax Alüminyum Folyo 10 Mt,155.7,TRY,05,0.0,0.0,0.0,6.6438356164383485
2026-04-12,ev-yasam,Mina Pack Kürdan Jelatinli 200 Adet,52.5,TRY,05,0.0,22.093023255813954,22.093023255813954,25.0
2026-04-12,ev-yasam,Nazarlık Göz Biblosu Eskitme Özel Tasarım Dekoratif Obje,695.0,TRY,05,0.0,0.0,0.0,0.7246376811594203
2026-04-12,ev-yasam,NEFFES Hava Kalitesi Ölçüm Cihazı NFS-AirQM,3700.0,TRY,05,0.0,2.7777777777777777,2.7777777777777777,25.850340136054424
2026-04-12,ev-yasam,NEFFES Hava Temizleme Cihazı NFS-400U,32500.0,TRY,05,0.0,9.060402684563758,9.060402684563758,12.068965517241379
2026-04-12,ev-yasam,Niceplast Galoş – 100’lü,93.5,TRY,05,0.0,24.666666666666668,24.666666666666668,27.2108843537415
2026-04-12,ev-yasam,Niceplast Kağıt Pipet Sargılı 200’lü,27.0,TRY,05,0.0,25.581395348837212,25.581395348837212,28.57142857142857
2026-04-12,ev-yasam,Niceplast Kilitli Torba 9×11 cm 100’lü,45.5,TRY,05,0.0,68.51851851851852,68.51851851851852,71.69811320754717
2026-04-12,ev-yasam,Niceplast Kristal Plastik Çatal 50 ‘li,38.5,TRY,05,0.0,11.594202898550725,11.594202898550725,13.23529411764706
2026-04-12,ev-yasam,Niceplast Lastik Halkalı Kullan At Bone 100 Adet,101.0,TRY,05,0.0,21.686746987951807,21.686746987951807,23.92638036809816
2026-04-12,ev-yasam,Niceplast Pipet 100’lü,33.5,TRY,05,0.0,48.888888888888886,48.888888888888886,52.27272727272727
2026-04-12,ev-yasam,OOOH SUPER READERS Odaklan Oyna Oku Okul Öncesi Hızlı Okuma Oyun Seti,1490.0,TRY,05,0.0,-12.352941176470589,-12.352941176470589,-12.352941176470589
2026-04-12,ev-yasam,Orbus 5W Led E14 Ampul Sarı,89.0,TRY,05,0.0,0.0,0.0,29.927007299270077
2026-04-12,ev-yasam,Orbus Ampul 9W Led Beyaz E27,74.0,TRY,05,0.0,0.0,0.0,10.44776119402985
2026-04-12,ev-yasam,Parla Endüstriyel Çöp Torbası Battal Boy (75×90 cm | 70 Lt) 30’lu x 1 Rulo,90.0,TRY,05,0.0,0.0,0.0,-2.7027027027027026
2026-04-12,ev-yasam,Parla Endüstriyel Çöp Torbası Battal Boy (75×90 cm | 70 Lt) 30’lu x 10 Rulo,900.0,TRY,05,0.0,0.0,0.0,-2.7027027027027026
2026-04-12,ev-yasam,Parla Endüstriyel Çöp Torbası Jumbo Boy (80×110 cm | 90 lt) 30 Yaprak x 1 Rulo,129.0,TRY,05,0.0,0.0,0.0,-5.147058823529411
2026-04-12,ev-yasam,Parla Endüstriyel Çöp Torbası Jumbo Boy (80×110 cm | 90 lt) 30 Yaprak x 10 Rulo,1230.0,TRY,05,0.0,0.0,0.0,-5.747126436781609
2026-04-12,ev-yasam,Pilli LED Işıklı Mum Sarı Işık 1 adet,27.0,TRY,05,0.0,0.0,0.0,3.8461538461538463
2026-04-12,ev-yasam,Pilli LED Işıklı Mum Sarı Işık 10 adet,234.0,TRY,05,0.0,0.0,0.0,2.631578947368421
2026-04-12,ev-yasam,Pilli LED Işıklı Mum Sarı Işık 100 adet,1965.0,TRY,05,0.0,0.0,0.0,2.8795811518324608
2026-04-12,ev-yasam,Pilli LED Işıklı Mum Sarı Işık 1000 adet,18230.0,TRY,05,0.0,0.0,0.0,3.4619750283768442
2026-04-12,ev-yasam,Pilli LED Işıklı Mum Sarı Işık 24 adet,525.0,TRY,05,0.0,0.0,0.0,2.5390625
2026-04-12,ev-yasam,Pilli LED Işıklı Mum Sarı Işık 50 adet,1025.0,TRY,05,0.0,0.0,0.0,2.5
2026-04-12,ev-yasam,Plastik Karıştırıcı Çubuk 500 ‘lü,67.0,TRY,05,0.0,10.743801652892563,10.743801652892563,13.559322033898304
2026-04-12,ev-yasam,"Polyester Lotus Çiçeği Dekoratif Şık ve Çok Yönlü Tasarım 18,5×18,5 cm",595.0,TRY,05,0.0,0.0,0.0,0.847457627118644
2026-04-12,ev-yasam,Sera Alüminyum Folyo 8 Metre,110.0,TRY,05,0.0,-13.725490196078432,-13.725490196078432,-12.0
2026-04-12,ev-yasam,Sera Buzdolabı Poşeti Büyük 30X45,48.0,TRY,05,0.0,-12.727272727272727,-12.727272727272727,-11.926605504587156
2026-04-12,ev-yasam,Sera Buzdolabı Poşeti Küçük 20X30,45.0,TRY,05,0.0,-12.62135922330097,-12.62135922330097,-11.76470588235294
2026-04-12,ev-yasam,Sera Buzdolabı Poşeti Orta Boy 4 Al 3 Öde,88.5,TRY,05,0.0,13.461538461538462,13.461538461538462,14.193548387096774
2026-04-12,ev-yasam,Sera Büzgülü Çöp Torbası Büyük Boy 65 x 70 cm 15 Adet,112.0,TRY,05,0.0,-13.513513513513514,-13.513513513513514,-12.840466926070038
2026-04-12,ev-yasam,Sera Çöp Torbası Büzgülü Limon Kokulu Orta Boy,129.0,TRY,05,0.0,0.0,0.0,0.78125
2026-04-12,ev-yasam,Sera Çöp Torbası Büzgülü Nergis Kokulu Büyük Boy,98.5,TRY,05,0.0,0.0,0.0,1.0256410256410255
2026-04-12,ev-yasam,Sera Çöp Torbası Büzgülü Nergis Kokulu Orta Boy,98.5,TRY,05,0.0,0.0,0.0,1.0256410256410255
2026-04-12,ev-yasam,Sera Çöp Torbası Büzgülü Vanilya Kokulu Orta Boy,110.5,TRY,05,0.0,0.0,0.0,0.91324200913242
2026-04-12,ev-yasam,Sera Çöp Torbası Normal Battal Boy,140.0,TRY,05,0.0,0.0,0.0,0.7194244604316548
2026-04-12,ev-yasam,Sera Hazır Kesilmiş Pişirme Kağıdı 16 Lı,101.5,TRY,05,0.0,-14.705882352941178,-14.705882352941178,-14.345991561181433
2026-04-12,ev-yasam,Sera Pişirme Kağıdı 10’lu,69.0,TRY,05,0.0,-13.20754716981132,-13.20754716981132,-11.538461538461538
2026-04-12,ev-yasam,Sera Pişirme Kağıdı 50 Metre 37 cm,340.0,TRY,05,0.0,,,8.626198083067091
2026-04-12,ev-yasam,Sera Streç Film 30 cm 165 Metre,363.0,TRY,05,0.0,8.682634730538922,8.682634730538922,10.670731707317072
2026-04-12,ev-yasam,Sera Streç Film 33 Metre,93.0,TRY,05,0.0,-22.5,-22.5,-21.84873949579832
2026-04-12,ev-yasam,Sera Streç Film 50 Metre,159.0,TRY,05,0.0,-14.973262032085561,-14.973262032085561,-14.516129032258066
2026-04-12,ev-yasam,Sera Streç Film Kutulu Ekonomik 30 Cm X 170 Metre,215.5,TRY,05,0.0,-10.950413223140496,-10.950413223140496,-9.071729957805907
2026-04-12,ev-yasam,Sera Streç Film Kutulu Ekonomik 30 Cm X 300 M 8 Mikron,417.0,TRY,05,0.0,7.474226804123711,7.474226804123711,9.448818897637794
2026-04-12,ev-yasam,Sera Streç Film Kutulu Ekonomik 45 Cm X 170 Mt 9 Mikron,338.5,TRY,05,0.0,-10.686015831134563,-10.686015831134563,-8.882907133243608
2026-04-12,ev-yasam,Sera Streç Film Kutulu Ekonomik 45Cm X 300M 8 Mikron,603.0,TRY,05,0.0,12.5,12.5,14.638783269961978
2026-04-12,ev-yasam,"Soyut Heykelcik Seti – Ev, Ofis, Kitaplık ve Masaüstü Dekoratif Süs, Doğum Günü Hediyesi Beyaz Renk 3’lü set",375.0,TRY,05,0.0,0.0,0.0,1.3513513513513513
2026-04-12,ev-yasam,"Soyut Heykelcik Seti – Ev, Ofis, Kitaplık ve Masaüstü Dekoratif Süs, Doğum Günü Hediyesi Siyah Renk 3’lü set",375.0,TRY,05,0.0,0.0,0.0,1.3513513513513513
2026-04-12,ev-yasam,Tekno Termal Pos Rulo Kağıdı 10 Lu 56 x 15 Cm,104.5,TRY,05,0.0,0.0,0.0,0.966183574879227
2026-04-12,ev-yasam,Vege Aslan 100 mt Koli Bandı,108.5,TRY,05,0.0,37.34177215189873,37.34177215189873,38.21656050955414
2026-04-12,ev-yasam,VeGe Copier Bond A4 Fotokopi Kağıdı 80 Gr 500 ‘Lü (1 Paket),260.0,TRY,05,0.0,2.766798418972332,2.766798418972332,15.555555555555555
2026-04-12,ev-yasam,VeGe Copier Bond A5 Fotokopi Kağıdı 1000 Li,338.0,TRY,05,0.0,0.0,0.0,0.5952380952380952
2026-04-12,ev-yasam,Vege Koli Bandı 45cm x 40mt,76.0,TRY,05,0.0,55.10204081632652,55.10204081632652,289.7435897435897
2026-04-12,ev-yasam,Watsonix 4Lu Kalem Pil AA,30.5,TRY,05,0.0,0.0,0.0,10.909090909090908
2026-04-12,ev-yasam,Wattsonix AAA Pil 4’Lü İnce Pil,30.5,TRY,05,0.0,0.0,0.0,10.909090909090908
2026-04-12,ev-yasam,Wurth Balata Spreyi 500Ml,426.0,TRY,05,0.0,23.121387283236995,23.121387283236995,24.198250728862973
2026-04-12,ev-yasam,Wurth Cam Temizleme Sabunu 32Ml,80.0,TRY,05,0.0,5.263157894736842,5.263157894736842,5.960264900662252
2026-04-12,ev-yasam,Wurth Dizel Enjektör Temizleyici 300Ml,964.0,TRY,05,0.0,8.314606741573034,8.314606741573034,9.049773755656108
2026-04-12,ev-yasam,Wurth Motor Temizleyici Susuz 500Ml,721.0,TRY,05,0.0,13.722397476340694,13.722397476340694,14.626391096979333
2026-04-12,ev-yasam,Wurth Silikon Sprey 500Ml,735.0,TRY,05,0.0,0.0,0.0,0.823045267489712
2026-04-12,ev-yasam,Wurth Yağmur Kaydırıcı 150Ml,149.0,TRY,05,0.0,0.0,0.0,0.6756756756756757
2026-04-12,ev-yasam,Deppo Battal Boy Çöp Torbası 75×90 cm 30’lu Paket x 1 Rulo,124.0,TRY,05,0.0,0.0,0.0,18.095238095238095
2026-04-12,ev-yasam,Deppo Battal Boy Çöp Torbası 75×90 cm 30’lu Paket x 10 Rulo,1190.0,TRY,05,0.0,0.0,0.0,17.357001972386588
