product_name,kategori,price
Ananas Adet,Meyve ve Sebze,"152,90"
Armut Deveci - 500 Gr.,Meyve ve Sebze,"62,95"
Armut Santa Maria - 500 Gr.,Meyve ve Sebze,"79,95"
Avokado Adet,Meyve ve Sebze,"105,90"
Ayva - 500 Gr.,Meyve ve Sebze,"134,95"
Bakla Taze - 500 Gr.,Meyve ve Sebze,"94,95"
Bal Kabağı - 500 Gr.,Meyve ve Sebze,"27,45"
Biber California - 500 Gr.,Meyve ve Sebze,"87,45"
Biber Dolmalık - 500 Gr.,Meyve ve Sebze,"69,95"
Biber Kırmızı - 500 Gr.,Meyve ve Sebze,"59,95"
Biber Kırmızı Şili Acı - 500 Gr.,Meyve ve Sebze,"77,95"
Biber Köy - 500 Gr.,Meyve ve Sebze,"84,95"
Biber Tatlı - 500 Gr.,Meyve ve Sebze,"52,45"
Çilek - 500 Gr.,Meyve ve Sebze,"149,95"
Dereotu Demet,Meyve ve Sebze,"9,90"
Domates - 500 Gr.,Meyve ve Sebze,"32,95"
Domates Cherry - 500 Gr.,Meyve ve Sebze,"47,45"
Domates Pembe - 500 Gr.,Meyve ve Sebze,"52,45"
Domates Salkım - 500 Gr.,Meyve ve Sebze,"34,95"
Elma Golden - 500 Gr.,Meyve ve Sebze,"74,95"
Elma Granny Smith - 500 Gr.,Meyve ve Sebze,"89,95"
Elma Starking - 500 Gr.,Meyve ve Sebze,"69,95"
Greyfurt - 500 Gr.,Meyve ve Sebze,"32,45"
Havuç - 500 Gr.,Meyve ve Sebze,"16,45"
Hindistan Cevizi,Meyve ve Sebze,"122,90"
Ispanak - 500 Gr.,Meyve ve Sebze,"32,95"
Kabak - 500 Gr.,Meyve ve Sebze,"72,45"
Karnabahar - 2 Kg.,Meyve ve Sebze,"79,80"
Kereviz - 750 Gr.,Meyve ve Sebze,"35,93"
Kestane - 500 Gr.,Meyve ve Sebze,"199,95"
Kivi - 500 Gr.,Meyve ve Sebze,"89,95"
Kumkuat - 500 Gr.,Meyve ve Sebze,"89,95"
"Lahana - 2,5 Kg.",Meyve ve Sebze,"49,75"
"Lahana Kırmızı - 1,5 Kg.",Meyve ve Sebze,"50,85"
Limon - 500 Gr.,Meyve ve Sebze,"64,95"
Manav Erüst Atıştırmalık Domates 250 Gr,Meyve ve Sebze,"72,90"
Manav Erüst Mini Havuç 250 Gr,Meyve ve Sebze,"199,90"
Manav Erüst Rozmarin Biberiye 25 Gr,Meyve ve Sebze,"149,90"
Manav Verita Avokado Adet,Meyve ve Sebze,"114,90"
Manav Verita Çarkıfelek 3'lü Paket,Meyve ve Sebze,"199,90"
Manav Verita Doğranmış Hindistan Cevizi 200 Gr,Meyve ve Sebze,"174,90"
Manav Verita Ejder Meyvesi Tekli Paket,Meyve ve Sebze,"324,90"
Manav Verita Mango Paket,Meyve ve Sebze,"154,90"
Manav Verita Zencefil 250 Gr,Meyve ve Sebze,"94,90"
Manav Zerdeçal 100 Gr (Paket),Meyve ve Sebze,"64,90"
Mango Adet,Meyve ve Sebze,"99,90"
Mantar Paket 400 Gr,Meyve ve Sebze,"84,90"
Marul Adet,Meyve ve Sebze,"79,90"
Marul Iceberg Adet,Meyve ve Sebze,"94,90"
Marul Kıvırcık Adet,Meyve ve Sebze,"79,90"
Maydanoz Demet,Meyve ve Sebze,"9,90"
Muz İthal - 500 Gr.,Meyve ve Sebze,"72,45"
Muz Yerli - 500 Gr.,Meyve ve Sebze,"54,95"
Nar - 500 Gr.,Meyve ve Sebze,"79,95"
Pancar - 500 Gr.,Meyve ve Sebze,"32,95"
Patates - 500 Gr.,Meyve ve Sebze,"14,95"
Patlıcan - 500 Gr.,Meyve ve Sebze,"69,95"
Pazı Demet,Meyve ve Sebze,"29,90"
Pepita Taze Yaban Mersini 125 Gr,Meyve ve Sebze,"144,90"
Pırasa - 500 Gr.,Meyve ve Sebze,"21,45"
Portakal - 500 Gr.,Meyve ve Sebze,"29,95"
Portakal Sıkmalık - 500 Gr.,Meyve ve Sebze,"22,45"
Roka Demet,Meyve ve Sebze,"9,90"
Salatalık - 500 Gr.,Meyve ve Sebze,"67,45"
Salatalık Silör - 500 Gr.,Meyve ve Sebze,"87,45"
Sarımsak Paket 250 Gr,Meyve ve Sebze,"114,90"
Soğan Beyaz - 500 Gr.,Meyve ve Sebze,"32,95"
Soğan Kuru - 500 Gr.,Meyve ve Sebze,"8,45"
Soğan Taze - 500 Gr.,Meyve ve Sebze,"52,45"
Tere Demet,Meyve ve Sebze,"9,90"
Turp Beyaz - 500 Gr.,Meyve ve Sebze,"17,45"
Turp Kırmızı - 500 Gr.,Meyve ve Sebze,"17,45"
Turp Küçük Demet Adet,Meyve ve Sebze,"42,90"
Verita Lime 3' lü Paket,Meyve ve Sebze,"109,90"
Verita Yaban Mersini 125 Gr,Meyve ve Sebze,"239,90"
Yer Elması - 500 Gr.,Meyve ve Sebze,"44,95"
Zencefil - 500 Gr.,Meyve ve Sebze,"142,45"
Akdeniz Toros Bütün Piliç (Donuk Olarak Satılır) - 2 Kg.,Et ve Tavuk,"479,80"
Akdeniz Toros Dana Burger 360 Gr,Et ve Tavuk,"569,90"
Akdeniz Toros Dana kangal Sucuk (Acısız) 200 Gr,Et ve Tavuk,"349,90"
Akdeniz Toros Gezen Tavuk Bütün (Donuk Olarak Satılır) - 2 Kg.,Et ve Tavuk,"599,80"
Akdeniz Toros Kıyma Döner (Pişmiş) 250 Gr (Donuk Olarak Satılır),Et ve Tavuk,"429,90"
Akdeniz Toros Piliç Baget (Donuk Olarak Satılır) - 1 Kg.,Et ve Tavuk,"279,90"
Akdeniz Toros Piliç Bonfile (Donuk Olarak Satılır) - 1 Kg.,Et ve Tavuk,"439,90"
Akdeniz Toros Piliç But (Donuk Olarak Satılır) - 1 Kg.,Et ve Tavuk,"229,90"
Akdeniz Toros Piliç Kanat (Donuk Olarak Satılır) - 1 Kg.,Et ve Tavuk,"479,90"
Akdeniz Toros Piliç Kangal Sucuk 250 Gr,Et ve Tavuk,"189,90"
Akdeniz Toros Piliç Nuggut 500 Gr,Et ve Tavuk,"279,90"
Akdeniz Toros Tavuk Döner (Pişmiş) 250 Gr (Donuk Olarak Satılır),Et ve Tavuk,"189,90"
Apikoğlu Dana Antrikot Pastırma 70 Gr,Et ve Tavuk,"199,90"
Apikoğlu Dana Çemeni Sıyrılmış Pastırma 90 GR,Et ve Tavuk,"535,00"
Apikoğlu Dana Kangal Sucuk - 500 Gr.,Et ve Tavuk,"1.199,50"
Apikoğlu Dana Parmak Sucuk - 500 Gr.,Et ve Tavuk,"1.199,50"
Apikoğlu Kurutulmuş Dana Füme Et 100 GR,Et ve Tavuk,"569,00"
Bolca Hindi Bonfile - 1 Kg.,Et ve Tavuk,"439,90"
Bolca Tabaklı Alt But Kemiksiz Hindi - 1 Kg.,Et ve Tavuk,"439,90"
Çapanoğlu Çemeni Sıyrılmış Pastırma 80 Gr,Et ve Tavuk,"359,90"
Çapanoğlu Dana Kurutulmuş Füme Et 60 Gr,Et ve Tavuk,"219,90"
Çapanoğlu Fümechef Dana Füme Antrikot 100 Gr,Et ve Tavuk,"299,90"
Çemeni Sıyrılmış Dana Pastı - 500 Gr.,Et ve Tavuk,"1.899,95"
Cumhuriyet Acılı Parmak Sucuk - 500 Gr.,Et ve Tavuk,"899,95"
Cumhuriyet Çemeni Sıyrılmış Pastırma 90 Gr,Et ve Tavuk,"399,90"
Cumhuriyet Kangal Fermente Sucuk - 500 Gr.,Et ve Tavuk,"899,95"
Cumhuriyet Küvet Sucuk 300 Gr,Et ve Tavuk,"659,90"
Dana Antrikot - 500 Gr.,Et ve Tavuk,"799,95"
Dana Bonfile - 500 Gr.,Et ve Tavuk,"1.199,95"
Dana Haşlamalık Et - 500 Gr.,Et ve Tavuk,"569,95"
Dana Kol Kuşbaşı - 500 Gr.,Et ve Tavuk,"539,95"
Dana Kol Kuşbaşı Kıymalık - 500 Gr.,Et ve Tavuk,"539,95"
Dana Kontrfile - 500 Gr.,Et ve Tavuk,"759,95"
Dana Kuşbaşı Kıymalık - 500 Gr.,Et ve Tavuk,"479,95"
Dana Kuzu Kıymalık (%80 Dana+%20 Ku - 500 Gr.,Et ve Tavuk,"479,95"
Dana Nuar - 500 Gr.,Et ve Tavuk,"569,95"
Dana Rosto - 500 Gr.,Et ve Tavuk,"559,95"
Dana Rulo Kıymalık - 500 Gr.,Et ve Tavuk,"499,95"
Dana Sote - 500 Gr.,Et ve Tavuk,"599,95"
Erpiliç Baget - 1 Kg.,Et ve Tavuk,"159,90"
Erpiliç But - 1 Kg.,Et ve Tavuk,"129,90"
Erpiliç Göğüs - 1 Kg.,Et ve Tavuk,"169,90"
Erpiliç Izgara Kanat - 1 Kg.,Et ve Tavuk,"299,90"
Erpiliç Pirzola - 1 Kg.,Et ve Tavuk,"199,90"
Erpiliç Schnitzel 300 Gr,Et ve Tavuk,"79,90"
Erpiliç Tabaklı Cordon Blue 300 Gr,Et ve Tavuk,"99,90"
Erpiliç Üst Kanat - 1 Kg.,Et ve Tavuk,"189,90"
Fümechef Cotto Dana,Et ve Tavuk,"299,90"
Fümechef Sade Roastbeef Dana,Et ve Tavuk,"299,90"
Gürmar Dana Kangal Sucuk - 500 Gr.,Et ve Tavuk,"849,95"
HasTavuk Roaster Tavuk - 1 Kg.,Et ve Tavuk,"89,90"
Kuzu Ayak Adet,Et ve Tavuk,"29,90"
Kuzu Böbrek Yatağı - 500 Gr.,Et ve Tavuk,"484,95"
"Kuzu But - 2,5 Kg.",Et ve Tavuk,"2.374,75"
"Kuzu But İnciksiz - 2,5 Kg.",Et ve Tavuk,"2.424,75"
"Kuzu But Tandır - 1,5 Kg.",Et ve Tavuk,"1.829,85"
Kuzu Gerdan - 500 Gr.,Et ve Tavuk,"429,95"
Kuzu İncik - 500 Gr.,Et ve Tavuk,"559,95"
Kuzu Kaburga - 500 Gr.,Et ve Tavuk,"424,95"
Kuzu Kavurmalık - 500 Gr.,Et ve Tavuk,"579,95"
"Kuzu Kol - 1,5 Kg.",Et ve Tavuk,"1.394,85"
Kuzu Külbastı - 500 Gr.,Et ve Tavuk,"679,95"
Kuzu Kuşbaşı - 500 Gr.,Et ve Tavuk,"669,95"
Kuzu Pirzola - 500 Gr.,Et ve Tavuk,"749,95"
Kuzu Şiş - 500 Gr.,Et ve Tavuk,"679,95"
Kuzu Yarım Kol - 1 Kg.,Et ve Tavuk,"1.179,90"
Lezita Baget - 1 Kg.,Et ve Tavuk,"145,00"
Lezita But Izgara Derisiz - 1 Kg.,Et ve Tavuk,"199,90"
Lezita But Pirzola - 1 Kg.,Et ve Tavuk,"169,90"
Lezita Izgara Üst Kanat - 1 Kg.,Et ve Tavuk,"289,90"
Lezita Piliç Baton Sucuk 450 Gr,Et ve Tavuk,"119,90"
"Lezita Poşetli Bütün Piliç - 1,5 Kg.",Et ve Tavuk,"194,85"
Maret Afiyetle Dana Sucuk 200 Gr,Et ve Tavuk,"230,00"
Maret Boncuk Sucuk 220 Gr,Et ve Tavuk,"259,90"
Maret Çemeni Sıyrılmış Pastırma 100 Gr,Et ve Tavuk,"379,90"
Maret Küvet Sucuk 300 Gr,Et ve Tavuk,"389,90"
Maret Pratik Dana Macar Salam 50 Gr,Et ve Tavuk,"49,90"
Maret Pratik Hindi Füme 60 Gr,Et ve Tavuk,"39,90"
Maret Pratik Hindi Salam 8 Dilim 60 gr,Et ve Tavuk,"34,90"
Maret Pratik Sosis 140 Gr,Et ve Tavuk,"49,90"
Maret Sosis 5'li 240 Gr,Et ve Tavuk,"299,90"
Namet 7/24 Dana Jambon 50 Gr,Et ve Tavuk,"84,90"
Namet 7/24 Dana Macar Salam 50 Gr,Et ve Tavuk,"59,90"
Namet 7/24 Hindi Salam 60 Gr,Et ve Tavuk,"25,90"
Namet 7/24 Hindi Sosis 140 Gr,Et ve Tavuk,"64,90"
Namet Dana Kangal Sucuk 200 Gr,Et ve Tavuk,"239,90"
Namet Gurme Dana Sucuk 240 Gr,Et ve Tavuk,"399,90"
Namet Kokteyl Dana Sosis 250 Gr,Et ve Tavuk,"299,90"
Namet Nam Nam Pişmiş Dana Döner 200 Gr,Et ve Tavuk,"229,90"
Namet Piliç Füme 150 Gr,Et ve Tavuk,"89,90"
Namet Sofram Kangal Sucuk 220 Gr,Et ve Tavuk,"119,90"
Namet Sofram Piliç Kokteyl Sosis 250 Gr,Et ve Tavuk,"75,00"
Pınar Aç Bitir Büyük Dilim Hindi Salam 60 Gr,Et ve Tavuk,"41,90"
Pınar Aç Bitir Dana Macar Salam 60 Gr,Et ve Tavuk,"81,50"
Pınar Aç Bitir Fıstıklı Hindi Salam 50 Gr,Et ve Tavuk,"40,75"
Pınar Aç Bitir Hindi Füme 60 Gr,Et ve Tavuk,"46,90"
Pınar Aç Bitir Hindi Salam 75 Gr,Et ve Tavuk,"46,50"
Pınar Aç Bitir Kokteyl Sosis 180 Gr,Et ve Tavuk,"86,90"
Pınar Dana Sosis 430 Gr,Et ve Tavuk,"499,90"
Pınar Doyum Hindi Salam 500 Gr,Et ve Tavuk,"179,90"
Pınar Gurme Dana Sucuk 250 Gr,Et ve Tavuk,"499,90"
Pınar Gurme Hindi Füme 110Gr But Etli,Et ve Tavuk,"114,90"
Pınar Gurme Hindi Füme 110Gr Karabiberli,Et ve Tavuk,"95,00"
Pınar Gurme Hindi Füme 150Gr,Et ve Tavuk,"129,90"
Pınar Hindi Uzun Sosis 430 Gr,Et ve Tavuk,"209,00"
Pınar İllaki Kasap Sucuk 300 Gr,Et ve Tavuk,"499,90"
Pınar İllaki Misket Köfte 390 Gr,Et ve Tavuk,"459,95"
Pınar Klasik Kangal Sucuk 225 Gr,Et ve Tavuk,"399,00"
Pınar Macar Salam Aç Bitir Büyük Dilim 50 Gr,Et ve Tavuk,"67,75"
Pınar Mangal Keyfi Sucuk 300 Gr,Et ve Tavuk,"215,00"
Pınar Şölen Dana Sucuk 180 Gr,Et ve Tavuk,"249,90"
Pınar Sosis Dana Hot Dog 295 Gr,Et ve Tavuk,"399,90"
Special Köfte Adana (Dana-Kuzu) - 500 Gr.,Et ve Tavuk,"499,95"
Special Köfte Kasap (Dana-Kuzu) - 500 Gr.,Et ve Tavuk,"499,95"
Tire Süt Dana Döner 200 Gr,Et ve Tavuk,"499,90"
Torku Dilimli Salam 50 Gr,Et ve Tavuk,"59,90"
Torku Isılı İşlem Görmüş Vakum Sucuk 180 Gr,Et ve Tavuk,"219,90"
Torku Mini Kokteyl Sosis 100 Gr,Et ve Tavuk,"119,90"
Yayla Köri Soslu Tavuk 200 Gr,Et ve Tavuk,"106,95"
Activia Ananas&Yulaf&Hindistan Cevizli Probiyotikli Blow,"Süt, Kahvaltılık, Sark.","57,50"
Activia Doğal Probiyotikli Ananaslı Yoğurt 4*100 Gr,"Süt, Kahvaltılık, Sark.","99,50"
Activia Doğal Probiyotikli Çilekli Yoğurt 4*100 Gr,"Süt, Kahvaltılık, Sark.","99,50"
Activia Doğal Probiyotikli İncir&Cevizli Yoğurt 4*100 Gr,"Süt, Kahvaltılık, Sark.","99,50"
Activia Doğal Probiyotikli Kuru Kayısılı Yoğurt 4*100 Gr,"Süt, Kahvaltılık, Sark.","99,50"
Activia Doğal Probiyotikli Orman Meyveli Yoğurt 4*100 Gr,"Süt, Kahvaltılık, Sark.","99,50"
Activia Doğal Probiyotikli Sade Yoğurt 4*100 Gr,"Süt, Kahvaltılık, Sark.","99,50"
Activia Probiyotikli Bowl Ahududu&Yulaf&Ceviz,"Süt, Kahvaltılık, Sark.","57,50"
Activia Probiyotikli Bowl Muz&Yulaf&Fındık,"Süt, Kahvaltılık, Sark.","57,50"
Activia x2 Probiyotik Ahududu&Hibisküs Shot 80 Ml,"Süt, Kahvaltılık, Sark.","32,50"
Akdeniz Toros Mantı 500 Gr,"Süt, Kahvaltılık, Sark.","179,90"
Alan Kuru Sele Zeytin - 500 Gr.,"Süt, Kahvaltılık, Sark.","199,95"
Alan Yağlı Sele Zeytin - 500 Gr.,"Süt, Kahvaltılık, Sark.","249,95"
Alpro Şekersiz Badem Sütü 1 Lt,"Süt, Kahvaltılık, Sark.","225,00"
Anavarza Çam Balı 325 Gr,"Süt, Kahvaltılık, Sark.","349,90"
Anavarza Çam Balı 450 Gr,"Süt, Kahvaltılık, Sark.","399,90"
Anavarza Çam Balı 850 Gr,"Süt, Kahvaltılık, Sark.","699,90"
Anavarza Çiçek Balı 850 Gr,"Süt, Kahvaltılık, Sark.","599,90"
Anavarza Çiçek Balı Akıllı Kapak 325 Gr,"Süt, Kahvaltılık, Sark.","259,95"
Anavarza Keven Kekik Balı 450 Gr,"Süt, Kahvaltılık, Sark.","499,90"
Anavarza Keven Kekik Balı 850 Gr,"Süt, Kahvaltılık, Sark.","799,90"
Anavarza Kral Şakir Bal Tüpü 40 Gr,"Süt, Kahvaltılık, Sark.","44,90"
Aoç Fındık Kreması 700 Gr,"Süt, Kahvaltılık, Sark.","229,95"
Arnilya Sele Siyah Zeytin - 500 Gr.,"Süt, Kahvaltılık, Sark.","169,95"
Arnilya Yağlı Sele Özel İri Zeytin - 500 Gr.,"Süt, Kahvaltılık, Sark.","299,95"
Arnilya Yağlı Sele Zeytin - 500 Gr.,"Süt, Kahvaltılık, Sark.","219,95"
Balparmak Apitera Zen 7'li 7 Gr,"Süt, Kahvaltılık, Sark.","99,90"
Balparmak Çam Balı Çıt Kapak 350 Gr,"Süt, Kahvaltılık, Sark.","349,90"
Balparmak Çiçek Balı 850 Gr,"Süt, Kahvaltılık, Sark.","679,90"
Balparmak Çiçek Balı Çıt Kapak 350 Gr,"Süt, Kahvaltılık, Sark.","349,90"
Balparmak Süzme Çam Balı Kavanoz 460 Gr,"Süt, Kahvaltılık, Sark.","426,90"
Balparmak Süzme Çam Balı Kavanoz 850 Gr,"Süt, Kahvaltılık, Sark.","599,90"
Balparmak Süzme Çiçek Balı Kavanoz 460 Gr,"Süt, Kahvaltılık, Sark.","426,90"
Balparmak Yayla Süzme Çiçek Bal 600 Gr,"Süt, Kahvaltılık, Sark.","579,90"
Balparmak Yayla ve Ova Süzme Çiçek Balı Kavanoz 850 Gr,"Süt, Kahvaltılık, Sark.","524,90"
Becel Kase Margarin 250 Gr,"Süt, Kahvaltılık, Sark.","65,00"
Becel Kase Margarin 500 Gr,"Süt, Kahvaltılık, Sark.","123,50"
Becel Tereyağ Keyfi Kase Margarin 250 Gr,"Süt, Kahvaltılık, Sark.","65,00"
Becel Tereyağ Keyfi Kase Margarin 500 Gr,"Süt, Kahvaltılık, Sark.","123,50"
Becel Zeytinyağlı Kase Margarin 250 Ml,"Süt, Kahvaltılık, Sark.","74,75"
Becel Zeytinyağlı Kase Margarin 500 Gr,"Süt, Kahvaltılık, Sark.","141,50"
Burcu Ajvar Kahvaltılık Sos 310 Gr,"Süt, Kahvaltılık, Sark.","59,90"
Burcu Kahvaltılık Acı Sos 320 Gr,"Süt, Kahvaltılık, Sark.","59,90"
Cem Yağlı Sele Süper Zeytin - 500 Gr.,"Süt, Kahvaltılık, Sark.","174,95"
Çokokrem 180 Gr,"Süt, Kahvaltılık, Sark.","55,00"
Çokokrem 950 Gr,"Süt, Kahvaltılık, Sark.","245,00"
Danone 1\1 Laktozsuz Süt 1 Lt,"Süt, Kahvaltılık, Sark.","69,90"
Danone Act. Yaban Mersinli Probiyotik 100Gr *4,"Süt, Kahvaltılık, Sark.","99,50"
Danone Alpro Badem Sütü 1 Lt,"Süt, Kahvaltılık, Sark.","225,00"
Danone Alpro Badem Sütü 250 ML,"Süt, Kahvaltılık, Sark.","74,90"
Danone Alpro Hindistan Cevizi Sütü 1 Lt,"Süt, Kahvaltılık, Sark.","225,00"
Danone Alpro Şeker İlavesiz Hindistan Cevizi Sütü 1 Lt,"Süt, Kahvaltılık, Sark.","225,00"
Danone Alpro Yula&Badem Sütü 1 Lt,"Süt, Kahvaltılık, Sark.","225,00"
Danone Çilek Aromalı Süt 180 Ml,"Süt, Kahvaltılık, Sark.","26,50"
Danone Çilek&Vanilya Milkshake 188 Gr,"Süt, Kahvaltılık, Sark.","42,50"
Danone Çilekli Meyveli Yoğurt 400 Gr,"Süt, Kahvaltılık, Sark.","89,90"
Danone Dany Çilekli Yoğurt 2*90 Gr,"Süt, Kahvaltılık, Sark.","52,00"
Danone Hüpper Meyveli Yoğurt 67 Gr,"Süt, Kahvaltılık, Sark.","35,00"
Danone Kakao Aromalı Süt 180 Ml,"Süt, Kahvaltılık, Sark.","26,50"
Danone Kakaolu Süt 6*180 Ml,"Süt, Kahvaltılık, Sark.","99,90"
Danone Krema Bitkisel Yağlı 200 Ml,"Süt, Kahvaltılık, Sark.","29,90"
Danone Orman Meyveli Yoğurt 400 Gr,"Süt, Kahvaltılık, Sark.","89,90"
Danone Suprix Marvel Çilekli Yoğurt 90 Gr,"Süt, Kahvaltılık, Sark.","57,50"
Doğal Probiyotik Aktivia Sade Yoğurt 400 Gr,"Süt, Kahvaltılık, Sark.","89,90"
Dr. Oetker Vitalis Sütlü Bitter Çikolatalı Müsli 450 Gr,"Süt, Kahvaltılık, Sark.","224,95"
Dr.Oetker Yogotella Çilek&Muz Hazır Yoğurt,"Süt, Kahvaltılık, Sark.","31,45"
Dr.Oetker Yogotella Kayısı&Şeftali Hazır Yogurt,"Süt, Kahvaltılık, Sark.","31,45"
Dr.Oetker Yogotella Orman Meyveli Hazır Yoğurt,"Süt, Kahvaltılık, Sark.","31,45"
Ege Baklavalık Yufka 800 Gr,"Süt, Kahvaltılık, Sark.","139,90"
Eker Ananaslı Kefir 200 Ml,"Süt, Kahvaltılık, Sark.","36,00"
Eker Çilekli Kefir 200 Ml,"Süt, Kahvaltılık, Sark.","36,00"
Eker Çilekli Probiyotik Yoğurt 4*100 Gr,"Süt, Kahvaltılık, Sark.","92,50"
Eker Çilekli Probiyotik Yoğurt 400 Gr,"Süt, Kahvaltılık, Sark.","83,95"
Eker Çilekli Yoğurt 65 Gr,"Süt, Kahvaltılık, Sark.","29,95"
Eker Çırpılmış Yoğurt 500 Gr,"Süt, Kahvaltılık, Sark.","65,95"
Eker Efsane Tam Yağlı Yoğurt 750 Gr,"Süt, Kahvaltılık, Sark.","85,50"
Eker Efsane Yoğurt 350 Gr,"Süt, Kahvaltılık, Sark.","45,50"
Eker Kaşar Peyniri 600 Gr,"Süt, Kahvaltılık, Sark.","299,90"
Eker Kayısılı Probiyotik Yoğurt 4*100 Gr,"Süt, Kahvaltılık, Sark.","92,50"
Eker Kaymak 100 Gr,"Süt, Kahvaltılık, Sark.","61,50"
Eker Kaymak 200 Gr,"Süt, Kahvaltılık, Sark.","134,50"
Eker Kefir Ananas Muz 290 ml,"Süt, Kahvaltılık, Sark.","34,95"
Eker Kefir Pancar Limon Zencefil 290 ml,"Süt, Kahvaltılık, Sark.","34,95"
Eker Orman Meyveli Kefir 1000 Ml,"Süt, Kahvaltılık, Sark.","115,75"
Eker Orman Meyveli Probiyotik Meyveli Yoğurt 4*100 Gr,"Süt, Kahvaltılık, Sark.","92,50"
Eker Orman Meyveli Probiyotik Yoğurt 400 Gr,"Süt, Kahvaltılık, Sark.","83,95"
Eker Probiyotik Hurma&Chıa Yoğurt 125 Gr,"Süt, Kahvaltılık, Sark.","33,50"
Eker Probiyotik İncir&Yulaflı Yoğurt 125 Gr,"Süt, Kahvaltılık, Sark.","33,50"
Eker Probiyotik Yoğurt 500 Gr,"Süt, Kahvaltılık, Sark.","62,50"
Eker Probiyotik Yoğurt 900 Gr,"Süt, Kahvaltılık, Sark.","107,95"
Eker Sade Kefir 200 Ml,"Süt, Kahvaltılık, Sark.","36,00"
Eker Şeftali & Kayısılı Yoğurt 65 Gr,"Süt, Kahvaltılık, Sark.","29,95"
Eker Süzme Yoğurt 500 Gr,"Süt, Kahvaltılık, Sark.","89,90"
Eker Süzme Yoğurt 900 Gr,"Süt, Kahvaltılık, Sark.","193,50"
Eker Yoğurt 150 Gr,"Süt, Kahvaltılık, Sark.","14,90"
Eker Yoğurt Kova 2 Kg,"Süt, Kahvaltılık, Sark.","159,90"
Enver Ağa 15li L Yumurta,"Süt, Kahvaltılık, Sark.","129,90"
Enver Ağa 20li L Yumurta,"Süt, Kahvaltılık, Sark.","169,90"
Enver Ağa 30lu M Yumurta,"Süt, Kahvaltılık, Sark.","189,90"
Enver Ağa 6lı L Yumurta,"Süt, Kahvaltılık, Sark.","52,90"
Enver Ağa Organik 10lu M Boy Yumurta,"Süt, Kahvaltılık, Sark.","129,90"
Erzincan Tulum Peyniri - 500 Gr.,"Süt, Kahvaltılık, Sark.","379,95"
"Eti Lifalif Granola Kuru Elmalı,Kuru Dutlu 200 Gr","Süt, Kahvaltılık, Sark.","162,50"
Eti Lifalif Granola Kuru Vişneli Kakao Parçacıklı Fındıklı 200 Gr,"Süt, Kahvaltılık, Sark.","162,50"
Eti Lifalif Granola Kuruyemişli 200 Gr,"Süt, Kahvaltılık, Sark.","162,50"
Eti Lifalif İnce Öğütülmüş Yulaf Ezmesi 350 Gr,"Süt, Kahvaltılık, Sark.","87,50"
"Eti Lifalif İnce Öğütülmüş Yulaflı Kırmızı Meyveli, Bademli, Hibiskuslu Müsli","Süt, Kahvaltılık, Sark.","147,50"
Eti Lifalif Kuru Meyveli&Fındıklı Müsli 350 Gr,"Süt, Kahvaltılık, Sark.","116,00"
Eti Lifalif Yer Fıstık ve Hurmalı Müsli 350 Gr,"Süt, Kahvaltılık, Sark.","116,00"
Eti Lifalif Yulaf Ezmesi 500 Gr,"Süt, Kahvaltılık, Sark.","87,50"
Fiskobirlik Nuga Kakaolu Fındık Kreması 700 Gr,"Süt, Kahvaltılık, Sark.","329,95"
Fiskobirlik Şeker İlavesiz Fındık Ezmesi 300 Gr,"Süt, Kahvaltılık, Sark.","409,95"
Fiskobirlik Şekerli Fındık Ezmesi 300 Gr,"Süt, Kahvaltılık, Sark.","359,95"
Gold Fındık Ezmesi 340Gr,"Süt, Kahvaltılık, Sark.","124,50"
Gold Kremfıstık Şeker İlavesiz 340Gr,"Süt, Kahvaltılık, Sark.","149,50"
Gürmar Az Tuzlu İzmir Teneke Tulum Peyniri - 500 Gr.,"Süt, Kahvaltılık, Sark.","269,95"
Gürmar Deri Mevsim Tulum Peyniri - 500 Gr.,"Süt, Kahvaltılık, Sark.","314,95"
Gürmar Ekstra Klasik Beyaz Peynir - 500 Gr.,"Süt, Kahvaltılık, Sark.","249,95"
Gürmar Eski Kaşar Peyn - 500 Gr.,"Süt, Kahvaltılık, Sark.","429,95"
Gürmar İzmir Tulum Peyn - 500 Gr.,"Süt, Kahvaltılık, Sark.","289,95"
Gürmar Lüks Klasik Beyaz Peynir - 500 Gr.,"Süt, Kahvaltılık, Sark.","224,95"
Gürmar Lüks Mevsim Tulum Peyn - 500 Gr.,"Süt, Kahvaltılık, Sark.","339,95"
Gürmar Mevsim Beyaz Peynir - 500 Gr.,"Süt, Kahvaltılık, Sark.","274,95"
Gürmar Sakızlı Klasik İnek Peyniri (Yumuşak) - 500 Gr.,"Süt, Kahvaltılık, Sark.","199,95"
Gürmar Sepet Loru - 500 Gr.,"Süt, Kahvaltılık, Sark.","124,95"
Gürmar Tulum Loru - 500 Gr.,"Süt, Kahvaltılık, Sark.","99,95"
Gürsüt Çeçil Peynir - 500 Gr.,"Süt, Kahvaltılık, Sark.","249,95"
Gürsüt Çeçil Peyniri 500 Gr,"Süt, Kahvaltılık, Sark.","249,90"
Gürsüt Çökelek - 500 Gr.,"Süt, Kahvaltılık, Sark.","59,95"
Gürsüt Dil Peyniri - 500 Gr.,"Süt, Kahvaltılık, Sark.","249,95"
Gürsüt Dilim Peyniri 200Gr,"Süt, Kahvaltılık, Sark.","119,90"
Gürsüt Dilimli Kahvaltı Lezzetim 250Gr,"Süt, Kahvaltılık, Sark.","139,90"
Gürsüt İzmir Tulum Peyniri 200 Gr,"Süt, Kahvaltılık, Sark.","159,90"
Gürsüt Jersey Pastörize Günlük Süt 3 lt,"Süt, Kahvaltılık, Sark.","299,90"
Gürsüt Kahvaltı Lezzetim - 500 Gr.,"Süt, Kahvaltılık, Sark.","249,95"
Gürsüt Kahvaltı Lezzetim 1000Gr,"Süt, Kahvaltılık, Sark.","499,90"
Gürsüt Kahvaltı Lezzetim 250Gr,"Süt, Kahvaltılık, Sark.","139,90"
Gürsüt Kahvaltı Lezzetleri Çeçil Peyniri 200 gr,"Süt, Kahvaltılık, Sark.","119,90"
Gürsüt Klasik Beyaz Peynir 300 Gr,"Süt, Kahvaltılık, Sark.","199,90"
Gürsüt Köy Taze Beyaz Peynir - 500 Gr.,"Süt, Kahvaltılık, Sark.","164,95"
Gürsüt Köy Taze Beyaz Peynir 500 Gr,"Süt, Kahvaltılık, Sark.","199,90"
Gürsüt Krem Peynir 300 Gr,"Süt, Kahvaltılık, Sark.","99,90"
Gürsüt Lor Peyniri 500 Gr,"Süt, Kahvaltılık, Sark.","79,90"
Gürsüt Mini Örgüm 200 Gr,"Süt, Kahvaltılık, Sark.","99,90"
Gürsüt Örgü Peyniri - 500 Gr.,"Süt, Kahvaltılık, Sark.","249,95"
Gürsüt Örme Peyniri 200Gr,"Süt, Kahvaltılık, Sark.","119,90"
Gürsüt Otlu Peynir - 500 Gr.,"Süt, Kahvaltılık, Sark.","199,95"
Gürsüt Pazar Kahvaltısı 200 Gr,"Süt, Kahvaltılık, Sark.","99,90"
Gürsüt Rende Mozeralla Peyniri 150 gr,"Süt, Kahvaltılık, Sark.","89,90"
Gürsüt Süzme Yoğurt - 500 Gr.,"Süt, Kahvaltılık, Sark.","99,95"
Gürsüt Tadım Beyaz Peynir - 500 Gr.,"Süt, Kahvaltılık, Sark.","139,95"
Gürsüt Tost Peyniri 600 Gr,"Süt, Kahvaltılık, Sark.","259,90"
Gürsüt Yayık Tereyağ - 500 Gr.,"Süt, Kahvaltılık, Sark.","349,95"
Gürsüt Yayık Tereyağ 500 Gr,"Süt, Kahvaltılık, Sark.","349,95"
Halis Antep Fıstıklı Hurma Suyu İle Tatlandırılmış Üçgen Tahin Helva 300 Gr,"Süt, Kahvaltılık, Sark.","315,90"
Halis Antep Fıstıklı Tahin Helva - 500 Gr.,"Süt, Kahvaltılık, Sark.","274,95"
Halis Antep Fıstıklı Üçgen Tahin Helva 500 Gr,"Süt, Kahvaltılık, Sark.","329,90"
Halis Hünkar Susamlı Tepsi Helvası - 500 Gr.,"Süt, Kahvaltılık, Sark.","154,95"
Halis Kakaolu Tahin Helvası - 500 Gr.,"Süt, Kahvaltılık, Sark.","129,95"
Halis Kakaolu Üçgen Tahin Helva 500 Gr,"Süt, Kahvaltılık, Sark.","174,90"
Halis Sade Hurma Suyu İle Tatlandırılmış Üçgen Tahin Helva 300 Gr,"Süt, Kahvaltılık, Sark.","169,90"
Halis Sade Tahin Helva - 500 Gr.,"Süt, Kahvaltılık, Sark.","129,95"
Halis Sade Üçgen Tahin Helva 500 Gr,"Süt, Kahvaltılık, Sark.","174,90"
Halis Tahin 600 Gr,"Süt, Kahvaltılık, Sark.","199,90"
Halis Üzüm Pekmezi 800 Gr,"Süt, Kahvaltılık, Sark.","155,90"
Hünnap Glutensiz İnce Kıyım Yulaf Ezmesi 300 Gr,"Süt, Kahvaltılık, Sark.","109,95"
Hünnap Glutensiz Yulaf Ezmesi 300 Gr,"Süt, Kahvaltılık, Sark.","109,95"
Hünnap Good Keçi Sütlü Çikolatalı Gevrek 240 Gr,"Süt, Kahvaltılık, Sark.","129,95"
Hüseyin Usta Adıyaman Etsiz Çiğ Köfte 500 Gr,"Süt, Kahvaltılık, Sark.","85,00"
Hüseyin Usta Adıyaman Etsiz Çiğ Köfte Dürüm 180 Gr,"Süt, Kahvaltılık, Sark.","39,00"
İçim Beyaz İnek Peyniri 500 Gr,"Süt, Kahvaltılık, Sark.","189,90"
İçim Çikolatalı Pastörize Süt 1 Lt,"Süt, Kahvaltılık, Sark.","99,90"
İçim Dilimli Burger Peyniri 200 Gr,"Süt, Kahvaltılık, Sark.","139,95"
İçim Dilimli Kaşar Peyniri 500 Gr,"Süt, Kahvaltılık, Sark.","279,95"
İçim Doğal Yoğurt 500 Gr,"Süt, Kahvaltılık, Sark.","49,95"
İçim Dolcia Çikolatalı Puding 4*60 Gr,"Süt, Kahvaltılık, Sark.","49,95"
İçim Dolcia Çilekli Puding 4*60 Gr,"Süt, Kahvaltılık, Sark.","49,95"
İçim Dolcia Muzlu Puding 4*60 Gr,"Süt, Kahvaltılık, Sark.","49,95"
İçim Fit Yüksek Proteinli Çilekli Süt 400 Ml,"Süt, Kahvaltılık, Sark.","64,95"
İçim Fit Yüksek Proteinli Kahveli Süt 400 Ml,"Süt, Kahvaltılık, Sark.","64,95"
İçim Fit Yüksek Proteinli Vanilyalı Süt 400 Ml,"Süt, Kahvaltılık, Sark.","64,95"
İçim İçimino Çikolatalı Süt 180 Ml,"Süt, Kahvaltılık, Sark.","18,90"
İçim İçimino Çilekli Süt 180 Ml,"Süt, Kahvaltılık, Sark.","18,90"
İçim İçimino Muzlu Süt 180 Ml,"Süt, Kahvaltılık, Sark.","18,90"
İçim Kaşar Peyniri 600 Gr,"Süt, Kahvaltılık, Sark.","269,95"
İçim Kaymak 150 Gr,"Süt, Kahvaltılık, Sark.","129,95"
İçim Krem Peynir 300 Gr,"Süt, Kahvaltılık, Sark.","109,95"
İçim Krema 200 Ml,"Süt, Kahvaltılık, Sark.","79,95"
İçim Labne 180 Gr,"Süt, Kahvaltılık, Sark.","69,95"
İçim Labne Peynir 3x180 Gr,"Süt, Kahvaltılık, Sark.","199,95"
İçim Labne Peynir 400 Gr,"Süt, Kahvaltılık, Sark.","119,95"
İçim Laktozsuz Yoğurt 750 Gr,"Süt, Kahvaltılık, Sark.","83,90"
İçim Organik Süt 1 Lt,"Süt, Kahvaltılık, Sark.","79,95"
İçim Orman Meyveli Kefir 250 Ml,"Süt, Kahvaltılık, Sark.","41,50"
İçim Pesto Soslu Labne 180 Gr,"Süt, Kahvaltılık, Sark.","69,95"
İçim Probiyetik Ahududu&Hibiskus 250 Ml,"Süt, Kahvaltılık, Sark.","55,00"
İçim Rahat Laktozsuz Süt 1 Lt,"Süt, Kahvaltılık, Sark.","59,90"
İçim Sade Kefir 250 Ml,"Süt, Kahvaltılık, Sark.","41,50"
İçim Şef Krema Mantarlı 200 Ml,"Süt, Kahvaltılık, Sark.","56,90"
İçim Şef Krema Peynirli 200 Ml,"Süt, Kahvaltılık, Sark.","56,90"
İçim Şef Pesto Fesleğenli Krema 200 Ml,"Süt, Kahvaltılık, Sark.","56,90"
İçim Süt 200 Ml,"Süt, Kahvaltılık, Sark.","22,95"
İçim Süzme Beyaz Peynir 900 Gr,"Süt, Kahvaltılık, Sark.","229,95"
İçim Süzme Yumuşak Peynir 500 Gr,"Süt, Kahvaltılık, Sark.","149,95"
İçim Tam Yağlı Beyaz Peynir 900 Gr,"Süt, Kahvaltılık, Sark.","249,95"
İçim Tam Yağlı Süt 1 Lt,"Süt, Kahvaltılık, Sark.","54,50"
İçim Taze Peynir 180 Gr,"Süt, Kahvaltılık, Sark.","75,00"
İçim Tereyağ 750 Gr,"Süt, Kahvaltılık, Sark.","569,90"
İçim Tereyağ Folyö 200 Gr,"Süt, Kahvaltılık, Sark.","159,90"
İçim Tereyağ Köy Tipi 400 Gr,"Süt, Kahvaltılık, Sark.","359,90"
İçim Tost Peyniri 400 Gr,"Süt, Kahvaltılık, Sark.","239,95"
İçim Üçgen Peynir 100 Gr,"Süt, Kahvaltılık, Sark.","49,95"
İçim Yarım Yağlı Süt 1 Lt,"Süt, Kahvaltılık, Sark.","57,50"
İçim Yarım Yağlı Süt 200 Ml,"Süt, Kahvaltılık, Sark.","17,95"
İçim Yarım Yağlı Yoğurt 2 Kg,"Süt, Kahvaltılık, Sark.","147,50"
İçim Yarım Yağlı Yoğurt 3000 Gr,"Süt, Kahvaltılık, Sark.","165,00"
İçim Yayık Tereyağ 225 Gr,"Süt, Kahvaltılık, Sark.","159,95"
İçli Köfte Meze Kg,"Süt, Kahvaltılık, Sark.","69,00"
İkizta Gezen Tavuk Yumurtası 10'lu,"Süt, Kahvaltılık, Sark.","95,00"
İkizta Gezen Tavuk Yumurtası 15'li,"Süt, Kahvaltılık, Sark.","169,95"
İkizta L- Büyük Boy Yumurta 10'lu,"Süt, Kahvaltılık, Sark.","89,95"
İkizta L- Büyük Boy Yumurta 15'li,"Süt, Kahvaltılık, Sark.","126,90"
İkizta L- Büyük Boy Yumurta 20'li,"Süt, Kahvaltılık, Sark.","139,90"
İkizta M Boy Yumurta 6'lı,"Süt, Kahvaltılık, Sark.","54,90"
İzmir Meze Acılı Ezme 200 Gr,"Süt, Kahvaltılık, Sark.","109,95"
İzmir Meze Çiğköfte 200 Gr,"Süt, Kahvaltılık, Sark.","109,95"
İzmir Meze Haydari 200 Gr,"Süt, Kahvaltılık, Sark.","109,95"
İzmir Meze Patlıcan Ezme 200 Gr,"Süt, Kahvaltılık, Sark.","109,95"
İzmir Meze Patlıcan Salatası 200 Gr,"Süt, Kahvaltılık, Sark.","109,95"
İzmir Meze Vakumlu Çiğköfte Dürüm 180 Gr,"Süt, Kahvaltılık, Sark.","45,00"
"Karper Üçgen Peynir 16*12,5 Gr","Süt, Kahvaltılık, Sark.","92,00"
Karper Üçgen Peynir 8'li 100 Gr,"Süt, Kahvaltılık, Sark.","65,00"
Kebir Çeçil Peyniri 180 Gr,"Süt, Kahvaltılık, Sark.","139,90"
Kebir Gurme Tereyağ 400 Gr,"Süt, Kahvaltılık, Sark.","399,90"
Kebir Gurme Tuzlu Tereyağ 400 Gr,"Süt, Kahvaltılık, Sark.","399,90"
Kebir Hellim Peyniri 225 Gr,"Süt, Kahvaltılık, Sark.","159,90"
Kebir Kaşar Peynir 400 Gr,"Süt, Kahvaltılık, Sark.","249,90"
Kebir Telli Peynir 180 Gr,"Süt, Kahvaltılık, Sark.","139,90"
Kebir Trabzon Kolot Peyniri 400 Gr,"Süt, Kahvaltılık, Sark.","249,90"
Kebir Trabzon Kuymak Peyniri 500 Gr,"Süt, Kahvaltılık, Sark.","299,90"
kellogg's Granola Beyaz Çikolata Parçacıklı Ve Antep Fıstıklı 300 Gr,"Süt, Kahvaltılık, Sark.","209,95"
Kellogg's Turna Yenişi Kabak Çekirdeği ve Kajulu Şeker İlavesiz Granola 250 Gr,"Süt, Kahvaltılık, Sark.","185,00"
Kellogs Granola Karışık Meyveli Müsli 340 Gr,"Süt, Kahvaltılık, Sark.","209,95"
Kiri Labne 150 Gr,"Süt, Kahvaltılık, Sark.","59,00"
Kiri Labne Sürülebilir Taze Peynir 300 gr,"Süt, Kahvaltılık, Sark.","139,00"
Koska Antep Fıstıklı Blok He - 500 Gr.,"Süt, Kahvaltılık, Sark.","259,96"
Koska Antep Fıstıklı Helva - 500 Gr.,"Süt, Kahvaltılık, Sark.","303,96"
Koska Cevizli He - 500 Gr.,"Süt, Kahvaltılık, Sark.","139,96"
Koska Cevizli Helva 500 Gr,"Süt, Kahvaltılık, Sark.","192,50"
Koska Çikolatalı Kağıt Helva 45 Gr,"Süt, Kahvaltılık, Sark.","20,95"
Koska Çikos Tahinli Çikolatalı 240 Gr,"Süt, Kahvaltılık, Sark.","228,90"
Koska Diyabetik Çilek Reçeli 240 Gr,"Süt, Kahvaltılık, Sark.","169,95"
Koska Diyabetik Fıstıklı Helva 200 Gr,"Süt, Kahvaltılık, Sark.","319,90"
Koska Diyabetik Kakaolu Helva 350 Gr,"Süt, Kahvaltılık, Sark.","199,95"
Koska Diyabetik Kayısı Reçeli 240 Gr,"Süt, Kahvaltılık, Sark.","169,95"
Koska Diyabetik Vişne Reçeli 240 Gr,"Süt, Kahvaltılık, Sark.","189,95"
Koska Dut Pekmezi 380 Gr,"Süt, Kahvaltılık, Sark.","182,50"
Koska Ekstra Geleneksel Ahududu Reçeli 380 Gr,"Süt, Kahvaltılık, Sark.","135,96"
Koska Ekstra Geleneksel Ayva Reçeli 380 Gr,"Süt, Kahvaltılık, Sark.","87,96"
Koska Ekstra Geleneksel Böğürtlen Reçeli 380 Gr,"Süt, Kahvaltılık, Sark.","135,96"
Koska Ekstra Geleneksel Çilek Reçeli 380 Gr,"Süt, Kahvaltılık, Sark.","95,96"
Koska Ekstra Geleneksel İncir Reçeli 380 Gr,"Süt, Kahvaltılık, Sark.","87,96"
Koska Ekstra Geleneksel Kayısı Reçeli 380 Gr,"Süt, Kahvaltılık, Sark.","123,96"
Koska Ekstra Geleneksel Vişne Reçeli 380 Gr,"Süt, Kahvaltılık, Sark.","135,96"
Koska Fındık Püreli Tahin Pekmez 320 Gr,"Süt, Kahvaltılık, Sark.","179,95"
Koska Fıstıklı Helva 200 Gr,"Süt, Kahvaltılık, Sark.","164,50"
Koska Fıstıklı Helva 500 Gr,"Süt, Kahvaltılık, Sark.","359,50"
Koska Kabuklu Susamdan Esmer Tahin 300 Gr,"Süt, Kahvaltılık, Sark.","131,95"
Koska Kağıt Helva 45 Gr,"Süt, Kahvaltılık, Sark.","19,95"
Koska Kakaolu Blok He - 500 Gr.,"Süt, Kahvaltılık, Sark.","119,96"
Koska Kakaolu Helva 200 Gr,"Süt, Kahvaltılık, Sark.","83,95"
Koska Kakaolu Helva 500 Gr,"Süt, Kahvaltılık, Sark.","164,95"
Koska Kakaolu Tepsi Helva - 500 Gr.,"Süt, Kahvaltılık, Sark.","131,96"
Koska Keçi Boynuzu Özü 310 Gr,"Süt, Kahvaltılık, Sark.","119,50"
Koska Keçiboynuzu Pekmez 380 Gr,"Süt, Kahvaltılık, Sark.","106,95"
Koska Kürek Kakao Antep Fıstıklı Helva 350 Gr,"Süt, Kahvaltılık, Sark.","312,90"
Koska Kürek Kakaolu Helva 350 Gr,"Süt, Kahvaltılık, Sark.","159,90"
Koska Light Helva 350 Gr,"Süt, Kahvaltılık, Sark.","199,95"
Koska Organik Tahin 230 Gr,"Süt, Kahvaltılık, Sark.","309,75"
Koska Pekmez Açık - 500 Gr.,"Süt, Kahvaltılık, Sark.","143,96"
Koska Pekmez Mix 300 Gr,"Süt, Kahvaltılık, Sark.","178,50"
Koska Pratik Tahin 300 Gr,"Süt, Kahvaltılık, Sark.","128,75"
Koska Pratik Tahin Pekmez Avantaj Paket (400 Gr Üzüm Pekmezi+300 Gr Tahin),"Süt, Kahvaltılık, Sark.","299,95"
Koska Pratik Üzüm Pekmezi 400 Gr,"Süt, Kahvaltılık, Sark.","191,50"
Koska Sade Blok He - 500 Gr.,"Süt, Kahvaltılık, Sark.","119,96"
Koska Sade Helva 200 Gr,"Süt, Kahvaltılık, Sark.","83,95"
Koska Sade Helva 500 Gr,"Süt, Kahvaltılık, Sark.","164,95"
Koska Süper İkili Tahin&Pekmez Karışımı 200 Gr,"Süt, Kahvaltılık, Sark.","83,90"
Koska Süper İkili Tüp 40 Gr,"Süt, Kahvaltılık, Sark.","27,95"
Koska Tahin 300 Gr,"Süt, Kahvaltılık, Sark.","128,95"
Koska Tahin 550 Gr,"Süt, Kahvaltılık, Sark.","224,95"
Koska Tahin Açık - 500 Gr.,"Süt, Kahvaltılık, Sark.","126,36"
Koska Tahin Pekmez 140 Gr,"Süt, Kahvaltılık, Sark.","69,95"
Koska Tahin Pekmez 350 Gr,"Süt, Kahvaltılık, Sark.","184,95"
Koska Tost Kağıt Helva 23Gr,"Süt, Kahvaltılık, Sark.","16,90"
Koska Üzüm Pekmezi 700 Gr,"Süt, Kahvaltılık, Sark.","304,90"
Kühne Kahvaltılık Acı Sos 300 Gr,"Süt, Kahvaltılık, Sark.","149,95"
La Vache Qui Rit Krem Peynir 140 Gr,"Süt, Kahvaltılık, Sark.","79,00"
La Vache Qui Rit Krem Peynir 270 Gr,"Süt, Kahvaltılık, Sark.","135,00"
"La Vache Qui Rit Üçgen Peynir 16*12,5 Gr","Süt, Kahvaltılık, Sark.","135,00"
La Vache Qui Rit Üçgen Peynir 8'li 100 Gr,"Süt, Kahvaltılık, Sark.","69,00"
Lente Edam Peynir 200Gr,"Süt, Kahvaltılık, Sark.","289,90"
Lente Gouda Kimyonlu Peynir 200Gr,"Süt, Kahvaltılık, Sark.","289,90"
Lente Gouda Peynir 200Gr,"Süt, Kahvaltılık, Sark.","289,90"
Lente Grana Padano Parmesan Peyniri 200Gr,"Süt, Kahvaltılık, Sark.","429,90"
Lente İsli Çerkez Cevizli Peynir - 500 Gr.,"Süt, Kahvaltılık, Sark.","249,95"
Lente Mascarpone 350Gr,"Süt, Kahvaltılık, Sark.","209,90"
Lente Toz Parmesan 100Gr,"Süt, Kahvaltılık, Sark.","179,50"
Marmara Birlik Az Tuzlu Siyah Zeytin 800 Gr,"Süt, Kahvaltılık, Sark.","279,90"
Marmara Birlik Kuru Sele Zeytin 400 Gr,"Süt, Kahvaltılık, Sark.","149,90"
Meriç Hellim Peyniri 225 Gr,"Süt, Kahvaltılık, Sark.","125,90"
Milka Kakaolu Fındık Ezmesi 350 Gr,"Süt, Kahvaltılık, Sark.","225,00"
Nesquik Harfler Çikolatalı Tahıl Gevreği 310 Gr,"Süt, Kahvaltılık, Sark.","142,00"
Nestle Cheerios Ballı Tahıl Gevreği 225 Gr,"Süt, Kahvaltılık, Sark.","137,50"
Nestle Granola Ballı 300 Gr,"Süt, Kahvaltılık, Sark.","195,00"
Nestle Granola Çikolatalı 300 Gr,"Süt, Kahvaltılık, Sark.","195,00"
Nestle Granola Kabak Çekirdeği Ve Yemişli 300 Gr,"Süt, Kahvaltılık, Sark.","195,00"
Nestle Nesfit Ballı Bademli 400 Gr,"Süt, Kahvaltılık, Sark.","195,00"
Nestle Nesfit Çikolatalı Kahvaltılık Gevrek 400 Gr,"Süt, Kahvaltılık, Sark.","195,00"
Nestle Nesfit Kırmızı Meyveli 400 Gr,"Süt, Kahvaltılık, Sark.","195,00"
Nestle Nesfit Meyveli 400 Gr,"Süt, Kahvaltılık, Sark.","195,00"
Nestle Nesquik Çilekli Süt 180 Ml,"Süt, Kahvaltılık, Sark.","35,00"
Nestle Nesquik Çokokare Mısır Gevreği 310 Gr,"Süt, Kahvaltılık, Sark.","115,00"
Nestle Nesquik Duo Mısır Gevreği 310 Gr,"Süt, Kahvaltılık, Sark.","142,00"
Nestle Nesquik Ekonomik Paket Mısır Gevreği 1 Kg,"Süt, Kahvaltılık, Sark.","245,00"
Nestle Nesquik Kahvaltılık Gevrek 700 Gr,"Süt, Kahvaltılık, Sark.","185,00"
Nestle Nesquik Kakaolu Süt 180 Ml,"Süt, Kahvaltılık, Sark.","35,00"
Nestle Nesquik Kakaolu Süt 6'lı 200 Ml,"Süt, Kahvaltılık, Sark.","99,95"
Nestle Nesquik Mısır Gevreği 225 Gr,"Süt, Kahvaltılık, Sark.","105,00"
Nestle Nesquik Mısır Gevreği 2'li 700 Gr,"Süt, Kahvaltılık, Sark.","219,95"
Nestle Nesquik Mısır Gevreği 450 Gr,"Süt, Kahvaltılık, Sark.","119,95"
Nestle Nesquik Muzlu Süt 180 Ml,"Süt, Kahvaltılık, Sark.","35,00"
Nilim Organik Yumurta 10'lu,"Süt, Kahvaltılık, Sark.","114,90"
Nutella 400 Gr,"Süt, Kahvaltılık, Sark.","145,00"
Nutella 750 Gr,"Süt, Kahvaltılık, Sark.","274,95"
Ovil Domat Kırma Yeşil Zeytin - 500 Gr.,"Süt, Kahvaltılık, Sark.","134,95"
Ovil Edremit Özel Çizik Yeşil Zeytin - 500 Gr.,"Süt, Kahvaltılık, Sark.","134,95"
Ovil El Kırması Yeşil Zey - 500 Gr.,"Süt, Kahvaltılık, Sark.","114,95"
Ovil Ev Tipi Kırma Yeşil Zeytin - 500 Gr.,"Süt, Kahvaltılık, Sark.","139,95"
Ovil Gemlik Yağlı Sele Siyah Zey - 500 Gr.,"Süt, Kahvaltılık, Sark.","99,95"
Ovil Lüks Biberli Yeşil Zeytin - 500 Gr.,"Süt, Kahvaltılık, Sark.","149,95"
Pınar Lezzetin Alası Yoğurt 500 Gr.,"Süt, Kahvaltılık, Sark.","67,95"
"Pınar %2,5 Yağlı Süt","Süt, Kahvaltılık, Sark.","69,95"
Pınar Beyaz Avantaj Paket 2*180 Gr,"Süt, Kahvaltılık, Sark.","169,95"
Pınar Bitkisel İçecek Badem'li 1Lt,"Süt, Kahvaltılık, Sark.","136,50"
Pınar Bitkisel İçecek Fındık'lı 1Lt,"Süt, Kahvaltılık, Sark.","136,50"
Pınar Bitkisel İçecek Yulaf'lı 1 Lt,"Süt, Kahvaltılık, Sark.","136,50"
Pınar Çilekli Kefir 200 Ml,"Süt, Kahvaltılık, Sark.","44,95"
Pınar Çocuk Devam Sütü 200 Ml,"Süt, Kahvaltılık, Sark.","27,95"
Pınar Denge Laktozsuz Süt 200 Ml,"Süt, Kahvaltılık, Sark.","27,95"
Pınar Denge Laktozsuz Süt 500 Ml,"Süt, Kahvaltılık, Sark.","49,95"
Pınar Hellim Peyniri 250 Gr,"Süt, Kahvaltılık, Sark.","229,95"
Pınar Kahvaltılık Bal 20 Gr,"Süt, Kahvaltılık, Sark.","13,95"
Pınar Kashkaval Kaşar Peyniri 400 Gr,"Süt, Kahvaltılık, Sark.","299,95"
Pınar Kefir 1 Lt,"Süt, Kahvaltılık, Sark.","89,95"
Pınar Kido Çilekli Süt 180 Ml,"Süt, Kahvaltılık, Sark.","19,95"
Pınar Kido Kakaolu Süt 180 Ml,"Süt, Kahvaltılık, Sark.","19,95"
Pınar Kido Muzlu Süt 180 Ml,"Süt, Kahvaltılık, Sark.","19,95"
Pınar Kuru Domatesli Labne 180 Gr,"Süt, Kahvaltılık, Sark.","79,95"
Pınar Labne Peynir 180 Gr,"Süt, Kahvaltılık, Sark.","83,90"
Pınar Labne Peynir 400 Gr,"Süt, Kahvaltılık, Sark.","144,90"
Pınar Labne Peynir Avantajlı Paket 3*180 Gr,"Süt, Kahvaltılık, Sark.","229,90"
Pınar Laktozsuz Yoğurt 750 Gr,"Süt, Kahvaltılık, Sark.","87,50"
Pınar Organik Süt 1 Lt,"Süt, Kahvaltılık, Sark.","83,50"
Pınar Organik Süt 200 Ml,"Süt, Kahvaltılık, Sark.","29,50"
Pınar Protein Çilekli Süt 500 Ml,"Süt, Kahvaltılık, Sark.","79,95"
Pınar Protein Kahveli Laktozsuz Süt 1 LT,"Süt, Kahvaltılık, Sark.","119,95"
Pınar Protein Kahveli Süt 500 Ml,"Süt, Kahvaltılık, Sark.","79,95"
Pınar Protein Kakaolu Süt 500 Ml,"Süt, Kahvaltılık, Sark.","79,95"
Pınar Protein Vanilya Aromalı Süt 500 Ml,"Süt, Kahvaltılık, Sark.","79,95"
Pınar Protein Yer Fıstığı & Muz Aromalı Süt 500 Ml,"Süt, Kahvaltılık, Sark.","79,95"
Pınar Süzme Peynir 500 Gr,"Süt, Kahvaltılık, Sark.","169,90"
Pınar Tam Yağlı Taze Beyaz Peynir 180 Gr,"Süt, Kahvaltılık, Sark.","89,95"
"Pınar Üçgen Peynir 8*12,5 Gr","Süt, Kahvaltılık, Sark.","61,50"
Pınar Uht Süt 200 Ml,"Süt, Kahvaltılık, Sark.","26,95"
Pınar Uht Süt 500 Ml,"Süt, Kahvaltılık, Sark.","44,95"
Pınar Yarım Yağlı Doğal Yoğurt 2000 Gr,"Süt, Kahvaltılık, Sark.","189,90"
Pınar Yarım Yağlı Süt 200 Ml,"Süt, Kahvaltılık, Sark.","24,95"
Pınar Yoğurt Lezzetin Alası 1000 Gr,"Süt, Kahvaltılık, Sark.","121,00"
President Blok Mozzarella 600 Gr,"Süt, Kahvaltılık, Sark.","359,90"
President Cheddar Peyniri 220 Gr,"Süt, Kahvaltılık, Sark.","239,95"
President Cheddarlı Krem Peynir 270 Gr,"Süt, Kahvaltılık, Sark.","139,95"
President Cheddarlı Üçgen Peyniri 8*100 Gr,"Süt, Kahvaltılık, Sark.","58,90"
President Ekşi Krema 285 Gr,"Süt, Kahvaltılık, Sark.","129,95"
President Marble Cheddar 220 Gr,"Süt, Kahvaltılık, Sark.","239,95"
President Red Cheddar Peyniri 220 Gr,"Süt, Kahvaltılık, Sark.","239,95"
President Tereyağı 200 Gr,"Süt, Kahvaltılık, Sark.","184,50"
Sana Bitkisel Yağlı Krema 200 Ml,"Süt, Kahvaltılık, Sark.","32,90"
Sana Ekmeküstü Kase Margarin 250 Gr,"Süt, Kahvaltılık, Sark.","56,40"
Sana Ekmeküstü Kase Margarin 500 Gr,"Süt, Kahvaltılık, Sark.","108,40"
Sana Hamur İşleri Paket Margarin 250 Gr,"Süt, Kahvaltılık, Sark.","46,40"
Sana Kase Margarin 500 Gr,"Süt, Kahvaltılık, Sark.","95,92"
Sana Klasik Kase Margarin 250 GR,"Süt, Kahvaltılık, Sark.","46,80"
Sana Paket Margarin 250 Gr,"Süt, Kahvaltılık, Sark.","36,00"
Sana Tereyağ Lezzeti Kase Margarin 500 Gr,"Süt, Kahvaltılık, Sark.","89,90"
Sana Tereyağ Lezzeti Paket Margarin 250 Gr,"Süt, Kahvaltılık, Sark.","42,80"
Sarelle Bitter Fındık Ezmesi 350 Gr,"Süt, Kahvaltılık, Sark.","196,00"
Sarelle Duo Sütlü Kakaolu Fındık Kreması 350 Gr,"Süt, Kahvaltılık, Sark.","198,00"
Sarelle Kakaolu Fındık Ezmesi 350 Gr,"Süt, Kahvaltılık, Sark.","198,00"
Sarelle Kakaolu Fındık Ezmesi 700 Gr,"Süt, Kahvaltılık, Sark.","345,00"
Sarelle Şeker İlavesiz Kakaolu Fındık Ezmesi 350 Gr,"Süt, Kahvaltılık, Sark.","245,00"
Şık Taze Yufka - 500 Gr.,"Süt, Kahvaltılık, Sark.","79,98"
SüperFresh Aile Boyu Mantı 1000 Gr,"Süt, Kahvaltılık, Sark.","365,00"
Sütaş Ananaslı Meyveli Yoğurt 4*115 Gr,"Süt, Kahvaltılık, Sark.","92,95"
Sütaş Çilekli Yoğurt 500 Gr,"Süt, Kahvaltılık, Sark.","74,50"
Sütaş Dilimli Kaşar Peyniri 150 Gr,"Süt, Kahvaltılık, Sark.","99,95"
Sütaş Dilimli Tost Peyniri 350 Gr,"Süt, Kahvaltılık, Sark.","199,95"
Sütaş Dilimli Tost Peyniri 60 Gr,"Süt, Kahvaltılık, Sark.","39,95"
Sütaş Doğal Süzme Yoğurt 375 gr,"Süt, Kahvaltılık, Sark.","64,95"
Sütaş Hüptrik Çilek Kremalı 3*40 Gr,"Süt, Kahvaltılık, Sark.","19,95"
Sütaş Hüptrik Çilekli 5*30 Gr,"Süt, Kahvaltılık, Sark.","29,95"
Sütaş Kaf Kefir Çilek 1 Lt,"Süt, Kahvaltılık, Sark.","109,90"
Sütaş Kaf Kefir Orman Meyveli 250 ml,"Süt, Kahvaltılık, Sark.","42,95"
Sütaş Kakaolu Süt 200 Ml,"Süt, Kahvaltılık, Sark.","18,95"
Sütaş Kaşar Peyniri 400 Gr,"Süt, Kahvaltılık, Sark.","239,95"
Sütaş Kaşar Peyniri 600 Gr,"Süt, Kahvaltılık, Sark.","299,90"
Sütaş Kaymaklı Tava Yoğurt 1000 Gr,"Süt, Kahvaltılık, Sark.","125,95"
Sütaş Kaymaklı Yoğurt 500 Gr,"Süt, Kahvaltılık, Sark.","72,95"
Sütaş Kaymaksız Yoğurt 2000 Gr,"Süt, Kahvaltılık, Sark.","139,95"
Sütaş Kaymaksız Yoğurt 600 Gr,"Süt, Kahvaltılık, Sark.","59,95"
Sütaş Klasik Beyaz Peynir 450 Gr,"Süt, Kahvaltılık, Sark.","279,90"
Sütaş Klasik Cheddar Peyniri 200 gr,"Süt, Kahvaltılık, Sark.","139,95"
Sütaş Krem Peynir 150 Gr,"Süt, Kahvaltılık, Sark.","56,95"
Sütaş Krem Peynir 300 Gr,"Süt, Kahvaltılık, Sark.","109,95"
Sütaş Labne 400 Gr,"Süt, Kahvaltılık, Sark.","139,95"
Sütaş Labne Avantaj Paket 3*180 Gr,"Süt, Kahvaltılık, Sark.","199,95"
Sütaş Laktozsuz Süt 1 Lt,"Süt, Kahvaltılık, Sark.","69,95"
Sütaş Light Beyaz Peynir 700 Gr,"Süt, Kahvaltılık, Sark.","209,95"
Sütaş Light Yoğurt 650 Gr,"Süt, Kahvaltılık, Sark.","64,95"
Sütaş Minimix Çilekli 90 Gr,"Süt, Kahvaltılık, Sark.","52,95"
Sütaş Minimix Orman Meyveli 90 Gr,"Süt, Kahvaltılık, Sark.","52,95"
Sütaş Muz Aromalı Süt 200 Ml,"Süt, Kahvaltılık, Sark.","18,95"
Sütaş Orman Meyveli Yoğurt 4*115 Gr,"Süt, Kahvaltılık, Sark.","92,95"
"Sütaş Peynir Üçgen 16*12,5 Gr","Süt, Kahvaltılık, Sark.","99,95"
Sütaş Şeftali-Kayısılı Yoğurt 4*115 Gr,"Süt, Kahvaltılık, Sark.","92,95"
Sütaş Süzme Beyaz Peynir 250 Gr,"Süt, Kahvaltılık, Sark.","69,95"
Sütaş Süzme Beyaz Peynir 500 Gr,"Süt, Kahvaltılık, Sark.","159,95"
Sütaş Süzme Beyaz Peynir 900 Gr,"Süt, Kahvaltılık, Sark.","269,95"
Sütaş Süzme Yoğurt 750 Gr,"Süt, Kahvaltılık, Sark.","139,50"
Sütaş Tam Yağlı Beyaz Peynir 900 Gr,"Süt, Kahvaltılık, Sark.","299,95"
Sütaş Tam Yağlı İnek Peyniri 500 Gr,"Süt, Kahvaltılık, Sark.","179,95"
"Sütaş Tam Yağlı Süt (%3,5 Yağ) 200 Ml","Süt, Kahvaltılık, Sark.","19,95"
Sütaş Tam Yağlı Süt 1 Lt,"Süt, Kahvaltılık, Sark.","69,95"
Sütaş Tereyağ 125 Gr,"Süt, Kahvaltılık, Sark.","109,95"
Sütaş Tereyağ 250 Gr,"Süt, Kahvaltılık, Sark.","199,95"
Sütaş Tereyağ 750 Ml,"Süt, Kahvaltılık, Sark.","499,50"
Sütaş Tereyağ Yayık 225 Gr,"Süt, Kahvaltılık, Sark.","195,00"
Sütaş Tereyağ Yayık 450 Gr,"Süt, Kahvaltılık, Sark.","359,95"
Sütaş Üçgen Peynir 8*12 Gr,"Süt, Kahvaltılık, Sark.","52,95"
Sütaş Yarım Yağlı Kaymaksız Kase Yoğurt 3000 Gr,"Süt, Kahvaltılık, Sark.","209,95"
Teksüt Kaşar Peyniri 600 Gr,"Süt, Kahvaltılık, Sark.","239,90"
Teksüt Mazzarella Peyniri 200 Gr,"Süt, Kahvaltılık, Sark.","149,95"
Teksüt Peynir Krem 270 gr,"Süt, Kahvaltılık, Sark.","99,95"
Teksüt Yarım Yağlı 1 Lt,"Süt, Kahvaltılık, Sark.","49,90"
Teremyağ Kase Margarin 250 Gr,"Süt, Kahvaltılık, Sark.","65,95"
Teremyağ Kase Margarin 500 Gr,"Süt, Kahvaltılık, Sark.","125,90"
Teremyağ Paket Margarin 250 Gr,"Süt, Kahvaltılık, Sark.","54,00"
Tire Organik Yumurta 10lu,"Süt, Kahvaltılık, Sark.","144,95"
Tire Süt Kooperatifi Pastörize Süt Poşet 1 Lt,"Süt, Kahvaltılık, Sark.","72,95"
Torku Banada Kakaolu Fındık Kreması 400 Gr,"Süt, Kahvaltılık, Sark.","154,95"
Torku Banada Kakaolu Fındık Kreması 700 Gr,"Süt, Kahvaltılık, Sark.","239,95"
Torku Tam Yağlı Süzme Peynir 450 Gr,"Süt, Kahvaltılık, Sark.","139,90"
Torku Tam Yağlı Tost Peyniri 600 Gr,"Süt, Kahvaltılık, Sark.","279,90"
Torku Tam Yağlı Yoğurt 900 Gr,"Süt, Kahvaltılık, Sark.","79,90"
Torku Yağlı Uht Süt 1 Lt,"Süt, Kahvaltılık, Sark.","59,95"
Tukaş Ahududu Reçeli 380 Gr,"Süt, Kahvaltılık, Sark.","89,95"
Tukaş Böğürtlen Reçeli 380 Gr,"Süt, Kahvaltılık, Sark.","89,95"
Tukaş Çilek Reçeli 380 Gr,"Süt, Kahvaltılık, Sark.","83,95"
Tukaş Kahvaltılık Sos 300 Gr,"Süt, Kahvaltılık, Sark.","64,90"
Tukaş Kayısı Reçeli 380 Gr,"Süt, Kahvaltılık, Sark.","83,95"
Tukaş Paprika Sos 350 Gr,"Süt, Kahvaltılık, Sark.","69,90"
Tukaş Vişne Reçeli 380 Gr,"Süt, Kahvaltılık, Sark.","119,95"
Uğurhan Acılı Ezme 220 Gr,"Süt, Kahvaltılık, Sark.","79,95"
Ülker Coco Pops Mısır Gevreği 700 Gr,"Süt, Kahvaltılık, Sark.","187,95"
Ülker Çokokrem 400 Gr,"Süt, Kahvaltılık, Sark.","112,50"
Ülker Çokokrem 650 Gr,"Süt, Kahvaltılık, Sark.","270,00"
Ülker Çokokrem Cam Kavanoz 350 Gr,"Süt, Kahvaltılık, Sark.","155,00"
Ülker Çokokrem Pet Kavanoz 350 Gr,"Süt, Kahvaltılık, Sark.","155,00"
Ülker Çokokrem Tüp 40 Gr,"Süt, Kahvaltılık, Sark.","28,50"
Ülker Kellogs Special Sade 420 Gr,"Süt, Kahvaltılık, Sark.","123,95"
Uysal Ezine Peyn - 500 Gr.,"Süt, Kahvaltılık, Sark.","349,95"
WeFood Glutensiz Kakao & Fındıklı Granola 250 Gr,"Süt, Kahvaltılık, Sark.","249,95"
WeFood Glutensiz Kırmızı Meyveli & Baddemli Granola 250 ML,"Süt, Kahvaltılık, Sark.","249,95"
WeFood Glutensiz Kuru İncir & Cevizli Granola 250 ML,"Süt, Kahvaltılık, Sark.","249,95"
WeFood İnce Öğütülmüş Glutensiz Yulaf Ezmesi 300 Gr,"Süt, Kahvaltılık, Sark.","109,95"
Yayla Meksika Soslu Pilaki 400 Gr,"Süt, Kahvaltılık, Sark.","84,95"
Yenigün Çilek Reçeli 380 gr,"Süt, Kahvaltılık, Sark.","95,90"
Yenigün Geleneksel Ahududu Reçeli 380 gr,"Süt, Kahvaltılık, Sark.","117,90"
Yenigün Geleneksel Cevizli İncir Reçeli 380 gr,"Süt, Kahvaltılık, Sark.","117,90"
Yenigün Geleneksel Gül Reçeli 380 gr,"Süt, Kahvaltılık, Sark.","95,90"
Yenigün Geleneksel Karadut Reçeli 380 gr,"Süt, Kahvaltılık, Sark.","117,90"
Yenigün Geleneksel Yeşil İncir Reçeli 380 gr,"Süt, Kahvaltılık, Sark.","95,90"
Yenigün Kayısı Reçeli 380 gr,"Süt, Kahvaltılık, Sark.","95,90"
Yenigün Keçiboynuzu Özü 640Gr,"Süt, Kahvaltılık, Sark.","168,90"
Yenigün Kızılcık Marmelatı 380 Gr,"Süt, Kahvaltılık, Sark.","119,90"
Yenigün Organik Çilek Reçeli 290 Gr,"Süt, Kahvaltılık, Sark.","258,90"
Yenigün Organik Vişne Reçeli 290 Gr,"Süt, Kahvaltılık, Sark.","282,90"
Yenigün Şeker İlavesiz Çilek Reçeli 290 Gr,"Süt, Kahvaltılık, Sark.","234,90"
Yenigün Şeker İlavesiz Karışık Reçel 290 Gr,"Süt, Kahvaltılık, Sark.","234,90"
Yenigün Şeker İlavesiz Organik Kayısı Reçeli 290 Gr,"Süt, Kahvaltılık, Sark.","258,90"
Yenigün Şeker İlavesiz Vişne Reçeli 290 Gr,"Süt, Kahvaltılık, Sark.","234,90"
Yenigün Süt Reçeli 250 Gr,"Süt, Kahvaltılık, Sark.","112,90"
Yenigün Tahin 610Gr,"Süt, Kahvaltılık, Sark.","188,90"
Yenigün Üzüm Pekmezi 800Gr,"Süt, Kahvaltılık, Sark.","188,90"
Yenigün Vişne Reçeli 380 gr,"Süt, Kahvaltılık, Sark.","119,95"
Yeşil Foça Gezen Tavuk Yumurtası 10'lu Large,"Süt, Kahvaltılık, Sark.","119,90"
Yöresel Mihaliç Peyn - 500 Gr.,"Süt, Kahvaltılık, Sark.","274,95"
Yöresel Sepet Peyn - 500 Gr.,"Süt, Kahvaltılık, Sark.","274,95"
Yörükoğlu Az Yağlı Yoğurt 1750 Gr,"Süt, Kahvaltılık, Sark.","109,90"
Yörükoğlu Homojenize Yoğurt 750 Gr,"Süt, Kahvaltılık, Sark.","69,90"
Yörükoğlu Kaşar Peyniri 400 Gr,"Süt, Kahvaltılık, Sark.","209,90"
Yörükoğlu Kaşar Peyniri 600 Gr,"Süt, Kahvaltılık, Sark.","299,90"
Yörükoğlu Labne Peynir 350 Gr,"Süt, Kahvaltılık, Sark.","89,90"
Yörükoğlu Pişirmelik %15 Yağlı Krema 200 Ml,"Süt, Kahvaltılık, Sark.","45,00"
Yörükoğlu Süzme Peynir 450 Gr,"Süt, Kahvaltılık, Sark.","109,90"
Yörükoğlu Süzme Yoğurt 850 Gr,"Süt, Kahvaltılık, Sark.","149,90"
Yörükoğlu Tam Yağlı İnek Peyniri 500 Gr,"Süt, Kahvaltılık, Sark.","159,90"
Yörükoğlu Tereyağ 1 Kg,"Süt, Kahvaltılık, Sark.","659,90"
Yörükoğlu Tereyağ 500 Gr,"Süt, Kahvaltılık, Sark.","339,90"
Yörükoğlu Yarım Yağlı Homojenize Yoğurt 2000 Gr,"Süt, Kahvaltılık, Sark.","119,90"
Yörükoğlu Yarım Yağlı Süt 1 Lt,"Süt, Kahvaltılık, Sark.","39,90"
Züber %100 Fıstık Ezmesi 315 Gr,"Süt, Kahvaltılık, Sark.","349,95"
Züber Antep Fıstığı Kreması 200 Gr,"Süt, Kahvaltılık, Sark.","349,95"
Züber Kakaolu Fındık Kreması 315g,"Süt, Kahvaltılık, Sark.","349,95"
Züber Original Fıstık Ezmesi 315g,"Süt, Kahvaltılık, Sark.","349,95"
Züber Peanutzilla Kakaolu Fıstık Kreması 315 Gr,"Süt, Kahvaltılık, Sark.","239,95"
Zühre Ana Karadut Özü 670 Gr,"Süt, Kahvaltılık, Sark.","299,90"
Zühre Ana Kids Kakaolu Macun 240 Gr,"Süt, Kahvaltılık, Sark.","299,90"
Zühre Ana Kozalak Macunu 240 Gr,"Süt, Kahvaltılık, Sark.","299,90"
Ramazan Kolisi,Temel Gıda,"899,95"
Ramazan Kolisi,Temel Gıda,"699,95"
Abalı Yağ Pet Şişe Ayçiçek Yağı 1LT,Temel Gıda,"119,90"
Abalı Yağ Pet Şişe Ayçiçek Yağı 2LT,Temel Gıda,"229,90"
Abalı Yağ Pet Şişe Ayçiçek Yağı 4LT,Temel Gıda,"359,90"
Agora Kapari Cam 185 Cc,Temel Gıda,"84,90"
AKTAT TURŞU ÇUBUK NO:1 ( - 500 Gr.,Temel Gıda,"113,95"
Aktat Turşu Jalapone Biber - 500 Gr.,Temel Gıda,"49,95"
Aktat Turşu Karışık - 500 Gr.,Temel Gıda,"64,95"
Ala Çiftçi Dermasyon Fasulye 1 Kg,Temel Gıda,"67,50"
Ala Çiftçi Koçbaşı Nohut 1 kg,Temel Gıda,"59,50"
Ala Çiftçi Köftelik Bulgur 1 kg,Temel Gıda,"30,00"
Ala Çiftçi Osmancık Pirinç 1 kg,Temel Gıda,"67,50"
Ala Çiftçi Pilavlık Bulgur 1 kg,Temel Gıda,"30,00"
Ala Çiftçi Uzun Tane Pirinç 1 kg,Temel Gıda,"45,95"
Alaçatı Damla Sakızlı Kurabiye 250 Gr,Temel Gıda,"209,95"
Alaçatı Tahinli Kurabiye 250 Gr,Temel Gıda,"209,95"
Alaçatı Tarçınlı Kurabiye 250 Gr,Temel Gıda,"209,95"
Alaçatı Tuzlu Simit Kurabiye 250 Gr,Temel Gıda,"209,95"
Alaçatı Üzümlü Kurabiye 250 Gr,Temel Gıda,"209,95"
Ally Tortilla 15 Cm Lavaş 10 Lu Vegan 300 Gr,Temel Gıda,"79,95"
Aly Taco Shells 12'li 135 Gr.,Temel Gıda,"119,90"
Aly Vegan Tortilla 6'lı 390 Gr,Temel Gıda,"89,95"
Ankara Boncuk Makarna 500 Gr,Temel Gıda,"30,95"
Ankara Fırın Makarna 500 Gr,Temel Gıda,"30,95"
Ankara Kalem Makarna 500 Gr,Temel Gıda,"30,95"
Ankara Kelebek Makarna 500 Gr,Temel Gıda,"30,95"
Ankara Kepekli Burgu Makarna 350 Gr,Temel Gıda,"37,95"
Ankara Kepekli Çubuk Makarna 350 Gr,Temel Gıda,"37,95"
Ankara Kuskus Makarna 500 Gr,Temel Gıda,"30,95"
Ankara Linguine Makarna 500 Gr,Temel Gıda,"30,95"
Ankara Mantı Makarna 500 Gr,Temel Gıda,"30,95"
Ankara Sebzeli Burgu Makarna 350 Gr,Temel Gıda,"36,95"
Ankara Tam Buğday Penne Makarna 500 Gr,Temel Gıda,"38,75"
Ankara Tam Buğday Spaghetti Makarna 500 Gr,Temel Gıda,"38,75"
Ankara Vakumlu İrmik 500 Gr,Temel Gıda,"34,95"
Ankara Yüksük Makarna 500 Gr,Temel Gıda,"30,95"
Aoç Kakoulu Dondurma 100Ml,Temel Gıda,"65,00"
Arslanoğlu Kemalpaşa Tatlısı,Temel Gıda,"99,95"
Arslanoğlu Peynir Tatlısı,Temel Gıda,"99,95"
Arslanoğlu Şekerpare 240 Gr,Temel Gıda,"79,96"
Asi Künefe Cevizli Baklava 370 Gr,Temel Gıda,"195,00"
Asi Künefe Fıstıklı Baklava 370 Gr,Temel Gıda,"345,00"
Asi Künefe Fıstıklı Soğuk Baklava 370 Gr,Temel Gıda,"335,00"
Asi Künefe Katmer 150 Gr,Temel Gıda,"125,00"
Asi Künefe Şerbetli Künefe 2'li Kutulu 270 Gr,Temel Gıda,"185,00"
Asi Künefe Sufle 2'li Kutulu 280 Gr,Temel Gıda,"260,00"
Asi Künefe Tekli Künefe 135 Gr,Temel Gıda,"85,00"
Aytad Ayçekirdekli Galeta 150 Gr.,Temel Gıda,"79,90"
Aytad Beze 80 Gr.,Temel Gıda,"79,90"
Azmanlı Acılı Ev Tarhanası 500 Gr,Temel Gıda,"119,90"
Azmanlı Tatlı Ev Tarhanası 500 Gr,Temel Gıda,"119,90"
Bağdat Acı Bıber Quadro 75 Gr,Temel Gıda,"74,95"
Bağdat Baharat Biberiye 35 Gr,Temel Gıda,"46,95"
Bağdat Baharat Cam Değirmenli Tane Karabiber 50 Gr,Temel Gıda,"159,95"
Bağdat Baharat Çiğ Köfte Harcı 70 Gr,Temel Gıda,"59,95"
Bağdat Baharat Defne Yaprağı 6 Gr,Temel Gıda,"29,95"
Bağdat Baharat Fesleğen 30 Gr,Temel Gıda,"34,95"
Bağdat Baharat Hindistan Cevizi 160 Gr,Temel Gıda,"159,95"
Bağdat Baharat İsot Biber 80 Gr,Temel Gıda,"74,95"
Bağdat Baharat Karabiber 40 Gr,Temel Gıda,"56,96"
Bağdat Baharat Karışık Tane Biber 45 Gr,Temel Gıda,"159,95"
Bağdat Baharat Kekik 60 Gr,Temel Gıda,"173,95"
Bağdat Baharat Kekik Cam 13 Gr,Temel Gıda,"45,95"
Bağdat Baharat Mahlep 30 Gr,Temel Gıda,"159,95"
Bağdat Baharat Mavi Haşhaş 80 Gr,Temel Gıda,"64,95"
Bağdat Baharat Nane 70 Gr,Temel Gıda,"74,95"
Bağdat Baharat Pul Biber 210 Gr,Temel Gıda,"159,95"
Bağdat Baharat Sarımsak Toz Tuzluklu Kapak 48 Gr,Temel Gıda,"89,95"
Bağdat Baharat Sofrada Öğütme Tuzu 110 Gr,Temel Gıda,"99,95"
Bağdat Baharat Soğan Tozu Tuzluklu Kapak 38 Gr,Temel Gıda,"79,95"
Bağdat Baharat Tatlı Biber 75 Gr,Temel Gıda,"55,46"
Bağdat Baharat Tavuk Harcı 65 Gr,Temel Gıda,"55,95"
Bağdat Baharat Yeni Bahar 40 Gr,Temel Gıda,"84,95"
Bağdat Baharat Zencefil 60 Gr,Temel Gıda,"64,95"
Bağdat Baharat Zerdeçal 55 Gr,Temel Gıda,"87,95"
Bağdat Cajun Patates Çeşnili Baharat 80 GR,Temel Gıda,"79,95"
Bağdat Cam Tuzluklu Kimyon 48 Gr,Temel Gıda,"89,95"
Bağdat Cam Tuzluklu Toz Karabiber 55 Gr,Temel Gıda,"132,95"
Bağdat Çörek Otu 75 Gr,Temel Gıda,"69,95"
Bağdat Dolmalık Fıstık 23 Gr,Temel Gıda,"179,95"
Bağdat Ekstra Acı Pul Biber 80 Gr,Temel Gıda,"74,95"
Bağdat Galeta Unu 250 Gr,Temel Gıda,"34,95"
Bağdat Hindistan Cevizi 50 Gr,Temel Gıda,"44,96"
Bağdat Kabuk Tarçın 45 Gr,Temel Gıda,"68,95"
Bağdat Karbonat 150 Gr,Temel Gıda,"32,95"
Bağdat Kekik 25 Gr,Temel Gıda,"59,96"
Bağdat Kimyon 75 Gr,Temel Gıda,"57,71"
Bağdat Köfte Harcı 90 Gr,Temel Gıda,"46,95"
Bağdat Köri 70 Gr,Temel Gıda,"64,95"
Bağdat Kuş Üzümü 40 Gr,Temel Gıda,"79,95"
Bağdat Limon Tuzu 60 Gr,Temel Gıda,"46,95"
Bağdat Mısır Unu 250 Gr,Temel Gıda,"29,95"
Bağdat Nane 30 Gr,Temel Gıda,"27,71"
Bağdat Pasta Süsü 50 Gr,Temel Gıda,"23,90"
Bağdat Pul Biber 80 Gr,Temel Gıda,"55,46"
Bağdat Sarımsak Granül Baharat 40 GR,Temel Gıda,"49,95"
Bağdat Sebzeli Çeşni Baharat 250 GR,Temel Gıda,"69,95"
Bağdat Sumak 80 Gr,Temel Gıda,"94,95"
Bağdat Susam 75 Gr,Temel Gıda,"37,46"
Bağdat Tane Karabiber 40 Gr,Temel Gıda,"75,95"
Bağdat Toz Tarçın 45 Gr,Temel Gıda,"54,95"
Bağdat Zerdeçal 70 Gr.,Temel Gıda,"59,95"
Balküpü Toz Şeker 1 KG,Temel Gıda,"58,50"
Balocco Savoıardı Kedi Dili 200 Gr,Temel Gıda,"152,90"
Barilla Arrabbiata Makarna Sosu 400 Gr,Temel Gıda,"86,21"
Barilla Conchiglie Rigate (Mini Midye) Makarna 500 Gr,Temel Gıda,"52,95"
Barilla Farfalle (Mini Kelebek) Makarna 500 Gr,Temel Gıda,"52,95"
Barilla Farfalle Tonde (Fiyonk) Makarna 500 Gr,Temel Gıda,"52,95"
Barilla Fusulli (Burgu) Makarna 500 Gr,Temel Gıda,"52,95"
Barilla Glutensiz Burgu Makarna 400 Gr,Temel Gıda,"179,95"
Barilla Glutensiz Penne Rigate Makarna 400 Gr,Temel Gıda,"179,95"
Barilla Glutensiz Spaghetti 400 Gr,Temel Gıda,"179,95"
Barilla Lazanya 500 Gr,Temel Gıda,"145,95"
Barilla Linguine (Yassı) Spagetti Makarna 500 Gr,Temel Gıda,"52,95"
Barilla Napoliten (Napoletana) Makarna Sosu 400 Gr,Temel Gıda,"86,21"
Barilla Penne Rigate (Kalem) 500 Gr,Temel Gıda,"52,95"
Barilla Spaghetti Çubuk Makarna 500 Gr,Temel Gıda,"52,95"
Barilla Tam Buğday Fusilli (Burgu)Makarna 400 Gr,Temel Gıda,"52,95"
Barilla Tam Buğday Pennette Rigate(Kalem) Makarna 400 Gr,Temel Gıda,"52,95"
Barilla Tam Buğday Spagetti Makarna 400 Gr,Temel Gıda,"52,95"
Billur İyotlu Tuz 750 Gr,Temel Gıda,"24,95"
Bizim Domates Çorbası 65 Gr,Temel Gıda,"37,95"
Bizim Mercimek Çorbası 72 Gr,Temel Gıda,"37,95"
Bizim Mutfak Çıtır Tavuk Pane Harcı 88 Gr,Temel Gıda,"43,95"
Bizim Mutfak Et Suyu Bulyon 12'li,Temel Gıda,"54,95"
Bizim Mutfak Et Suyu Bulyon 24'lü,Temel Gıda,"92,95"
Bizim Mutfak Ezogelin Çorbası 80 Gr,Temel Gıda,"37,95"
Bizim Mutfak İşkembe Çorbası 65 Gr,Temel Gıda,"37,95"
Bizim Mutfak Kemik Suyu Bulyon 12'li 120 Gr,Temel Gıda,"49,90"
Bizim Mutfak Kemik Suyuna Mercimek Çorbası 72 Gr,Temel Gıda,"37,95"
Bizim Mutfak Köfte Harcı,Temel Gıda,"43,95"
Bizim Mutfak Kremalı Mantar Çorbası,Temel Gıda,"37,95"
Bizim Mutfak Kremalı Tavuk Çorbası 62 Gr,Temel Gıda,"37,95"
Bizim Mutfak Tavuk Suyu Bulyon 12'li,Temel Gıda,"54,95"
Bizim Mutfak Tavuk Suyu Bulyon 24'lü,Temel Gıda,"92,95"
Bizim Mutfak Yayla Çorbası,Temel Gıda,"37,95"
Bizim Şehriyeli Tavuk Çorbası 51 Gr,Temel Gıda,"37,95"
Bizim Tarhana Çorbası 65 Gr,Temel Gıda,"37,95"
Bünsa Galeta Unu 400 Gr,Temel Gıda,"55,95"
Bünsa Mısır Unu 400 Gr,Temel Gıda,"47,95"
Burcu Bamya Konservesi 550 Gr,Temel Gıda,"139,95"
Burcu Bezelye Konservesi 570 Gr,Temel Gıda,"47,90"
Burcu Bütün Mantar Konservesi 310 Gr,Temel Gıda,"89,90"
Burcu Domates Rendesi 685 Gr,Temel Gıda,"39,95"
Burcu Domates Salçası 600 Gr,Temel Gıda,"69,95"
Burcu Domates Salçası 830 Gr,Temel Gıda,"59,90"
Burcu Domates&Biber Karışık Salça 600 Gr,Temel Gıda,"99,90"
Burcu Enginar Konservesi 540 Gr,Temel Gıda,"199,90"
Burcu Ev Tipi Acı Biber Salçası 600 Gr,Temel Gıda,"109,90"
Burcu Ev Tipi Domates Salçası 1500 Gr,Temel Gıda,"159,90"
Burcu Ev Tipi Tatlı Biber Salçası 1500 Gr,Temel Gıda,"249,90"
Burcu Ev Tipi Tatlı Biber Salçası 600 Gr,Temel Gıda,"109,90"
Burcu Garnitür Konserve 570 Gr,Temel Gıda,"47,90"
Burcu Haşlama Fasulye 600 Gr,Temel Gıda,"59,90"
Burcu Haşlama Nohut 600 Gr,Temel Gıda,"59,90"
Burcu İkili Set Ketçap 650 Gr+Mayonez 550 Gr,Temel Gıda,"99,95"
Burcu Közlenmiş Biber 560 Gr,Temel Gıda,"119,90"
Burcu Kuru Patlıcan Dolma 200 Gr,Temel Gıda,"99,90"
Burcu Maş Fasulyeli Tavuk Salatası 150 Gr,Temel Gıda,"82,95"
Burcu Meksika Fasulyeli Tavuk Salatası 150 Gr,Temel Gıda,"82,95"
Burcu Meksika Usulü Pilav 250 Gr,Temel Gıda,"59,90"
Burcu Mısır Haşlama 320 Gr,Temel Gıda,"49,95"
Burcu Nohutlu Pilav 250 Gr,Temel Gıda,"59,90"
Burcu Organik Domates Salçası 580 Gr,Temel Gıda,"109,95"
Burcu Özbek Pilavı 200 GR,Temel Gıda,"119,90"
Burcu Patlıcan Salatası Kavanoz 560 Gr,Temel Gıda,"79,95"
Burcu Pilaf Sade Pilav 250 Gr,Temel Gıda,"59,90"
Burcu Tahıllı Tavuk Salatası 150 Gr,Temel Gıda,"82,95"
Burcu Zerdeçallı Pilav 250 Gr,Temel Gıda,"59,90"
Burcu Zeytinyağlı Enginar 200 Gr,Temel Gıda,"69,90"
Burcu Zeytinyağlı Yaprak Sarma 200 Gr,Temel Gıda,"99,90"
Calve Acı Peri Peri Sos 245 Gr,Temel Gıda,"74,96"
Calve Acı Sos 265 Gr,Temel Gıda,"74,96"
Calve Acılı Ketçap 610 Gr,Temel Gıda,"99,95"
Calve Barbekü Sos 290 Gr,Temel Gıda,"74,96"
Calve Burger Sos 245Gr,Temel Gıda,"74,96"
Calve Cheddar Jalapeno Gurme Mayonez 240 Gr,Temel Gıda,"99,95"
Calve Cheddar Sos 240 Gr,Temel Gıda,"74,96"
Calve Hardal Sos 250 Gr,Temel Gıda,"97,46"
Calve Ketçap 610 Gr,Temel Gıda,"99,95"
Calve Ketçap 610 Gr + Mayonez 550 Gr Set,Temel Gıda,"129,95"
Calve Ranch Sos 245 Gr,Temel Gıda,"74,96"
CALVE SRIRACHA MAYONEZ 240G,Temel Gıda,"149,95"
Calve Yağı Azaltılmış Mayonez 380 Gr,Temel Gıda,"129,95"
Cep Sodası 45 Gr,Temel Gıda,"10,95"
Cep Sodası 90 Gr,Temel Gıda,"20,95"
Cevher İri Salamura Tuzu 3 Kg,Temel Gıda,"42,90"
Cıvıta Fusıllı Makarna 450 Gr,Temel Gıda,"139,95"
Cıvıta Spagetti Makarna 450 Gr,Temel Gıda,"139,95"
Cıvıta Teddy Ayıcıklı Makarna 450 Gr,Temel Gıda,"139,95"
Coolcook Dana Etli İçli Köfte 160 Gr (4*40 Gr),Temel Gıda,"124,95"
Coolcook Etli Mini İçli Köfte 150 Gr,Temel Gıda,"109,95"
Dankek Rulo Muzlu Pasta 28 Gr,Temel Gıda,"10,00"
Dardanel Aç Ye Fasulyeli Ton Balığı 160 Gr,Temel Gıda,"127,46"
Dardanel Aç Ye Mısırlı Ton Balığı 160 Gr,Temel Gıda,"127,46"
Dardanel California Onigiri 125 Gr,Temel Gıda,"115,00"
Dardanel California Roll Sushı 250 Gr,Temel Gıda,"309,00"
Dardanel Çimçim Karides 250 Gr,Temel Gıda,"295,00"
Dardanel Fısh Fınger 400 Gr,Temel Gıda,"235,00"
Dardanel Haşlanmış Norveç Karidesi 200 Gr,Temel Gıda,"325,00"
Dardanel Kalamar Tava 300 Gr,Temel Gıda,"479,00"
Dardanel Klasik Ton Balığı 3*140 Gr,Temel Gıda,"176,25"
Dardanel Kolay Pişir Petso Soslu Lınguıne 400 Gr,Temel Gıda,"269,00"
Dardanel Mezgit Pane 300 Gr,Temel Gıda,"269,00"
Dardanel Phıladerphıa Roll Sushı 250 Ml,Temel Gıda,"309,00"
Dardanel Somon Teriyaki Onigiri 125 Gr,Temel Gıda,"115,00"
Dardanel Sushida California Maki 140 gr,Temel Gıda,"199,00"
Dardanel Sushida Somon Maki 140 gr,Temel Gıda,"199,00"
Dardanel Sushida Ton Maki 140 gr,Temel Gıda,"199,00"
Dardanel Tokyo Mix Sushı 190 Gr,Temel Gıda,"329,00"
Dardanel Ton Balığı 2*150 Gr,Temel Gıda,"292,46"
Dardanel Ton Balığı 3*75 Gr,Temel Gıda,"277,46"
Dardanel Ton Balığı 4*75 Gr,Temel Gıda,"333,75"
Dardanel Ton Balığı 4*75 Gr,Temel Gıda,"277,46"
Dardanel Ton Eko 4*75 Gr Hediyeli,Temel Gıda,"194,96"
Dardanel Ton Zeytinyağlı 3*75 Gr,Temel Gıda,"399,95"
Dardanel Zeytinyağlı Somon Balığı 80 Gr,Temel Gıda,"161,21"
Dardanel Zeytinyağlı Ton Balığı + Makarna,Temel Gıda,"333,75"
Dardanel Zeytinyağlı Ton Balığı 2*140 Gr,Temel Gıda,"322,46"
Dr Oetker İnstant Vanilya Aromalı Pastacı Kreması,Temel Gıda,"19,95"
Dr Oetker Airfryer Çikolatalı Muffin 190 Gr,Temel Gıda,"104,90"
Dr Oetker Airfryer Cinnamon Roll 485 Gr,Temel Gıda,"104,90"
Dr Oetker Kakaolu Çubuk Pasta Süsü 10 Gr,Temel Gıda,"27,95"
Dr Oetker Keçiboynuzu Unu 100 Gr,Temel Gıda,"33,25"
Dr Oetker Pirinç Unu 200 Gr,Temel Gıda,"42,95"
Dr. Oetker Aşure 222 Gr,Temel Gıda,"74,95"
Dr. Oetker Bitter Çikolata Parçaları 70 Gr,Temel Gıda,"139,45"
Dr. Oetker Bitter Çikolatalı 111 Gr,Temel Gıda,"45,95"
Dr. Oetker Böğürtlen Soslu Trileçe 315 Gr,Temel Gıda,"99,95"
Dr. Oetker Buğday Nişastası 400 Gr,Temel Gıda,"77,95"
Dr. Oetker Çikolata Parça&Vanilinli Bardakta Puding 34 Gr,Temel Gıda,"23,95"
"Dr. Oetker Çikolata Parçaları(Sütlü, Bitter, Beyaz) 70 Gr",Temel Gıda,"139,45"
Dr. Oetker Çikolata Parçalı Kurabiye Toz Karışım 223 Gr,Temel Gıda,"109,95"
Dr. Oetker Çikolata Parçalı Puding 115 Gr,Temel Gıda,"45,95"
Dr. Oetker Çikolata Parçalı Vanilyalı Creme Ole 91 Gr,Temel Gıda,"51,95"
Dr. Oetker Çikolata Şelalesi 195 Gr,Temel Gıda,"142,95"
Dr. Oetker Çikolata&Fındıklı Puding 102 Gr,Temel Gıda,"45,95"
Dr. Oetker Çikolatalı Bardakta Puding 35 Gr,Temel Gıda,"23,95"
Dr. Oetker Çikolatalı Creme Ole 114 Gr,Temel Gıda,"51,95"
Dr. Oetker Çikolatalı Muffin 345 Gr,Temel Gıda,"153,45"
Dr. Oetker Çikolatalı Sos Toz Karışım 123 Gr,Temel Gıda,"57,95"
Dr. Oetker Çikolatalı&Antep Fıstıklı Puding 100 Gr,Temel Gıda,"45,95"
Dr. Oetker Çilek Aromalı Bitkisel Jel 100 Gr,Temel Gıda,"41,95"
Dr. Oetker Çilekli Bitkisel Jel 100 Gr,Temel Gıda,"41,95"
Dr. Oetker Çilekli Puding 120 Gr,Temel Gıda,"32,95"
Dr. Oetker Dört Mevsim Kek 384 Gr,Temel Gıda,"136,95"
Dr. Oetker Glutensiz Kakao 70 Gr,Temel Gıda,"83,95"
Dr. Oetker Glutensiz Kakaolu Puding 147 Gr,Temel Gıda,"55,95"
Dr. Oetker Glutensiz Krem Şanti 72 Gr,Temel Gıda,"41,45"
Dr. Oetker Glutensiz Mısır Nişastası 150 Gr,Temel Gıda,"27,95"
Dr. Oetker Glutensiz Pirinç Unu 175 Gr,Temel Gıda,"47,95"
Dr. Oetker Glutensiz Sade Un Karışımı 250 Gr,Temel Gıda,"48,95"
Dr. Oetker Hamur Kabartma Tozu 5'li 50 Gr,Temel Gıda,"15,95"
Dr. Oetker Havuçlu Kek Karışımı 535 Gr,Temel Gıda,"136,95"
Dr. Oetker İnstant Maya 3'lü (3*10 Gr),Temel Gıda,"28,95"
Dr. Oetker Kakao 100 Gr,Temel Gıda,"124,95"
Dr. Oetker Kakao 25 Gr,Temel Gıda,"32,45"
Dr. Oetker Kakaolu Kek Karışımı 350 Gr,Temel Gıda,"89,95"
Dr. Oetker Kakaolu Pasta Kreması 156 Gr,Temel Gıda,"68,95"
Dr. Oetker Kakaolu Tatlı Sos 39 Gr,Temel Gıda,"39,90"
Dr. Oetker Karbonat 250 Gr,Temel Gıda,"33,45"
Dr. Oetker Kek Karışımı 450 Gr,Temel Gıda,"56,95"
Dr. Oetker Krem Karamel 92 Gr,Temel Gıda,"59,95"
Dr. Oetker Muzlu Creme Ole 110 Gr,Temel Gıda,"51,95"
Dr. Oetker Orman Meyveli Puding 81 Gr,Temel Gıda,"32,95"
Dr. Oetker Profiterol 305 Gr,Temel Gıda,"114,95"
DR. Oetker Pudra Şekeri 150 Gr,Temel Gıda,"34,95"
Dr. Oetker Pudra Şekeri 250 Gr,Temel Gıda,"53,95"
Dr. Oetker Slime Eğlenceli Bilim Cupcake 245 Gr,Temel Gıda,"99,95"
Dr. Oetker Sütlü Çikolata Parçaları 70 Gr,Temel Gıda,"139,45"
Dr. Oetker Tavada Akdeniz Bazlama 440 Gr,Temel Gıda,"77,90"
Dr. Oetker Tavada Sade Bazlama 440 Gr,Temel Gıda,"77,90"
Dr. Oetker Tavuk Göğsü Tatlısı 129 Gr,Temel Gıda,"29,95"
Dr. Oetker Vanilin 15'li,Temel Gıda,"30,95"
Dr. Oetker Vanilin 5'li,Temel Gıda,"11,95"
Dr. Oetker Vanilyalı Creme Ole 110 Gr,Temel Gıda,"51,95"
Dr. Oetker Vanilyalı Pasta Kreması 130 Gr,Temel Gıda,"68,95"
Dr. Oetker Vanilyalı Puding 120 Gr,Temel Gıda,"32,95"
Dr. Oetker Wolke Çikolatalı Kek Karışımı 455 Gr,Temel Gıda,"119,95"
Dr. Oetker Wolke Limonlu Kek Karışımı 430 Gr,Temel Gıda,"119,95"
Dr. Oetker Wolke Vanilyalı Kek 430 Gr,Temel Gıda,"119,95"
Dr.Oetker 2 Sakızlı Muhallebi & 1 Supangle Paket,Temel Gıda,"59,95"
Dr.Oetker Aktif Maya 90 Gr,Temel Gıda,"57,95"
Dr.Oetker Bitter Çikolatalı Sos 125 Gr,Temel Gıda,"57,95"
Dr.Oetker Cheesecake Yap 260 Gr,Temel Gıda,"84,95"
Dr.Oetker Çikolatalı&Bademli 104 Gr,Temel Gıda,"45,95"
Dr.Oetker Creme Ole Orman Meyveli 89 Gr,Temel Gıda,"51,95"
Dr.Oetker Eğlenceli Bilim Cupcake Karışım 241 Gr,Temel Gıda,"99,95"
Dr.Oetker Ekşi Maya 35 Gr,Temel Gıda,"26,95"
Dr.Oetker Gümüş İnci Pasta Süsü 10 Gr,Temel Gıda,"27,95"
Dr.Oetker Guseppe Dört Peynirli Pizza 358 Gr,Temel Gıda,"179,95"
Dr.Oetker Guseppe Mozzarella Pizza 412 Gr,Temel Gıda,"179,95"
Dr.Oetker Guseppe Sucuklu Pizza 402 Gr,Temel Gıda,"179,95"
Dr.Oetker Guseppe Supreme Karışık Pizza 415 Gr,Temel Gıda,"179,95"
Dr.Oetker Hamur Kabartma Tozu 15'li,Temel Gıda,"41,95"
Dr.Oetker Kakaolu Puding 147 Gr,Temel Gıda,"45,95"
Dr.Oetker Kakaolu Puding 55 Gr,Temel Gıda,"29,90"
Dr.Oetker Karamel Soslu Trileçe 315 Gr,Temel Gıda,"99,95"
Dr.Oetker Kazandibi 155 Gr,Temel Gıda,"29,95"
Dr.Oetker Kelebek Pasta Süsü 10 Gr,Temel Gıda,"27,95"
Dr.Oetker Keşkül Toz Karışım 139 Gr,Temel Gıda,"29,95"
Dr.Oetker Konfeti Pasta Süsü 10 Gr,Temel Gıda,"27,95"
Dr.Oetker Köstebek Pasta 450 Gr,Temel Gıda,"164,95"
Dr.Oetker Krep,Temel Gıda,"23,95"
Dr.Oetker Limonlu Cheesecake Aromalı Yogotella 83 Gr,Temel Gıda,"31,45"
Dr.Oetker Mısır Nişastası 150 Gr,Temel Gıda,"26,95"
Dr.Oetker Muhallebi Toz Karışım 196 Gr,Temel Gıda,"43,95"
Dr.Oetker Muzlu Puding 120 Gr,Temel Gıda,"32,95"
Dr.Oetker Orman Meyveli Sos Toz Karışımı 80 Gr,Temel Gıda,"31,95"
Dr.Oetker Pancake 134 Gr,Temel Gıda,"26,95"
Dr.Oetker Pirinç Unu 5*35 Gr,Temel Gıda,"44,95"
Dr.Oetker Revani Toz Karışım 500 Gr,Temel Gıda,"76,95"
Dr.Oetker Ristorante Mini Mozzarella Pizza 4'lü,Temel Gıda,"264,95"
Dr.Oetker Ristorante Mini Pizza Mista,Temel Gıda,"264,95"
Dr.Oetker Sade Krem Şanti 2*72 Gr,Temel Gıda,"77,95"
Dr.Oetker Sade Krem Şanti 4'lü 72 Gr,Temel Gıda,"140,45"
Dr.Oetker Sade Krem Şanti 72 Gr,Temel Gıda,"41,45"
Dr.Oetker Sakızlı Muhallebi 54 Gr,Temel Gıda,"20,90"
Dr.Oetker Sakızlı Muhallebi Toz Karışım 150 Gr,Temel Gıda,"29,95"
Dr.Oetker Şekerli Çubuk Pasta Süsü 10 Gr,Temel Gıda,"27,95"
Dr.Oetker Speciale Mini Pizza 4'lü 720 Gr,Temel Gıda,"264,95"
Dr.Oetker Supangle 143 Gr,Temel Gıda,"43,95"
Dr.Oetker Süsleme Glazürü 4*19GR,Temel Gıda,"105,95"
Dr.Oetker Sütlaç Toz Karışım 156 Gr,Temel Gıda,"39,45"
Dr.Oetker Tavukgöğsü 45 Gr,Temel Gıda,"20,90"
Dr.Oetker Tiramisu Yap 91 Gr,Temel Gıda,"49,95"
Dr.Oetker Toz Jelatin 6 Gr,Temel Gıda,"13,45"
Dr.Oetker Vanilinli Puding 40 Gr,Temel Gıda,"23,90"
Dr.Oetker Vanilyalı Sıvı Aroma Verici 38 Ml,Temel Gıda,"73,95"
Dr.Oetker Vişne Aromalı Jel 100 Gr,Temel Gıda,"41,95"
Dr.Oetker Waffle Toz Karışım 210 Gr,Temel Gıda,"37,95"
Duru Başbaşı Bulgur 1 Kg,Temel Gıda,"49,95"
Duru Chia Stick 10'lu 80 Gr,Temel Gıda,"35,90"
Duru Çiğ Köftelik Bulgur 1 Kg,Temel Gıda,"49,95"
Duru Keten Tohumu Stick 10'lu 80 Gr,Temel Gıda,"24,90"
Duru Köftelik Bulgur 1 Kg,Temel Gıda,"49,95"
Duru Pilavlık Bulgur 1 Kg,Temel Gıda,"49,95"
Duru Pilavlık İri Bulgur 1 Kg,Temel Gıda,"49,95"
Duru Pratik Haşlanmış Bezelye 450 Gr,Temel Gıda,"71,95"
Duru Pratik Haşlanmış Börülce 400 Gr,Temel Gıda,"39,95"
Duru Pratik Haşlanmış Fasulye 400 Gr,Temel Gıda,"44,95"
Duru Pratik Haşlanmış Kırmızı Fasulye 400 Gr,Temel Gıda,"57,95"
Duru Pratik Haşlanmış Nohut 400 Gr,Temel Gıda,"44,95"
Efsina İyotlu Himalaya Tuzu 600 Gr,Temel Gıda,"189,90"
Efsina İyotlu İnce Deniz Tuzu 750 Gr,Temel Gıda,"29,90"
Efsina İyotlu İnce Himalaya Tuzu 250 Gr,Temel Gıda,"119,90"
Efsina İyotlu İnce Kaya Tuzu 250 Gr,Temel Gıda,"143,90"
Efsina İyotlu Kaya Tuzu 600 Gr,Temel Gıda,"169,90"
Efsina Sofrada Öğütme Himalaya Tuzu 110 Gr,Temel Gıda,"177,95"
Ege Kadayıf 350 Gr,Temel Gıda,"87,96"
Ege Kadayıf 400 Gr,Temel Gıda,"71,96"
Eker Çikolatalı Puding 65 Gr,Temel Gıda,"29,95"
Eker Dip Cips Acılı Sos 125 Gr,Temel Gıda,"44,50"
Eker Dip Cips Barbekülü Sos 125 Gr,Temel Gıda,"44,50"
Eker Dip Cips Cheddarlı Sos 125 Gr,Temel Gıda,"44,50"
Eker Dip Cips Domatesli Sos 125 Gr,Temel Gıda,"44,50"
Eker Fındıklı & Karamelize Beyaz Çikolatalı Sütlü Tatlı 125 Gr,Temel Gıda,"50,95"
Eker Kazandibi 150 Gr,Temel Gıda,"50,95"
Eker Keşkül 150 Gr,Temel Gıda,"50,95"
Eker Muzlu Puding 65 Gr,Temel Gıda,"29,95"
Eker Portakallı Bademli & Bitter Çikolatalı Sütlü Tatlı 125 Gr,Temel Gıda,"50,95"
Eker Profiterol 100 Gr,Temel Gıda,"50,95"
Eker Sakızlı Muhallebi 150 Gr,Temel Gıda,"50,95"
Eker Supangle 150 Gr,Temel Gıda,"50,95"
Eker Sütlaç 150 Gr,Temel Gıda,"50,95"
Eker Sütlaç 500 Gr,Temel Gıda,"69,95"
Eker Tavuk Göğsü 150 Gr,Temel Gıda,"50,95"
Eti Form Kızarmış Kepekli Ekmek Dilimleri 138 Gr,Temel Gıda,"62,00"
Etimek Klasik Kızarmış Ekmek 143 Gr,Temel Gıda,"50,00"
Feast Dondurulmuş Churros Kesim Patates 10x1 Kg,Temel Gıda,"255,00"
Feast Dondurulmuş Crinky Patates 10x1 Kg,Temel Gıda,"245,00"
Feast Dondurulmuş Hashbrown 20x450 Gr,Temel Gıda,"99,95"
Feast Dondurulmuş Limonlu Cheesecake 650 Gr,Temel Gıda,"344,95"
Feast Dondurulmuş Organik Brokoli 12x450 Gr,Temel Gıda,"158,95"
Feast Dondurulmuş Patatesli Mısır Kroket 20x450 Gr,Temel Gıda,"154,95"
Feast Dondurulmuş Peynir Çubukları 12x300 Gr,Temel Gıda,"239,95"
Feast Dondurulmuş San Sebastian 600 Gr,Temel Gıda,"354,95"
Ferfresh Beyaz Sirke 1000 Ml,Temel Gıda,"62,95"
Fersan %100 Nar Ekşisi 330 Gr,Temel Gıda,"219,90"
Fersan Alıç Sirkesi 500 Ml,Temel Gıda,"139,90"
Fersan Balsamik Sirke 250 Ml,Temel Gıda,"149,95"
Fersan Balzamik Sirke 250 Ml,Temel Gıda,"149,95"
Fersan Doğal Analı Elma Sirkesi 500 Ml,Temel Gıda,"119,90"
Fersan Doğal Analı Üzüm Sirkesi 500 Ml,Temel Gıda,"119,90"
Fersan Elma Sirkesi 1000 Ml,Temel Gıda,"139,95"
Fersan Elma Sirkesi 500 Ml,Temel Gıda,"99,95"
Fersan Ferfresh Beyaz Sirke 2000 Ml,Temel Gıda,"99,95"
Fersan Jalapeno Biber Turşusu 720 Ml,Temel Gıda,"139,95"
Fersan Salata Sosu 250 Gr,Temel Gıda,"89,90"
Fersan Üzüm Sirkesi 1000 Ml,Temel Gıda,"129,95"
Fersan Üzüm Sirkesi 2000 Ml,Temel Gıda,"189,95"
Filiz Boncuk Makarna 500 Gr,Temel Gıda,"30,95"
Filiz Burgu Makarna 500 Gr,Temel Gıda,"30,95"
Filiz Erişte Makarna 500 Gr,Temel Gıda,"30,95"
Filiz Fırın Makarna 500 Gr,Temel Gıda,"30,95"
Filiz Fiyonk Makarna 500 Gr,Temel Gıda,"30,95"
Filiz İrmik 500 Gr,Temel Gıda,"37,95"
Filiz Kelebek Makarna 500 Gr,Temel Gıda,"30,95"
Filiz Kuskus Makarna 500 Gr,Temel Gıda,"30,95"
Filiz Mardin Köftelik Bulgur 800 Gr,Temel Gıda,"57,95"
Filiz Mardin Pilavlık Bulgur 800 Gr,Temel Gıda,"57,95"
Filiz Sebzeli Burgu Makarna 350 Gr,Temel Gıda,"33,75"
Filiz Tam Buğday Burgu Makarna 350 Gr,Temel Gıda,"30,50"
Filiz Tam Buğday Kalem Makarna 350 Gr,Temel Gıda,"30,50"
Filiz Tam Buğday Spagetti Makarna 350 Gr,Temel Gıda,"30,50"
Filiz Yüksük Makarna 500 Gr,Temel Gıda,"30,95"
Filiz Yumurtalı Kırpık Makarna 350 Gr,Temel Gıda,"36,50"
Filiz Yumurtalı Uzun Erişte Makarna 350 Gr,Temel Gıda,"36,50"
Freshes Haşlanmış Bütün Pancar 400 Gr,Temel Gıda,"135,00"
Galez Antep Fıstıklı Katmer,Temel Gıda,"647,50"
"Gürmar Osmancık Pirinç 2,5 Kg",Temel Gıda,"179,90"
Gürmar Toz Şeker 1 Kg,Temel Gıda,"46,95"
Heinz Acı Ketçap 375 Gr,Temel Gıda,"99,90"
Heinz Acı Sos 150 Gr,Temel Gıda,"139,90"
Heinz Acılı Mayonez 405 Gr,Temel Gıda,"229,95"
Heinz Barbekü Sos 250 Ml,Temel Gıda,"129,95"
Heinz Hp Classic Barbekü Sos 465 Gr,Temel Gıda,"159,90"
Heinz Ketçap 375 Gr+Mayonez Combo 330 Gr,Temel Gıda,"214,95"
Heinz Ketçap 375GR,Temel Gıda,"99,90"
Heinz Ketçap 570GR,Temel Gıda,"139,95"
Heinz Light Mayonez 420 Gr,Temel Gıda,"166,90"
Heinz Mayonez 330GR,Temel Gıda,"154,90"
Heinz Mayonez 505 Gr,Temel Gıda,"199,95"
Heinz Pesto Mayonez 225 Gr,Temel Gıda,"169,90"
Heinz Sarımsaklı Ketçap 375 GR,Temel Gıda,"99,90"
Heinz Sarımsaklı Mayonez 400 Gr,Temel Gıda,"199,90"
Heinz Smoky Mayonez 225 Gr,Temel Gıda,"169,90"
Heinz Truffle Mayonez 220 Gr,Temel Gıda,"199,95"
Hellmann's Ketçap + Mayonez 845 Gr,Temel Gıda,"219,95"
Helmann's Acılı Mayonez 230 Gr,Temel Gıda,"149,95"
Helmann's Ketçap 460 Gr,Temel Gıda,"99,95"
Helmann's Mayonez 385 Gr,Temel Gıda,"149,95"
Helmann's Sarımsaklı Mayonez 235 Gr,Temel Gıda,"149,95"
Himalife İnce Himalaya Tuzu 500 Gr,Temel Gıda,"89,90"
Hindi Fileto 120 Gr,Temel Gıda,"179,96"
Hindi Tandır 120 Gr,Temel Gıda,"194,96"
Hindi Tantuni 165 Gr,Temel Gıda,"125,96"
İçim Kakaolu Fit Puding 120 Gr,Temel Gıda,"179,90"
Kenton Buğday Nişastası 200 Gr,Temel Gıda,"49,95"
Kenton Çikolata Aşkı Çikolatalı Bitter Puding 100 Gr,Temel Gıda,"39,95"
Kenton Çikolata Aşkı Çikolatalı Puding 2*100 Gr,Temel Gıda,"74,95"
Kenton Çikolata Aşkı Kakaolu Puding 2'li,Temel Gıda,"74,95"
Kenton Çikolata&Fındıklı Puding 100 Gr,Temel Gıda,"39,95"
Kenton Çikolatalı Puding 3'lü,Temel Gıda,"79,90"
Kenton Çikolatalı Sos 128 Gr,Temel Gıda,"54,95"
"Kenton Çikolatalı, Bademli ve Karamelli Puding 100 Gr",Temel Gıda,"39,95"
Kenton Kakao 100 Gr,Temel Gıda,"119,95"
Kenton Kakao 2*25 Gr,Temel Gıda,"67,50"
Kenton Kakaolu Puding 120 Gr,Temel Gıda,"39,95"
Kenton Krem Şanti 150 Gr,Temel Gıda,"72,95"
Kenton Muzlu Puding 100 Gr,Temel Gıda,"29,95"
Kenton Pirinç Unu 500 Gr,Temel Gıda,"88,95"
Kenton Pudra Şekeri 250 Gr,Temel Gıda,"57,75"
Kenton Vitaminli Pirinç Unu 250 Gr,Temel Gıda,"63,95"
Knor Mac&Cheese Çabuk Makarna,Temel Gıda,"67,46"
Knorr Acılı Domates Çabuk Çorba 22 Gr,Temel Gıda,"11,86"
Knorr Acılı&Baharatlı Fırında Tavuk Çeşnisi,Temel Gıda,"36,36"
Knorr Acisso Acı Biber Sosu 50 Ml,Temel Gıda,"119,90"
Knorr Acisso Extra Hot Acı Sos 50 Ml,Temel Gıda,"119,90"
Knorr Baharat Çörekotu 60 gr,Temel Gıda,"35,66"
Knorr Baharat Karanfil 15 Gr,Temel Gıda,"36,36"
Knorr Baharat Köri 65 Gr.,Temel Gıda,"46,86"
Knorr Baharatlı&Sarımsaklı Fırında Tavuk Çeşnisi,Temel Gıda,"36,36"
Knorr Beşamel Sos 70 Gr,Temel Gıda,"64,95"
Knorr Bolonez Makarna Sosu 45 Gr,Temel Gıda,"64,95"
Knorr Bulgurlu Analı Kızlı Çorbası 92 Gr,Temel Gıda,"37,76"
Knorr Çabuk Çorba Acı Ekşi 19 Gr,Temel Gıda,"11,86"
Knorr Çabuk Çorba Crazy Corn 18 Gr,Temel Gıda,"11,86"
Knorr Çorba Acılı Cheddarlı 74Gr,Temel Gıda,"37,76"
Knorr Et Suyu Bulyon 12'li,Temel Gıda,"39,95"
Knorr Et Suyu Bulyon 24'lü,Temel Gıda,"59,95"
Knorr Ezogelin Çabuk Çorba,Temel Gıda,"11,86"
Knorr Ezogelin Çorbası,Temel Gıda,"29,50"
Knorr Hindistan Cevizi 40 Gr,Temel Gıda,"39,86"
Knorr İşkembe Çorbası 63 Gr,Temel Gıda,"29,50"
Knorr Karabiber 60 Gr,Temel Gıda,"69,96"
Knorr Kekik 20 Gr,Temel Gıda,"27,26"
Knorr Kekikli&Fesleğenli&Susamlı Fırında Tavuk Çeşnisi,Temel Gıda,"36,36"
Knorr Kemik İlik Suyu 480 Ml,Temel Gıda,"74,92"
Knorr Kimyon 65 Gr,Temel Gıda,"50,36"
Knorr Kıtır Domates Çabuk Çorba 22 Gr,Temel Gıda,"11,86"
Knorr Köfte Harcı 82 Gr,Temel Gıda,"36,36"
Knorr Kore Usulü Çıtır Tavuk 370Gr,Temel Gıda,"139,90"
Knorr Kremalı Domates Çorbası,Temel Gıda,"29,50"
Knorr Kremalı Mantar Çabuk Çorba 19 Gr,Temel Gıda,"11,86"
Knorr Kremalı Mantar Çorbası 63 Gr,Temel Gıda,"29,50"
Knorr Kremalı Mantarlı Makarna Sosu 52 Gr,Temel Gıda,"64,95"
Knorr Kremalı Tavuk Çabuk Çorba 18 Gr,Temel Gıda,"11,86"
Knorr Kremalı Tavuk Çorbası,Temel Gıda,"29,50"
Knorr Lazanya Roll 180Gr,Temel Gıda,"139,90"
Knorr Mac&Cheese Çabuk Bardak Makarna 65 GR,Temel Gıda,"49,95"
Knorr Mac&Cheese Makarna Sosu 50 Gr,Temel Gıda,"64,95"
Knorr Mangal Harcı 29 Gr,Temel Gıda,"36,36"
Knorr Mangal Lezzeti Fırında Tavuk Çeşnisi,Temel Gıda,"36,36"
Knorr Mercimek Çabuk Çorba 22 Gr,Temel Gıda,"11,86"
Knorr Mercimek Çorbası 76 Gr,Temel Gıda,"29,50"
Knorr Nane 25 Gr,Temel Gıda,"27,96"
Knorr Patates Püresi 60 Gr,Temel Gıda,"36,36"
Knorr Pesto Fusilli Çabuk Bardak Makarna 65 GR,Temel Gıda,"49,95"
Knorr Pesto Sos Makarna 50Gr,Temel Gıda,"64,95"
Knorr Peynirli Makarna Sosu 50 Gr,Temel Gıda,"64,95"
Knorr Pirpirim Çorba,Temel Gıda,"37,76"
Knorr Pul Biber 65 Gr,Temel Gıda,"48,96"
Knorr Ranch Mac&Cheese Çubuk Makarna 212 Gr,Temel Gıda,"67,46"
Knorr Şehriye Tavuklu Domates Çorbası 67 Gr,Temel Gıda,"29,50"
Knorr Şehriyeli Tavuk Çorbası,Temel Gıda,"29,50"
Knorr Şinitzel Pane Harcı 90 Gr,Temel Gıda,"36,36"
Knorr Sıvı Çorba Beyran 480 Ml,Temel Gıda,"129,67"
Knorr Sıvı Çorba Ekşili Köfte 480 Ml,Temel Gıda,"144,67"
Knorr Sıvı Çorba İşkembe 480 Ml,Temel Gıda,"86,92"
Knorr Sıvı Çorba Kelle Paça 480 Ml,Temel Gıda,"107,92"
Knorr Sıvı Çorba Yuvalama 480 Ml,Temel Gıda,"144,67"
Knorr Sumak 70 Gr,Temel Gıda,"50,36"
Knorr Tarçın 40 Gr,Temel Gıda,"34,93"
Knorr Tarhana Çorbası 74 Gr,Temel Gıda,"29,50"
Knorr Tavuk Çeşnili Çabuk Noodle 66 Gr,Temel Gıda,"13,95"
Knorr Tavuk Suyu 480 Ml,Temel Gıda,"74,92"
Knorr Tavuk Suyu Bulyon 12'li,Temel Gıda,"39,95"
Knorr Tavuk Suyu Bulyon 24'lü,Temel Gıda,"59,95"
Knorr Yayla Çorbası 72 Gr,Temel Gıda,"29,50"
Knorr Zencefil 50 Gr,Temel Gıda,"46,86"
Knorr Zerdeçal 60 Gr,Temel Gıda,"44,06"
Komili Ayçiçek Yağı 1 Lt,Temel Gıda,"169,90"
Komili Ayçiçek Yağı 2 Lt,Temel Gıda,"279,90"
Komili Ayçiçek Yağı 5 Lt,Temel Gıda,"499,90"
Komili Ayçiçek Yağı Pet 4 Lt,Temel Gıda,"419,90"
Komili Ege Sızması Zeytinyağı 1 Lt,Temel Gıda,"449,90"
Komili Ege Sızması Zeytinyağı 2 Lt,Temel Gıda,"869,90"
Komili Mısır Yağı 1 Lt,Temel Gıda,"129,90"
Komili Riviera Zeytinyağı 1 Lt,Temel Gıda,"389,90"
Komili Riviera Zeytinyağı 2 Lt,Temel Gıda,"719,90"
Komili Riviera Zeytinyağı 3 Lt,Temel Gıda,"999,90"
Komili Sızma Zeytin Yağı 1/2 Lt,Temel Gıda,"199,90"
Komili Sızma Zeytinyağı 1 Lt,Temel Gıda,"459,90"
Komili Sızma Zeytinyağı 2 Lt,Temel Gıda,"899,90"
Koyunoğlu Höşmerim Tatlısı 400 Gr,Temel Gıda,"89,90"
Kristal Anadolu Mirası Natural Sızma Zeytinyağı 5 Litre,Temel Gıda,"1.849,90"
Kristal Dolgun Güçlü Naturel Sızma Zeytinyağı Cam Şişe1 Lt,Temel Gıda,"499,90"
Kristal Dolgun Güçlü Naturel Sızma Zeytinyağı 500 Ml,Temel Gıda,"279,90"
Kristal Dolgun Güçlü Sızma Zeytinyağı Pet Şişe 1 Lt,Temel Gıda,"499,90"
Kristal Natural Sızma Yumuşak Zeytinyağı Cam 1 Lt,Temel Gıda,"429,90"
Kristal Naturel Sızma Ayvalık Zeytinyağı 500 Ml,Temel Gıda,"319,90"
Kristal Organik Naturel Sızma Zeytin Yağı 500 Ml,Temel Gıda,"349,90"
Kristal Riviera Zeytinyağı 1 Lt,Temel Gıda,"399,90"
Kristal Riviera Zeytinyağı 2 Lt,Temel Gıda,"649,90"
Kristal Sızma Dolgun Güçlü Zeytinyağı Pet Şişe 2 Lt,Temel Gıda,"799,90"
Kühne %100 Nar Ekşisi 250 Ml,Temel Gıda,"224,95"
Kühne Alman Türü Salatalık Turşusu 670 Gr,Temel Gıda,"199,95"
Kühne Az Tuzlu Salatalık Turşusu 670 Gr,Temel Gıda,"219,95"
Kühne Balsamik Sirkesi 250 Ml,Temel Gıda,"166,95"
Kühne Beyaz Sirke 2 Lt,Temel Gıda,"99,95"
Kühne Eğe Usülü Kornişon Turşusu 720 ML,Temel Gıda,"219,95"
Kühne Elma Sirkesi 500 Ml,Temel Gıda,"124,95"
Kühne Hardal 255 Gr,Temel Gıda,"99,95"
Kühne Jalapeno Biber Turşusu Dilimli Gr,Temel Gıda,"199,95"
Kühne Kırmızı Jalepeno Acı Sosu 100 Ml,Temel Gıda,"132,95"
Kühne Közlenmiş Kırmızı Biber 530 Gr,Temel Gıda,"219,95"
Kühne Kurutulmuş Domates Konservesi 200 Gr,Temel Gıda,"179,90"
Kühne Mayhoş Sos 250 Ml,Temel Gıda,"159,50"
Kühne Organik Elma Sirkesi 500 Ml,Temel Gıda,"199,95"
Kühne Soya Sosu 250 Ml,Temel Gıda,"184,95"
Kühne Türk Tipi Kornişon 670 Gr,Temel Gıda,"199,95"
Kühne Tuzu Azaltılmış Light Soya Sosu 250 Ml,Temel Gıda,"184,95"
Kula Ekşi Maya Ekmek 800 Gr,Temel Gıda,"60,00"
La Lorraine Balkan Çöreği,Temel Gıda,"43,95"
La Lorraine Çavdar Ekmeği,Temel Gıda,"75,00"
La Lorraine Çikolata Dolgulu Kruvasan,Temel Gıda,"50,00"
La Lorraine Domates Fesleğenli Baget Ekmek,Temel Gıda,"49,95"
La Lorraine Ispanaklı -Peynirli Rulo Börek,Temel Gıda,"30,00"
La Lorraine Kare Ekmek Rustik,Temel Gıda,"75,00"
La Lorraine Kepekli Baget Ekmek 1/3,Temel Gıda,"16,50"
La Lorraine Patatesli Rulo Börek,Temel Gıda,"30,00"
La Lorraine Peynirli Rulo Börek,Temel Gıda,"30,00"
La Lorraine Pizza Çörek,Temel Gıda,"60,00"
La Lorraine Rustik Köy Ekmeği,Temel Gıda,"26,50"
La Lorraine Sade Baget 1/1,Temel Gıda,"35,00"
La Lorraine Sade Baget Ekmek 1/3,Temel Gıda,"16,50"
La Lorraine Sokak Simidi,Temel Gıda,"20,00"
La Lorraine Tam Buğday Ekmeği,Temel Gıda,"75,00"
La Lorraine Tereyağlı Kruvasan,Temel Gıda,"32,50"
La Lorraine Üzümlü Çörek,Temel Gıda,"47,50"
La Lorraine Zeytin Kekikli Bağet Ekmek,Temel Gıda,"49,95"
La Lorraine Zeytinli Kekikli Rustik Baget,Temel Gıda,"27,95"
Lahmacun 5'Li 700Gr,Temel Gıda,"429,90"
Mantilla Mantı Kg (Don - 500 Gr.,Temel Gıda,"134,50"
Milka Glutensiz Çikolatalı Ve Fındıklı Pasta 400 Gr,Temel Gıda,"559,95"
Milka Lava Cake 2*90 Gr,Temel Gıda,"359,95"
Mister No Gurme Hindi Füme 145 Gr,Temel Gıda,"239,00"
Mister No Gurme Mozzerella Jambon 145 Gr,Temel Gıda,"239,00"
Mister No Gurme Tavuklu Teriyaki 220 Gr,Temel Gıda,"249,00"
Mister No Gurme Ton Balıklık Çavdar 165 Gr,Temel Gıda,"239,00"
Mister No Gurne Klasik Kaşar Salamlı 145 Gr,Temel Gıda,"159,00"
Mr No Snd. Gurme Mega Jambon Cheddar 230 Gr,Temel Gıda,"295,00"
Mr No Snd. Klasik Tavuklu 145 Gr,Temel Gıda,"159,00"
Mutlu Arpa Makarna 500 Gr,Temel Gıda,"28,95"
Mutlu Çarliston Makarna 500 Gr,Temel Gıda,"28,95"
Mutlu Fiyonk Makarna 500 Gr,Temel Gıda,"28,95"
Mutlu Penne Makarna 500 Gr,Temel Gıda,"28,95"
Mutlu Spagetti Makarna 500 Gr,Temel Gıda,"28,95"
Mutlu Tel Makarna 500 Gr,Temel Gıda,"28,95"
Nestle Kakao 100 Gr,Temel Gıda,"112,50"
Olin Ayçiçek Yağı 1 Lt,Temel Gıda,"149,90"
Olin Ayçiçek Yağı 2 Lt,Temel Gıda,"249,90"
"Olin Ayçiçek Yağı Pet 4,5 Lt",Temel Gıda,"489,90"
Öncü %100 Nar Ekşisi,Temel Gıda,"235,90"
Öncü Acı Biber Salçası (Cam) 700 Gr,Temel Gıda,"144,95"
Öncü Acı Biber Salçası 360 Gr,Temel Gıda,"72,90"
Öncü Az Acılı Domates&Biber Karışık Salça 700 Gr,Temel Gıda,"132,90"
Öncü Biber Salçası Tatlı 900 gr,Temel Gıda,"169,90"
Öncü Domates Salçası (Cam) 700 Gr,Temel Gıda,"82,95"
Öncü Domates Salçası 830 Gr,Temel Gıda,"74,95"
Öncü Domates&Biber Karışık Salça 370 Gr,Temel Gıda,"59,90"
Öncü Közlenmiş Biber 680 Gr,Temel Gıda,"109,90"
Öncü Közlenmiş Patlıcan 650 Gr,Temel Gıda,"74,90"
Öncü Salata Sosu 330 Gr,Temel Gıda,"39,90"
Öncü Tatlı Biber Salçası (Cam) 700 Gr,Temel Gıda,"144,95"
Orkide Ayçiçek Yağı 1 Lt,Temel Gıda,"155,90"
Orkide Ayçiçek Yağı 2 Lt,Temel Gıda,"219,90"
Orkide Mısır Özü Yağı 1 Lt,Temel Gıda,"149,90"
Orkide Mısır Özü Yağı 5 Lt,Temel Gıda,"439,90"
Orkide Yumuşak Lezzet Sızma Zeytin Yağı 1 Lt,Temel Gıda,"399,90"
Pakmaya Aşure 230 Gr,Temel Gıda,"69,95"
Pakmaya Beyaz Pul Çikolata 100 Gr,Temel Gıda,"140,95"
Pakmaya Bitter Pul Çikolata 100 Gr,Temel Gıda,"140,95"
Pakmaya Çift Renkli Damla Çikolata 70 Gr,Temel Gıda,"126,45"
Pakmaya Çikolatalı Sos 125 Gr,Temel Gıda,"56,95"
Pakmaya Instant 9'lu Maya,Temel Gıda,"66,25"
Pakmaya Instant Kuru Maya 3'lü 10 Gr,Temel Gıda,"23,95"
Pakmaya Kuru Maya 100 Gr,Temel Gıda,"40,95"
Pakmaya Magnolia Puding 125 Gr,Temel Gıda,"41,95"
Pakmaya Pastacı Kreması 147 Gr,Temel Gıda,"32,95"
Pakmaya Portakallı Bitter Çikolata 70 Gr,Temel Gıda,"126,45"
Pakmaya Pudra Şekeri 200 Gr,Temel Gıda,"42,95"
Pakmaya Sade Krem Şanti 2*75 Gr,Temel Gıda,"72,95"
Pakmaya Şeker İlavesiz Kakaolu Puding 54GR,Temel Gıda,"36,45"
Pakmaya Şeker İlavesiz Pasta Kreması 45GR,Temel Gıda,"29,95"
Pakmaya Şekerli Vanilin 10'lu,Temel Gıda,"20,75"
Pakmaya Sütlü Parça Çikolata 70 Gr,Temel Gıda,"126,45"
Pakmaya Sütlü Pul Çikolata 100 Gr,Temel Gıda,"140,95"
Pakmaya Yaş Maya 42 Gr,Temel Gıda,"10,50"
Pastavilla Arpa Şehriye 500 Gr,Temel Gıda,"27,95"
Pastavilla Farfalle (Kelebek) Makarna 500 Gr,Temel Gıda,"27,95"
Pastavilla Fiyonk Makarna 500 Gr,Temel Gıda,"27,95"
Pastavilla Lazanya 500 Gr,Temel Gıda,"89,92"
Pastavilla Linguine Makarna 500 Gr,Temel Gıda,"27,95"
Pastavilla Mac&Chesee Makarna 210 Gr,Temel Gıda,"49,95"
Pastavilla Sos Pesto 190Gr,Temel Gıda,"89,90"
Pastavilla Tel Şehriye 500 Gr,Temel Gıda,"27,95"
Pastavilla Veggi Glutensiz Makarna 350 Gr,Temel Gıda,"67,42"
Pek Food Cevizli Nar Ekşili Lahmacun 400 Gr,Temel Gıda,"249,90"
Pek Food Karışık Pizza 545Gr 28Cm,Temel Gıda,"179,95"
Pek Food Klasik Lahmacun 400Gr,Temel Gıda,"249,90"
Pek Food Soğanlı Lahmacun 400 Gr,Temel Gıda,"249,90"
Pınar Acılı Ketçap 420 Gr,Temel Gıda,"79,95"
Pınar Balık Fish Finger 240 Gr,Temel Gıda,"199,95"
Pınar Bohça Mantı 400 Gr,Temel Gıda,"124,95"
Pınar Büfe Mayonez 500 Gr,Temel Gıda,"145,90"
Pınar Burger Köfte 545 Gr,Temel Gıda,"629,95"
Pınar Çıtır Balık 400 Gr,Temel Gıda,"309,95"
Pınar Gurme Burger Köfte 450 Gr,Temel Gıda,"569,95"
Pınar Hardal Sosu 175 Gr,Temel Gıda,"116,95"
Pınar Ketçap 420 Gr + Mayonez 350 Gr,Temel Gıda,"149,90"
Pınar Kido Muzlu Puding 219 Gr,Temel Gıda,"32,95"
Pınar Kıymalı&Patatesli Rulo Börek 500 Gr,Temel Gıda,"199,95"
Pınar Köfte Burger 225 Gr,Temel Gıda,"274,95"
Pınar Labneli&Ispanaklı Rulo Börek 500 Gr,Temel Gıda,"139,95"
Pınar Mayonez 350 Gr,Temel Gıda,"109,90"
Pınar Milföy Hamuru 1000 Gr,Temel Gıda,"139,95"
Pınar Misket Köfte 470 Gr,Temel Gıda,"269,95"
Pınar Tatlı Ketçap 420 Gr,Temel Gıda,"79,95"
Pınar Ton Balığı 2*80 Gr,Temel Gıda,"119,95"
Pizza-Karışık Küçük Boy 4'Lü,Temel Gıda,"349,90"
Salina İyotlu Rafine Tuzu 500 Gr,Temel Gıda,"42,95"
Salina İyotlu Tuz 750 Gr,Temel Gıda,"22,95"
Sana Lezzetli Sofram Paket Margarin 200 Gr,Temel Gıda,"21,20"
Sauchef Barbekü Sos 500Gr,Temel Gıda,"153,90"
Sauchef Ranch Sos 500Gr,Temel Gıda,"153,90"
Schar Chocotti Kurabiye 70 Gr,Temel Gıda,"102,95"
Schar Mıx B Glutensiz Ekmek Unu 1 Kg,Temel Gıda,"259,95"
Schar Mıx B Pan Blanco Glutensiz Dilim Ekmek 250 Gr,Temel Gıda,"145,95"
Schar Mıx B Pan Rustıco Lifli Dilim Ekmek 250 Gr,Temel Gıda,"179,95"
Schar Pnaeli sandviç Ekmeği 140 Gr,Temel Gıda,"99,95"
Seven Days Fındık Kremalı Kruvasan 72 Gr,Temel Gıda,"35,00"
Seven Days Kakao Kremalı Kruvasan 72 Gr,Temel Gıda,"35,00"
Şifa Çiçeği Salamura Tokat Bağ Yaprağı Vakumlu 400 Gr,Temel Gıda,"193,90"
Şifa Çiçeği Tokat Salamura Asma Yaprağı Pet 1500 Gr,Temel Gıda,"387,90"
Şık Bazlama 2' Li 300 Gr,Temel Gıda,"69,95"
Şık Bazlama 300 Gr,Temel Gıda,"69,95"
Şık Geleneksel Ev Eriştesi 475 Gr,Temel Gıda,"159,95"
Sinangil Glutensiz Plus Un 500 Gr,Temel Gıda,"92,50"
Sinangil Glutensiz Un 500 Gr,Temel Gıda,"75,50"
Sinangil Karabuğdaylı Glutensiz Un 500 Gr,Temel Gıda,"87,50"
Sinangil Yulaf Unu 1 Kg,Temel Gıda,"159,95"
Sırma Ayçiçek Yağı (Pet) 4 Lt,Temel Gıda,"395,90"
Sırma Mısır Özü Yağı 1 Lt,Temel Gıda,"135,00"
Sırma Mısır Özü Yağı 2 Lt,Temel Gıda,"259,90"
Söke Çok Tahıllı Un Karışımı 500 Gr,Temel Gıda,"45,95"
Söke Glutensiz Un 250 Gr,Temel Gıda,"44,95"
Söke Kepekli Un 1 Kg,Temel Gıda,"59,95"
Söke Organik Un 1 Kg,Temel Gıda,"63,95"
Söke Tam Buğday Un Karışımı 500 Gr,Temel Gıda,"45,95"
Söke Tam Buğday Unu 1 Kg,Temel Gıda,"63,95"
Söke Tam Çavdar Unu 1 Kg,Temel Gıda,"63,95"
Söke Un 1 Kg,Temel Gıda,"49,95"
Söke Un 2 Kg,Temel Gıda,"91,95"
Sosero Izgara Grill Mantar Cam Kavanoz 290 Gr,Temel Gıda,"229,90"
Sosero Peynir Dolgulu Mantar Cam Kavanoz 290 Gr,Temel Gıda,"249,90"
Super Fresh Bamya Sivri 450Gr*16 Domatessiz,Temel Gıda,"249,95"
Super Fresh Dana Tekirdağ Köfte 300Gr*8,Temel Gıda,"575,00"
Super Fresh Pizza King XL Karışık 475Gr,Temel Gıda,"168,75"
Super Fresh Taze Fasulye 450Gr*16 Domatessiz,Temel Gıda,"134,95"
SuperFresh Çıtır Çubuk Patates 1 Kg,Temel Gıda,"172,46"
Superfresh Doğranmuş Ispanak 450 Gr,Temel Gıda,"107,50"
SuperFresh Dondurulmuş Böğürtlen 300 Gr,Temel Gıda,"269,95"
SuperFresh Dondurulmuş Frambuaz 300 Gr,Temel Gıda,"539,95"
SuperFresh Dondurulmuş Orman Meyveleri 300 Gr,Temel Gıda,"369,95"
SuperFresh Dondurulmuş Vişne 350Gr,Temel Gıda,"509,95"
Superfresh Elma Dilim Patates 1000 Gr,Temel Gıda,"172,46"
Superfresh İkramlık Ispanaklı Mini Börek 500 Gr,Temel Gıda,"219,95"
Superfresh İkramlık Peynirli Mini Börek 500 Gr,Temel Gıda,"219,95"
Superfresh Ispanak&Peynir Dolgulu Patates Kroket 360 Gr,Temel Gıda,"164,95"
Superfresh Jumbo Patates 1 Kg,Temel Gıda,"172,46"
Superfresh Kat Kat Peynirli Börek 400 Gr,Temel Gıda,"144,95"
Superfresh Kayseri Mantı 400 Gr,Temel Gıda,"108,75"
Superfresh Kıymalı Pelmeni Mantı 400 Gr,Temel Gıda,"299,95"
Superfresh Klasik Ton Balığı 2*160,Temel Gıda,"299,95"
Superfresh Klasik Ton Balığı 3*75 Gr,Temel Gıda,"254,95"
SuperFresh Klasik Ton Balığı 4*75 Gr,Temel Gıda,"319,95"
SuperFresh Kumpir Kroket 300 Gr,Temel Gıda,"185,00"
SuperFresh Mac&Cheese Topları 300 Gr,Temel Gıda,"209,95"
SuperFresh Margarita Pizza King XL 460 Gr,Temel Gıda,"168,75"
Superfresh Milföy Hamuru 1 Kg,Temel Gıda,"138,71"
Superfresh Milföy Hamuru 500 Gr,Temel Gıda,"125,00"
Superfresh Mısır 3'lü 600 Gr,Temel Gıda,"79,95"
Superfresh Mısır 450 Gr,Temel Gıda,"129,95"
SuperFresh Mozeralla Çucukları 280 Gr,Temel Gıda,"217,46"
Superfresh Patates 1 Kg,Temel Gıda,"164,96"
Superfresh Patates Kroket 450 Gr,Temel Gıda,"107,95"
Superfresh Patatesli Garnitür 450 Gr,Temel Gıda,"86,50"
Superfresh Pizza King 4'lü 780 Gr,Temel Gıda,"375,00"
Superfresh Soğan Kroket 450 Gr,Temel Gıda,"112,46"
SuperFresh Sucuklu XL King Pizza 465 Gr,Temel Gıda,"168,75"
Superfresh Tatlı Beyaz Soğan 450 Gr,Temel Gıda,"87,50"
SuperFresh Tereyağlı Kruvasan 360 Gr,Temel Gıda,"192,95"
SuperFresh Tuna Fish Ton Balığı 4*75 Gr,Temel Gıda,"219,95"
Superfresh Zeytinyağlı Ton Balığı 3*75 Gr,Temel Gıda,"319,95"
Sütaş Kakaolu Pudıng 200 Gr,Temel Gıda,"23,95"
Sütaş Krema 200 Ml,Temel Gıda,"79,95"
Sütaş Muzlu Puding 200 Gr,Temel Gıda,"23,95"
Sütaş Tatlım Çikolatalı Çilekli Puding 4*60 Gr,Temel Gıda,"49,95"
Sütaş Tatlım Çikolatalı Sütlü 4*60 Gr,Temel Gıda,"49,95"
Sütaş Tatlımmm Çikolatalı Puding 4'lü 100 Gr,Temel Gıda,"49,95"
Sütaş Tatlımmm Çilekli 4*65 Gr,Temel Gıda,"49,95"
Sütaş Tatlımmm Muzlu Puding 4*65 Gr,Temel Gıda,"49,95"
Takita Kahverengi Küp Şeker 500 Gr,Temel Gıda,"191,90"
Takita Kahverengi Toz Şeker 500 Gr,Temel Gıda,"146,75"
Takita Tablet Tatlandırıcı 300'lü,Temel Gıda,"130,90"
Tat Acı Biber Turşusu 330 Gr,Temel Gıda,"87,96"
Tat Acılı Ketçap 650 Gr,Temel Gıda,"79,95"
Tat Barbekü Sos 250 Gr,Temel Gıda,"89,95"
Tat Barbunya Pilaki 400 Gr,Temel Gıda,"55,92"
Tat Bezelye Cam 680 Gr,Temel Gıda,"59,95"
Tat Biber Salçası Ekstra Kalite 550 Gr,Temel Gıda,"109,95"
Tat Biberiye Turşusu 330 Gr,Temel Gıda,"87,96"
Tat Büfe Ketçap 650 Gr,Temel Gıda,"79,95"
Tat Domates Salçası (Cam) 710 Gr,Temel Gıda,"74,95"
Tat Domates Salçası 830 Gr,Temel Gıda,"79,95"
Tat Domates Salçası Cam Kavanoz 1500 Gr,Temel Gıda,"159,95"
Tat Domates Suyu 1 Lt,Temel Gıda,"79,90"
Tat Domates&Biber Karışık Köy Salçası (Cam) 560 Gr,Temel Gıda,"119,90"
Tat Garnitür 550 Gr,Temel Gıda,"83,95"
Tat Hardal Sos 230 Gr,Temel Gıda,"99,95"
Tat Karışık Turşu Cam 650 Gr,Temel Gıda,"119,92"
Tat Ketçap 390 Gr,Temel Gıda,"79,95"
Tat Kırmızı Pancar Turşusu 680 Gr,Temel Gıda,"127,92"
Tat Kornişon Salatalık Turşusu Cam 680 Gr,Temel Gıda,"135,96"
Tat Kornişon Turşusu 350 Gr,Temel Gıda,"95,96"
Tat Köy Domates Salçası 560 Gr,Temel Gıda,"119,95"
Tat Mayonez 330 Ml,Temel Gıda,"119,95"
Tat Mayonez 550 Gr,Temel Gıda,"109,95"
Tat Mısır 3*630 Gr,Temel Gıda,"119,95"
Tat Patlıcan Kızartma 380 Gr,Temel Gıda,"106,32"
Tat Ranch Sos 220 Gr,Temel Gıda,"89,95"
Tat Sıkı Dostlar Ketçap 650 Gr+Mayonez 560 Gr,Temel Gıda,"179,90"
Tat Sos Cevizli Ezme 300 gr,Temel Gıda,"81,95"
Tavuk-Kemikli Göğüs Tabaklı (Donuk Olarak Satılır) - 1 Kg.,Temel Gıda,"299,90"
Tellioğlu Çok Amaçlı Un 1 Kg,Temel Gıda,"27,95"
Tellioğlu Çok Amaçlı Un 5 Kg,Temel Gıda,"159,95"
Tellioğlu Organik Buğday Unu 1 Kg,Temel Gıda,"55,95"
Tellioğlu Tam Buğday Unu 1 Kg,Temel Gıda,"35,95"
Toblerone Cheesecake 2*85 Gr,Temel Gıda,"379,95"
Toblerone Lava Cake 2*90 Gr,Temel Gıda,"359,95"
Torku Küp Şeker 1000 Gr,Temel Gıda,"69,95"
Torku Küp Şeker 750 Gr,Temel Gıda,"49,95"
Torku Toz Şeker 1 Kg,Temel Gıda,"59,90"
Tortadolce Savolardi Kedi Dili 200 Gr,Temel Gıda,"97,90"
Tukaş Acı Biber Salçası 350 Gr,Temel Gıda,"45,90"
Tukaş Acı Sos 400 gr,Temel Gıda,"39,95"
Tukaş Arrabbiata Makarna Sosu 360 Gr,Temel Gıda,"44,95"
Tukaş Barbekü Sos 400 gr,Temel Gıda,"39,95"
Tukaş Basilico Makarna Sosu 360 Gr,Temel Gıda,"44,95"
Tukaş Biber Salçası 350 Gr,Temel Gıda,"45,90"
Tukaş Biberiye Turşusu 335 Gr,Temel Gıda,"69,90"
Tukaş Chef Catering Acılı Ketçap 700 Gr,Temel Gıda,"44,90"
Tukaş Chef Catering Ketçap 700 Gr,Temel Gıda,"44,90"
Tukaş Chef Catering Mayonez 600 Gr,Temel Gıda,"49,90"
Tukaş Domates Rende 700 Gr,Temel Gıda,"49,95"
Tukaş Domates Salçası (Cam) 1650 Gr,Temel Gıda,"159,90"
Tukaş Domates Salçası (Cam) 700 Ml,Temel Gıda,"79,95"
Tukaş Domates Salçası (Teneke) 830 Ml,Temel Gıda,"57,95"
Tukaş Domates Salçası 350 gr,Temel Gıda,"43,90"
Tukaş Enginar Kalbi Konservesi 385 Gr,Temel Gıda,"79,90"
Tukaş Fesleğenli Domates Rendesi 700 Gr,Temel Gıda,"49,95"
Tukaş Garnitür Konserve 560 Gr,Temel Gıda,"59,90"
Tukaş Hardal 335 gr,Temel Gıda,"39,95"
Tukaş Haşlanmış Barbunya 800 Gr,Temel Gıda,"67,90"
Tukaş Haşlanmış Fasulye 800 Gr,Temel Gıda,"59,90"
Tukaş Haşlanmış Nohut 800 Gr,Temel Gıda,"59,90"
Tukaş Jalapeno 335 Gr,Temel Gıda,"59,90"
Tukaş Karışık Turşu 680 Gr,Temel Gıda,"89,90"
Tukaş Konserve Mısır 340 Gr,Temel Gıda,"49,90"
Tukaş Kornişon Turşu 330 Gr,Temel Gıda,"89,95"
Tukaş Kornişon Turşu Cam 670 Gr,Temel Gıda,"99,95"
Tukaş Közlenmiş Biber 680 Gr,Temel Gıda,"89,95"
Tukaş Közlenmiş Patlıcan 650 Gr,Temel Gıda,"64,95"
Tukaş Mayonez 335 Gr,Temel Gıda,"49,90"
Tukaş Mısır Konservesi 3*150 Gr,Temel Gıda,"69,90"
Tukaş Napoliten Makarna Sosu 360 Gr,Temel Gıda,"44,95"
Tukaş Pilaki Barbunya Konservesi 400 Gr,Temel Gıda,"42,90"
Tukaş Pilaki Fasulye Konservesi 400 Gr,Temel Gıda,"42,90"
Tukaş Ranch Sos 335 gr,Temel Gıda,"39,90"
Tukaş Yakan Biber Turşusu 335 gr,Temel Gıda,"69,90"
Uğurhan Acuka 200 Gr,Temel Gıda,"79,95"
Ülker Bitter Damla Çikolata 150 Gr,Temel Gıda,"140,00"
Ülker Bizim Mutfak Mısır Nişastası 150 Gr,Temel Gıda,"20,95"
Ülker Kakao 25 Gr,Temel Gıda,"30,00"
Ülker Kakao 50 Gr,Temel Gıda,"60,00"
Uno %100 Tam Buğday Tava Ekmeği 450 gr,Temel Gıda,"85,00"
Uno 3 Kat Pastaban Kakaolu 320 Gr,Temel Gıda,"130,00"
Uno 3 Kat Pastaban Sade 320 Gr,Temel Gıda,"130,00"
Uno Büyük Tost Ekmeği 550 Gr,Temel Gıda,"69,90"
Uno Çikolata Kremalı Kruvasan 30 Gr,Temel Gıda,"14,95"
Uno Çikolatalı Kruvasan 240 Gr,Temel Gıda,"115,00"
Uno Geleneksel Lavaş 250Gr (10 Adet),Temel Gıda,"74,90"
Uno Grissuno Denge Tam Buğdaylı Çiya Tohumlu Galeta 150 Gr,Temel Gıda,"90,00"
Uno Grissuno Yulaflı Karabuğdaylı Galeta 150 Gr,Temel Gıda,"90,00"
Uno Gurme Ekşi Mayalı Büyük Sandviç 400 Gr,Temel Gıda,"95,00"
Uno Lavaş 390 Gr,Temel Gıda,"105,00"
Uno Otantik Tava Ekmeği 470 gr,Temel Gıda,"85,00"
Uno Premium Çavdar ve Kara Buğdaylı Ekmek 350 GR,Temel Gıda,"69,90"
Uno Premium Çok Tahıllı ve Siyez Buğdaylı Ekmek 350 GR,Temel Gıda,"69,90"
Uno Süper Klasik Sandviç Ekmeği 400 Gr,Temel Gıda,"79,90"
Uno Süper Tost Ekmeği 470 Gr,Temel Gıda,"74,90"
Uno Tam Buğday Lavaş 15cm 250 Gr,Temel Gıda,"74,90"
Uno Tam Cookies Frambuaz&Elma&Fındık 50 Gr,Temel Gıda,"37,50"
Uno Tam Cookies Kayısı&Hurma&Badem 50 Gr,Temel Gıda,"37,50"
Uno Tandır Lavaş 6'lı 282 gr,Temel Gıda,"105,00"
Untad Pasta Altı Sade 280 gr,Temel Gıda,"129,50"
Untad Premium Çavdar Ekmeği 500 gr,Temel Gıda,"99,50"
Untad Sade Lavaş 300 gr (12*25gr),Temel Gıda,"89,90"
Untad Sade Lavaş 560 Gr,Temel Gıda,"120,00"
Untad Sandviç Ekmeği 6lı 390 gr,Temel Gıda,"89,50"
Untad Tandır Ekmeği 267 gr (6*46gr),Temel Gıda,"67,50"
Untad Zeytinli Çeşnili Tortilla 390 Gr,Temel Gıda,"120,00"
WeFood Organik Hindistan Cevizi Yağı 150 ML,Temel Gıda,"295,00"
Yakamoz %100 Nar Ekşisi 250 Ml,Temel Gıda,"169,90"
Yakamoz Beyaz Sirke 2 Lt,Temel Gıda,"72,90"
Yakamoz Elma Sirkesi 750 Ml,Temel Gıda,"39,90"
Yakamoz Limon Suyu 474 Ml,Temel Gıda,"66,90"
Yakamoz Nar Ekşisi Sosu 250 Ml,Temel Gıda,"44,90"
Yakamoz Üzüm Sirkesi 1 Lt,Temel Gıda,"49,90"
Yakamoz Üzüm Sirkesi 2 Lt,Temel Gıda,"79,90"
Yayla Aşure 200 Gr,Temel Gıda,"39,90"
Yayla Aşurelik Buğday 1 Kg,Temel Gıda,"53,95"
Yayla Bakliyat Esmerim Baldo Pirinç 1 Kg,Temel Gıda,"99,95"
Yayla Baldo Gönen Pirinç 2 Kg,Temel Gıda,"239,95"
Yayla Baldo Pirinç 1 Kg.,Temel Gıda,"139,95"
Yayla Baldo Pirinç Gönen Bölgesi Mahsulü 1 Kg,Temel Gıda,"144,95"
Yayla Beyaz Kabak Nohut 1 Kg,Temel Gıda,"159,95"
Yayla Dermason Fasulye 1 Kg,Temel Gıda,"89,95"
Yayla Etli Fasulye Yemeği 250 Gr,Temel Gıda,"112,95"
Yayla Garnitürlü Pirinç Pilavı 250 Gr,Temel Gıda,"71,95"
Yayla Gurme Barbunya 500 Gr,Temel Gıda,"85,95"
Yayla Gurme Basmati Pirinç 500 Gr,Temel Gıda,"59,95"
Yayla Gurme Börülce 500 Gr,Temel Gıda,"65,95"
Yayla Gurme Chıa Tohumu 500 Gr,Temel Gıda,"161,95"
Yayla Gurme İç Bakla 500 Gr,Temel Gıda,"54,95"
Yayla Haşlanmış Bezelye 700 Gr,Temel Gıda,"47,21"
Yayla Haşlanmış Fasulye 700 Gr,Temel Gıda,"50,21"
Yayla Haşlanmış Nohut 700 Gr,Temel Gıda,"50,21"
Yayla Haşlanmış Susuz Börülce 150 Gr,Temel Gıda,"32,96"
Yayla Haşlanmış Susuz Fasülye 150 Gr,Temel Gıda,"29,96"
Yayla Haşlanmış Susuz Meksika Fasülye 150 Gr,Temel Gıda,"44,96"
Yayla Haşlanmış Susuz Nohut 150 Gr,Temel Gıda,"29,96"
Yayla Haşlanmış Tane Mısır 220 Gr,Temel Gıda,"37,46"
Yayla Kırık Pirinç 1 Kg,Temel Gıda,"49,95"
Yayla Kıymalı Bezelye Hazır Yemek 250 Gr,Temel Gıda,"72,95"
Yayla Koçbaşı Nohut 1 Kg,Temel Gıda,"134,95"
Yayla Köftelik Bulgur 1 Kg,Temel Gıda,"53,95"
Yayla Mac&Cheese Cheddar Soslu Hazır Yemek 250 Gr,Temel Gıda,"58,95"
Yayla Napoliten Soslu Makarna 250 Gr,Temel Gıda,"60,95"
Yayla Nohutlu Bulgur Pilavı 250 Gr,Temel Gıda,"53,95"
Yayla Osmancık Pirinç 1 Kg,Temel Gıda,"121,95"
Yayla Osmancık Pirinç 2 Kg.,Temel Gıda,"199,90"
Yayla Patlayan Mısır 500 Gr,Temel Gıda,"28,75"
Yayla Pilavlık Bulgur 1 Kg,Temel Gıda,"53,95"
Yayla Tane Tane Pirinç 1 Kg,Temel Gıda,"115,95"
Yayla Toping Amarantlı Salata 150GR,Temel Gıda,"57,95"
Yayla Toping Chialı Salata 150GR,Temel Gıda,"57,95"
Yayla Yemek Hazır Barbunya Pilaki 400 Gr,Temel Gıda,"59,95"
Yayla Yeşil Mercimek 1 Kg,Temel Gıda,"89,95"
Yayla Yeşil Mercimekli Bulgur Pilavı 250 Gr,Temel Gıda,"53,95"
Yudum Ayçiçek Yağı 1 Lt,Temel Gıda,"159,90"
Yudum Ayçiçek Yağı 2 Lt,Temel Gıda,"289,90"
Yudum Ayçiçek Yağı 4 Lt,Temel Gıda,"419,90"
Yudum Egemden Natural Sızma Zeytinyağı Yumuşak Lezzet 1 Lt,Temel Gıda,"359,90"
Yudum Egemden Riviera Zeytinyağı 1 Lt,Temel Gıda,"349,90"
Yudum Egemden Riviera Zeytinyağı 2 Lt,Temel Gıda,"599,90"
Yudum Egemden Riviera Zeytinyağı 500 Ml,Temel Gıda,"179,90"
"Yudum Egemden Yumuşak Lezzet Sızma Zeytinyağı 0,5 Lt",Temel Gıda,"219,95"
Yudum Egemden Zeytinyağı Yumuşak Lezzet 2 Lt,Temel Gıda,"859,90"
Züber Fıstrık Yer Fıstıklı Kuruyemişli Bar 35 Gr,Temel Gıda,"35,00"
Zühre Ana Ananas Sirkesi 500 Ml,Temel Gıda,"219,90"
Zühre Ana Bromelain Şurubu 250 Ml,Temel Gıda,"299,90"
Zühre Ana Detox Sirkesi 250 Ml,Temel Gıda,"238,90"
Zühre Ana Enginar Suyu 500 Ml,Temel Gıda,"249,90"
"Abant Su 0,5 LT",İçecekler,"4,75"
"Abant Su 1,5 LT",İçecekler,"9,50"
Abant Su 5 Lt,İçecekler,"29,50"
Ancora Böğürtlen Suyu 1000 Ml,İçecekler,"99,95"
Ancora Vişne Suyu 1000 Ml,İçecekler,"99,95"
Bağdat Ihlamur Yapraklı Çiçek Demleme 25Gr,İçecekler,"87,90"
Bağdat Pratik Salep 100 Gr,İçecekler,"59,90"
Benorganic Organic Kırmızı Meyveler Karışık Meyve Suyu 946 Ml,İçecekler,"189,95"
Benorganic Organic Şeftali & Kayısı & Elma Meyve Suyu 946ml,İçecekler,"189,95"
Benorganic Organik Portakal Suyu 946 Ml,İçecekler,"189,95"
Benorganic Organik Yeşil Sebze Suyu 946 Ml,İçecekler,"189,95"
Beypazarı Maden Suyu 6*200 Ml,İçecekler,"57,50"
Burn Enerji İçeceği 250 Ml,İçecekler,"60,00"
"Cafe Crown 3'ü 1 Arada 17,5 Gr",İçecekler,"10,00"
Cafe Crown 3ü 1 Arada Action 18 Gr,İçecekler,"10,00"
Cafe Crown Beyaz Çikolatalı Mocha 22 Gr,İçecekler,"10,00"
Cafe Crown Choco Latte 17 Gr,İçecekler,"10,00"
Cafe Crown Latte Kahve 17 Gr,İçecekler,"10,00"
Çamlıca Sade Gazoz 6 x 20O Ml,İçecekler,"79,95"
Cappy Ananas Aromalı Meyve Suyu 1 Lt,İçecekler,"64,95"
Cappy Atom 330 Ml,İçecekler,"45,00"
Cappy Atom Ballı Karışık Meyve Nektarı 1 Lt,İçecekler,"64,95"
Cappy Atom Ballı Karışık Meyve Nektarı 200 Ml,İçecekler,"17,50"
Cappy Bubble Ananas&Mango Aromalı İçecek 330 Ml,İçecekler,"50,00"
Cappy Bubble Ejder Meyvesi&Çilek Aromalı İçecek 330 Ml,İçecekler,"50,00"
Cappy Geleneksel Limonata 1 Lt,İçecekler,"50,00"
Cappy Karışık Meyve Suyu 1 Lt,İçecekler,"64,95"
Cappy Karışık Meyve Suyu 200 Ml,İçecekler,"17,50"
Cappy Kayısı Aromalı Meyve Suyu 200 Ml,İçecekler,"17,50"
Cappy Meyve Tanem Karışık Meyve Suyu 1 Lt,İçecekler,"75,00"
Cappy Portakal Aromalı Meyve Suyu 1 Lt,İçecekler,"64,95"
Cappy Pulpy Portakal Aromalı Meyve Suyu 1 Lt,İçecekler,"75,00"
Cappy Pulpy Portakal Aromalı Meyve Suyu 330 Ml,İçecekler,"36,50"
Cappy Ramazan Şerbeti 1 Lt,İçecekler,"55,00"
Cappy Şeftali Aromalı Meyve Suyu 1 Lt,İçecekler,"64,95"
Cappy Şeftali Aromalı Meyve Suyu 200 Ml,İçecekler,"17,50"
Cappy Şeftali Aromalı Meyve Suyu 330 Ml,İçecekler,"45,00"
Cappy Vişne Aromalı Meyve Suyu 330 Ml,İçecekler,"45,00"
Çaykur 42 Nolu Tirebolu Dökme Çay 200 Gr,İçecekler,"76,95"
Çaykur 42 Nolu Tirebolu Dökme Çay 500 Gr,İçecekler,"199,95"
Çaykur Altınbaş Dökme Çay 500 Gr,İçecekler,"179,90"
Çaykur Altınbaş Klasik Demlik Poşet 40'lı 200 Gr,İçecekler,"110,95"
Çaykur Çay Çiçeği 500 Gr,İçecekler,"154,95"
Çaykur Filiz Dökme Çay 200 Gr,İçecekler,"72,95"
Çaykur Kamelya Çay 500 Gr,İçecekler,"140,95"
Çaykur Kamelya Dökme Çay 1000 Gr,İçecekler,"279,95"
Çaykur Rize Turist Dökme Çay 1 Kg,İçecekler,"299,95"
Çaykur Rize Turist Dökme Çay 100 Gr,İçecekler,"33,95"
Çaykur Rize Turist Dökme Çay 500 Gr,İçecekler,"150,95"
Çaykur Siyah Süzen Bardak Poşet Çay 25'li 50 Gr,İçecekler,"49,95"
Çaykur Siyah Süzme Bardak Poşet Çay 100'lü 200 Gr,İçecekler,"199,95"
Çaykur Tiryaki Dökme Çay 500 Gr,İçecekler,"149,95"
Çaykur Tomurcuk Earl Grey Dökme Çay 125 Gr,İçecekler,"79,95"
Çaykur Yeşil Süzen Çay 24'lü 40 Gr,İçecekler,"36,95"
Coca Cola 1 Lt,İçecekler,"60,00"
"Coca Cola 1,5 Lt",İçecekler,"70,00"
Coca Cola 2 Lt,İçecekler,"65,00"
"Coca Cola 2,5 Lt",İçecekler,"90,00"
Coca Cola 250 Ml,İçecekler,"45,00"
Coca Cola 4*1 Lt,İçecekler,"228,50"
Coca Cola 6*250 Ml,İçecekler,"179,95"
Coca Cola Cam Şişe 200 Ml,İçecekler,"35,00"
Coca Cola Cam Şişe 6*200 Ml,İçecekler,"199,95"
Coca Cola Light 1 Lt,İçecekler,"60,00"
"Coca Cola Light 1,5 Lt",İçecekler,"70,00"
Coca Cola Light 250 Ml,İçecekler,"45,00"
Coca Cola Light 4*1 Lt,İçecekler,"228,50"
Coca Cola Şekersiz 1 Lt,İçecekler,"60,00"
"Coca Cola Şekersiz 1,5 Lt",İçecekler,"70,00"
"Coca Cola Şekersiz 2,5 Lt",İçecekler,"89,50"
Coca Cola Şekersiz 250 Ml,İçecekler,"45,00"
Coca Cola Şekersiz 4*1 Lt,İçecekler,"228,50"
Coca Cola Şekersiz 6*250 Ml,İçecekler,"244,50"
Damla Maden Suyu 200 Ml,İçecekler,"12,00"
Damla Maden Suyu 6*200 Ml,İçecekler,"61,50"
"Damla Su 0,5 Lt",İçecekler,"12,50"
"Damla Su 1,5 Lt",İçecekler,"25,00"
Damla Su 5 Lt,İçecekler,"49,95"
Deep Enerji İçeceği 500 Ml,İçecekler,"39,95"
Dimes %100 Elma&Vişne Meyve Suyu 1L,İçecekler,"105,00"
Dimes %100 Karışık Meyve Suyu 1L,İçecekler,"105,00"
DİMES 7/24 Enerji Meyve Suyu 1L,İçecekler,"70,00"
Dimes 7/24 Tahıllı Meyve Suyu 0.2L,İçecekler,"17,50"
Dimes Cool Berry Özü 310 ML,İçecekler,"50,00"
Dimes Cool Lime özü 1 Lt,İçecekler,"119,95"
Dimes Cool Lİme Özü 310 ML,İçecekler,"50,00"
Dimes Cool Lime Şekersiz Mix 310 Ml,İçecekler,"50,00"
Dimes Ekşi Elma 1 Lt,İçecekler,"70,00"
Dimes Fıstık&Brownili Çikolatalı Milkshake 310 ML,İçecekler,"59,95"
DİMES--- İÇECEK 1LT PORTAKAL PET,İçecekler,"34,95"
Dimes Karışık Nektar Leaf Meyve Suyu 0.2L,İçecekler,"17,50"
Dimes Karışık Nektarı Meyve Suyu 0.25L,İçecekler,"35,00"
Dimes Karpuz Çilek İçeceği Meyve Suyu 1L,İçecekler,"70,00"
Dimes Kayısı İçeceği Leaf Meyve Suyu 0.2L,İçecekler,"17,50"
Dimes Kayısı İçeceği Meyve Suyu 1L,İçecekler,"70,00"
Dimes Mango Aromalı İçecek Meyve Suyu 1L,İçecekler,"70,00"
Dimes Milkshake Brownieli Aromalı 0.31 L,İçecekler,"59,95"
Dimes Milkshake Çilek-Vanilya Aromalı 0.31L,İçecekler,"59,95"
Dimes Milkshake Karamelli Aromalı 0.31 L,İçecekler,"59,95"
Dimes Milkshake Muz-Kurabiye Aromalı 0.31L,İçecekler,"59,95"
Dimes Nektar Orman Meyveleri Meyve Suyu 1 Litre,İçecekler,"70,00"
Dimes Nektar Tropik Meyveler Meyve Suyu 1 Litre,İçecekler,"70,00"
Dimes Şeftali Nektarı Leaf Meyve Suyu 0.2L,İçecekler,"17,50"
Dimes Şeftali Nektarı Meyve Suyu 0.25L,İçecekler,"35,00"
Dimes Şeftali Nektarı Meyve Suyu 1L,İçecekler,"70,00"
Dimes Sıkma Portakal Suyu 0.7L,İçecekler,"175,00"
Dimes Vişne İçeceği Leaf Meyve Suyu 0.2L,İçecekler,"17,50"
Dimes Vişne İçeceği Meyve Suyu 250 Ml,İçecekler,"35,00"
Dimes Vişne Nektarı Meyve Suyu 1L,İçecekler,"70,00"
Doğadan Adaçayı 20'li,İçecekler,"94,50"
Doğadan Ananas Açaili Yeşil Çay 20'li,İçecekler,"94,50"
Doğadan Ananaslı Yeşil Çay 50 Gr.,İçecekler,"107,95"
Doğadan Ayvalı Ihlamur Bitki Çayı 18'li,İçecekler,"94,50"
Doğadan Böğürtlen Çayı 20'li,İçecekler,"94,50"
Doğadan Form Kayısılı Bitki Çayı 20'li,İçecekler,"94,50"
Doğadan Form Kiraz Saplı Bitki Çayı 20'li,İçecekler,"94,50"
Doğadan Geleneksel Karadeniz Demlik Poşet Çay 100'lü,İçecekler,"179,95"
Doğadan Gizli Bahçe Bardak Poşet Çay 100 Adet,İçecekler,"199,95"
Doğadan Gizli Bahçe Demlik Poşet 100'lü,İçecekler,"199,95"
Doğadan Gizli Bahçe Demlik Poşet Çay 48'li,İçecekler,"119,95"
Doğadan Gizli Bahçe Dökme Çay 1 Kg,İçecekler,"319,90"
Doğadan Ihlamur Çayı 18'li,İçecekler,"94,50"
Doğadan Kuşburnu Çayı 20'li,İçecekler,"94,50"
Doğadan Limonlu Yeşil Çay 20'li,İçecekler,"94,50"
Doğadan Mango&Lime 18'Li Yeşil Çay,İçecekler,"94,50"
Doğadan Mistik Bardak Yeşil çay 18'li,İçecekler,"94,50"
Doğadan Papatya Çayı 20'li,İçecekler,"94,50"
Doğadan Papatya&Hindistan Cevizli 18'Li Yeşil Çay,İçecekler,"94,50"
Doğadan Portakal Çiçeği Beyaz Çay,İçecekler,"119,95"
Doğadan Probiyotik Yeşil Çay Açai ve Ananaslı 14'lü,İçecekler,"114,95"
Doğadan Probiyotikli Rooibos Çayı Vanilyalı 14'lü,İçecekler,"114,95"
Doğadan Rahat Hisset Bitki Çayı 18'li,İçecekler,"94,50"
Doğadan Rezene Çayı 20'li,İçecekler,"94,50"
Doğadan Şeftali&Çarkıfelek Bardak Yeşil Çay 18'li,İçecekler,"94,50"
Doğadan Tropikal Tatlar Bardak Yeşil Çay 18'li,İçecekler,"94,50"
Doğadan Uyku Saati Bitki Çayı 18'li,İçecekler,"94,50"
Doğadan Yeşil Çay 20'li,İçecekler,"94,50"
Doğadan Yeşil Çay 60 Gr.,İçecekler,"107,95"
Doğadan Yumuşak İçimli Yeşil Çay 20'li,İçecekler,"94,50"
Doğadan Zencefil Limon Kabuklu Bitki Çayı 18'li,İçecekler,"94,50"
Doğanay Acılı Şalgam Suyu 1 Lt,İçecekler,"45,00"
Doğanay Acılı Şalgam Suyu 300 Ml,İçecekler,"28,50"
Doğanay Acılı Şalgam Suyu 750 ML,İçecekler,"85,00"
Doğanay Acılı Şalgam Suyu Cam 1 Lt,İçecekler,"109,95"
Doğanay Limonata 1 Lt,İçecekler,"49,50"
Doğanay Pancar Kvass 750 ML,İçecekler,"159,95"
Doğanay Sade Cam Şişe Şalgam Suyu 1 Lt,İçecekler,"109,95"
Doğanay Sade Şalgam Suyu 750 ML,İçecekler,"85,00"
Doğanay Şalgam Suyu 1 Lt,İçecekler,"45,00"
Doğanay Şalgam Suyu 300 Ml,İçecekler,"28,50"
Dr. Oetker Çikolatalı Çilekli Milkshake 24 gr,İçecekler,"11,95"
Dr. Oetker Ekspres Salep 14 Gr,İçecekler,"9,95"
Dr. Oetker Mango ve Çarkıfelek Aromalı Toz İçecek 90 Gr,İçecekler,"29,95"
Dr.Oetker Berry Hibiscus Toz İçecek 90 Gr,İçecekler,"29,95"
Dr.Oetker Çikolatalı Milkshake Toz İçecek 30 Gr,İçecekler,"11,95"
Dr.Oetker Çilekli Milkshake Toz İçecek 26 Gr,İçecekler,"11,95"
Dr.Oetker Cool Lime Toz İçecek 90 Gr,İçecekler,"29,95"
Dr.Oetker İçilebilir Çikolata 28 Gr,İçecekler,"9,95"
Dr.Oetker Muzlu Milkshake Toz İçecek 25 Gr,İçecekler,"11,95"
Dr.Oetker Salep 243 Gr,İçecekler,"99,90"
Dr.Oetker Sıcak Çikolata 252 Gr,İçecekler,"99,90"
Eduscho Caffe Crema Strong Çekirdek Kahve 500Gr,İçecekler,"759,95"
Eduscho Espresso Classic Çekirdek Kahve 500Gr,İçecekler,"759,95"
Eker Ayran 1 Lt,İçecekler,"61,50"
"Eker Şişe Ayran 1,5 Lt",İçecekler,"79,90"
Eker Tombul Ayran 293 Ml,İçecekler,"29,50"
Eker Tombul Ayran 6'lı,İçecekler,"103,50"
Erikli Premium Doğal Kaynak Suyu 330 Ml,İçecekler,"18,50"
Erikli Premium Doğal Kaynak Suyu 750 Ml,İçecekler,"33,50"
"Erikli Su 0,5 Lt",İçecekler,"15,00"
Erikli Su 0.5 Lt 12'Li,İçecekler,"99,95"
Erikli Su 1 Lt,İçecekler,"25,00"
"Erikli Su 1,5 Litre 6'lı",İçecekler,"99,95"
"Erikli Su 1,5 Lt",İçecekler,"30,00"
Erikli Su 10 Lt,İçecekler,"99,95"
Erikli Su 5 Lt,İçecekler,"39,95"
"Erikli Su Cam Şişe 0,33 Lt",İçecekler,"46,50"
"Erikli Su Cam Şişe 0,75 Lt",İçecekler,"85,00"
Fanta Portakal 1 Lt,İçecekler,"60,00"
"Fanta Portakal 1,5 Lt",İçecekler,"70,00"
"Fanta Portakal 2,5 Lt",İçecekler,"80,00"
Fanta Portakal 250 Ml,İçecekler,"45,00"
Fanta Portakal 4*1 Lt,İçecekler,"228,50"
Fanta Portakal 6*250 Ml,İçecekler,"244,50"
Fanta Zero Portakallı 1 Litre,İçecekler,"60,00"
Freshes Fermente Acılı Pancar Suyu 250 ML,İçecekler,"39,95"
Freshes Fermente Acılı Pancar Suyu 750 ML,İçecekler,"89,95"
Freshes Fermente Acısız Pancar Suyu 250 ML,İçecekler,"39,95"
Freshes Fermente Acısız Pancar Suyu 750 ML,İçecekler,"89,95"
"Fruko Gazoz 1,5 Lt",İçecekler,"64,50"
"Fruko Gazoz 2,5 Lt",İçecekler,"70,00"
"Fuse Tea Karpuz Aromalı İçecek 1,5 Lt",İçecekler,"70,00"
Fuse Tea Karpuz Aromalı Soğuk Çay 6'lı 330 Ml,İçecekler,"249,95"
Fuse Tea Karpuz Aromalı Soğuk Çay 1 Lt,İçecekler,"55,00"
Fuse Tea Karpuz Aromalı Soğuk Çay 330 Ml,İçecekler,"45,00"
Fuse Tea Kavun Çilek 1.5 Litre,İçecekler,"70,00"
Fuse Tea Kavun Ve Çilek Aromalı İçecek 1 Lt,İçecekler,"55,00"
"Fuse Tea Limon Aromalı İçecek 1,5 Lt",İçecekler,"70,00"
Fuse Tea Limon Aromalı İçecek 6*330 Ml,İçecekler,"249,95"
Fuse Tea Limon Aromalı Soğuk Çay 1 Lt,İçecekler,"55,00"
Fuse Tea Limon Aromalı Soğuk Çay 330 Ml,İçecekler,"45,00"
Fuse Tea Mango&Ananas Aromalı Soğuk Çay 6'lı 330 Ml,İçecekler,"249,95"
Fuse Tea Mango&Ananas Aromalı Soğuk Çay 1 Lt,İçecekler,"55,00"
"Fuse Tea Mango&Ananas Aromalı Soğuk Çay 1,5 Lt",İçecekler,"70,00"
Fuse Tea Mango&Ananas Aromalı Soğuk Çay 330 Ml,İçecekler,"45,00"
"Fuse Tea Şeftali Aromalı İçecek 1,5 Lt",İçecekler,"70,00"
Fuse Tea Şeftali Aromalı İçecek 330 Ml,İçecekler,"45,00"
Fuse Tea Şeftali Aromalı Soğuk Çay 1 Lt,İçecekler,"55,00"
Fuse Tea Şeftali Aromalı Soğuk Çay 6'lı 330 Ml,İçecekler,"249,95"
Hisar Kahve Beyazlatıcısı 500 Gr,İçecekler,"119,95"
Hisar Kahve Türk Kahvesi 250 Gr,İçecekler,"209,95"
Hisar Kolombiya Filtre Kahve 250 Gr,İçecekler,"239,95"
Hisar Türk Kahvesi 100 Gr,İçecekler,"69,95"
Ice Break Mocha 375 Ml,İçecekler,"64,95"
Ice Break Şekersiz Latte 375 Ml,İçecekler,"64,95"
Ice Break Vanilyalı Latte 375 Ml,İçecekler,"64,95"
"İçim Ayran 1,5 Lt",İçecekler,"75,00"
İçim Ayran 285 Ml,İçecekler,"18,95"
İçim Yarım Yağlı Bardak Ayran 170 Ml,İçecekler,"11,50"
Jacobs 2'si 1 Arada 10*14 Gr,İçecekler,"105,00"
Jacobs 2'si 1 Arada 16'lı Paket,İçecekler,"145,00"
Jacobs 3ü 1 Arada 10*12 Gr,İçecekler,"105,00"
Jacobs 3ü 1 Arada 16 Gr,İçecekler,"12,00"
Jacobs 3'ü 1 Arada 16'lı Paket,İçecekler,"145,00"
Jacobs 3'ü1 Arada Gold Yoğun Lezzet 18 Gr,İçecekler,"18,50"
Jacobs Cafe Crema Gold Çekirdek Kahve 500 Gr,İçecekler,"789,95"
Jacobs Monarch Filtre Kahve 250 Gr,İçecekler,"389,95"
Jacobs Monarch Gold 100 Gr,İçecekler,"389,95"
Jacobs Monarch Gold 150 Gr,İçecekler,"249,95"
Jacobs Monarch Gold 2 Gr,İçecekler,"15,00"
Jacobs Monarch Gold 200 Gr,İçecekler,"689,95"
Kahve Dünyası 4'lü Türk Kahvesi 100 Gr + Fincan Hediyeli,İçecekler,"249,95"
Kahve Dünyası Espresso Kapsül 5 Gr 10'Lu,İçecekler,"199,95"
Kahve Dünyası Filtre Kahve 250 Gr,İçecekler,"289,95"
Kahve Dünyası Filtre Kahve Çekirdek 1 Kg,İçecekler,"999,95"
Kahve Dünyası Filtre Kahve Kağıdı 80'li,İçecekler,"139,95"
Kahve Dünyası Kolombiya Kapsül 5 Gr 10'Lu,İçecekler,"199,95"
Kahve Dünyası Orta Kavrulmuş Türk Kahvesi 100 Gr,İçecekler,"89,50"
Kula Ananaslı Maden Sodası 6*200 Ml,İçecekler,"69,95"
Kula Karadut&Frenk Üzümlü Maden Sodası 6*200 Ml,İçecekler,"69,95"
Kula Limon Aromalı Maden Suyu 6*200 Ml,İçecekler,"69,95"
Kula Maden Sodası 6*200 Ml,İçecekler,"49,95"
Kula Maden Suyu 200 Ml,İçecekler,"10,00"
Kula Mandalinalı Maden Suyu 6*200 Ml,İçecekler,"69,95"
Lipton Adaçayı 35 Gr,İçecekler,"89,95"
Lipton Demlik Poşet Çay Doğu Karadeniz 48'li 153 Gr,İçecekler,"109,95"
Lipton Doğu Karadeniz Bardak Poşet Çay 100'lü 200 Gr,İçecekler,"237,50"
Lipton Doğu Karadeniz Bardak Poşet Çay 25'li 50 Gr,İçecekler,"79,95"
Lipton Doğu Karadeniz Çay 1000 Gr,İçecekler,"295,95"
Lipton Doğu Karadeniz Demlik Poşet Çay 320 GR 100'lü,İçecekler,"209,95"
Lipton Doğu Karadeniz Dökme Çay 500 Gr,İçecekler,"179,95"
Lipton Earl Grey Bardak Poşet Çay 100'lü,İçecekler,"299,95"
Lipton Earl Grey Bardak Poşet Çay 25'li 50 Gr,İçecekler,"99,95"
Lipton Earl Grey Demlik Poşet Çay 48'li,İçecekler,"89,95"
Lipton Earl Grey Dökme Çay 1000 Gr,İçecekler,"419,95"
Lipton Earl Grey Dökme Çay 500 Gr,İçecekler,"229,95"
Lipton Eary Grey Demlik Poşet Çay 120 li,İçecekler,"249,90"
Lipton Extra Dem Demlik Poşet 100'lü 320 Gr,İçecekler,"294,90"
Lipton Extra Dem Demlik Poşet Çay 48'li,İçecekler,"134,95"
Lipton Extra Dem Dökme Çay 500 Gr,İçecekler,"229,95"
Lipton Form Plus Kayısılı Çay 40 Gr,İçecekler,"89,95"
Lipton Ice Tea Ahududu 1 Lt,İçecekler,"59,50"
Lipton Ice Tea Ahududu 330 Lt,İçecekler,"45,00"
Lipton Ice Tea Karpuz Aromalı İçecek 1 Lt,İçecekler,"59,50"
"Lipton Ice Tea Karpuz ve Nane Aromalı İçecek 1,5 Lt",İçecekler,"69,50"
Lipton Ice Tea Limon Aromalı İçecek 1 Lt,İçecekler,"59,50"
"Lipton Ice Tea Limon Aromalı İçecek 1,5 Lt",İçecekler,"69,50"
Lipton Ice Tea Limon Aromalı İçecek 330 Ml,İçecekler,"45,00"
Lipton Ice Tea Limon Aromalı İçecek 4*1 Lt,İçecekler,"225,00"
Lipton Ice Tea Limon Aromalı İçecek 6*330 Ml,İçecekler,"250,00"
Lipton Ice Tea Mango Aromalı İçecek 1 Lt,İçecekler,"59,50"
"Lipton Ice Tea Mango Aromalı İçecek 1,5 Lt",İçecekler,"69,50"
Lipton Ice Tea Mango Aromalı İçecek 330 Ml,İçecekler,"45,00"
Lipton Ice Tea Mango Aromalı İçecek 6*330 Ml,İçecekler,"250,00"
Lipton Ice Tea Şeftali Aromalı İçecek 1 Lt,İçecekler,"59,50"
"Lipton Ice Tea Şeftali Aromalı İçecek 1,5 Lt",İçecekler,"69,50"
Lipton Ice Tea Şeftali Aromalı İçecek 2 Lt,İçecekler,"79,50"
Lipton Ice Tea Şeftali Aromalı İçecek 330 Ml,İçecekler,"45,00"
Lipton Ice Tea Şeftali Aromalı İçecek 4*1 Lt,İçecekler,"225,00"
Lipton Ice Tea Şeftali Aromalı İçecek 6*330 Ml,İçecekler,"250,00"
Lipton İce Tea Şekersiz Şeftali Pet 1 L,İçecekler,"59,50"
Lipton Ice Tea Tropical 2 Lt,İçecekler,"79,50"
"Lipton Ice Tea Yeşil Çay&Limon Aromalı İçecek 1,5 Lt",İçecekler,"69,50"
Lipton Ihlamur Çayı 32 Gr,İçecekler,"89,95"
Lipton Kuşburnu Çayı 50 Gr,İçecekler,"89,95"
Lipton Limonlu Yeşilçay 20'li,İçecekler,"89,95"
Lipton Mango&Ananas Yeşil Çay 20'li,İçecekler,"89,95"
Lipton Papatya Çayı 30 Gr,İçecekler,"89,95"
Lipton Rezene Bitki Çayı 40 Gr,İçecekler,"89,95"
Lipton Slim Plus Kiraz Saplı 40 Gr,İçecekler,"89,95"
Lipton Tomurcuk Extra Yoğun Earl Grey Dökme Çay 100 Gr,İçecekler,"99,95"
Lipton Yellow Dökme Çay 500 Gr,İçecekler,"169,95"
Lipton Yellow Label Bardak Poşet Çay 100'lü 200 Gr,İçecekler,"299,95"
Lipton Yellow Label Bardak Poşet Çay 25'li 50 Gr,İçecekler,"99,95"
Lipton Yellow Label Demlik Poşet 100'lü 320 Gr,İçecekler,"249,95"
Lipton Yellow Label Demlik Poşet 120'Li,İçecekler,"249,90"
Lipton Yellow Label Demlik Poşet Çay 24 lü,İçecekler,"69,95"
Lipton Yellow Label Demlik Poşet Çay 48'li,İçecekler,"89,95"
Lipton Yellow Label Dökme Çay 1 Kg,İçecekler,"319,95"
Lipton Yeşil Çay 20'li 30 Gr,İçecekler,"89,95"
Lipton Yumuşak İçimli Yeşil Çay 20'li,İçecekler,"89,95"
Mehmet Efendi Brazilian Filtre Kahve 250 Gr,İçecekler,"264,50"
Mehmet Efendi Türk Kahvesi 100 Gr,İçecekler,"97,50"
Meysu %100 Portakal Suyu 1 Lt,İçecekler,"89,95"
Meysu %100 Üzüm Suyu Cam Şişe 1 Lt,İçecekler,"85,00"
Meysu 1/1 %100 Cam Nar,İçecekler,"85,00"
Meysu Anadolu Şerbeti Cam Şişe 1 Lt,İçecekler,"69,95"
Meysu Ananas Aromalı Meyve Suyu 1 Lt,İçecekler,"55,00"
Meysu Antioksidan %100 Karışık Meyve Suyu Cam Şişe 1 Lt,İçecekler,"85,00"
Meysu Gül Şerbeti Meysu 1 Lt,İçecekler,"69,95"
Meysu Karışık Meyveli Nektar 1 Lt,İçecekler,"55,00"
Meysu Karışık Vitaminli Nektar 200 Ml,İçecekler,"12,50"
Meysu Multimix %100 Karışık Meyve Suyu Cam Şişe 1 Lt,İçecekler,"85,00"
Meysu Şeftali Nektar 1 Lt,İçecekler,"70,00"
Meysu Şeftali Nektar 200 Ml,İçecekler,"12,50"
Meysu Şeftali Nektarı 1 Lt,İçecekler,"55,00"
Meysu Vişne Nektar Cam Şişe 1 Lt,İçecekler,"70,00"
Meysu Vişne Nektarı 1 Lt,İçecekler,"55,00"
Meysu Vişneli Nektar 200 Ml,İçecekler,"12,50"
Monster Energy Pipeline Punch Enerji İçeceği 500 Ml,İçecekler,"70,00"
Monster Enerji İçeceği 355 Ml,İçecekler,"70,00"
Monster Rossi Enerji İçeceği 500 Ml,İçecekler,"70,00"
Nescafe 2si 1 Arada 10 Gr,İçecekler,"12,50"
Nescafe 2'si 1 Arada 10'lu 10 Gr,İçecekler,"85,00"
Nescafe 2si 1 Arada 11 Al 10 Öde,İçecekler,"150,00"
"Nescafe 3ü 1 Arada 17,5 Gr",İçecekler,"12,50"
Nescafe 3ü 1 Arada Ekstra,İçecekler,"12,50"
Nescafe 3ü 1 Arada Ekstra 10'lu,İçecekler,"85,00"
"Nescafe 3ü 1 Arada Orijinal 10*17,5 Gr",İçecekler,"85,00"
Nescafe 3'ü 1 Arada Sütlü Köpüklü 10*18 Gr,İçecekler,"85,00"
"Nescafe 3ü 1 Arada Sütlü Köpüklü 15,2 Gr",İçecekler,"12,50"
Nescafe 3ü1 Arada İce Choco Tekli,İçecekler,"12,50"
Nescafe Classic 100 Gr,İçecekler,"189,00"
Nescafe Classic 2 Gr,İçecekler,"13,50"
Nescafe Classic 200 Gr,İçecekler,"378,00"
Nescafe Classic 50 Gr,İçecekler,"99,95"
Nescafe Crema Latte 17 Gr,İçecekler,"14,50"
Nescafe Gold 180 Gr,İçecekler,"445,00"
Nescafe Gold 2 Gr,İçecekler,"14,50"
Nescafe Gold 50 Gr,İçecekler,"199,95"
Nescafe Gold Blend 37 Çözünebilir Kahve 100 Gr,İçecekler,"279,50"
Nescafe Gold Filtre Kahve 250 Gr,İçecekler,"199,95"
"Nescafe Mocha 17,9 Gr",İçecekler,"14,50"
Nescafe Original 3ü 1 Arada 15'li,İçecekler,"150,00"
Nescafe Sütlü Köpüklü 2'si 1 Arada 10 Gr,İçecekler,"12,50"
Nescafe Xpress Black Roast Soğuk Kahve 250 Ml,İçecekler,"59,95"
Nescafe Xpress Çikolatalı Soğuk Kahve 250 Ml,İçecekler,"59,95"
Nescafe Xpress Coconatte 250 Ml,İçecekler,"59,95"
Nescafe Xpress Karamelli Soğuk Kahve 250 Ml,İçecekler,"59,95"
Nescafe Xpress Orijinal Latte Soğuk Kahve 250 Ml,İçecekler,"59,95"
Nescafe Xpress Şeker İlavesiz Latte Soğuk Kahve 250 Ml,İçecekler,"59,95"
Nescafe Xpress Şekersiz Americano 250 Ml,İçecekler,"59,95"
Nescafe Xpress Vanilyalı Soğuk Kahve 250 Ml,İçecekler,"59,95"
Nestle 2'si 1 arada Sütlü Köpüklü 10'lu Nescafe,İçecekler,"85,00"
Nestle Coffee Mate 100 Gr,İçecekler,"82,50"
Nestle Coffee Mate Kahve Kreması 200 Gr,İçecekler,"131,50"
Nestle Coffee Mate Kahve Kreması 500 Gr,İçecekler,"314,50"
Nestle Nesquik Çikolatalı İçecek Tozu 180 Gr,İçecekler,"128,50"
Nestle Nesquik Çikolatalı İçecek Tozu 375 Gr,İçecekler,"224,95"
Nestle Salep 17 Gr,İçecekler,"12,50"
"Nestle Sıcak Çikolata 18,5 Gr",İçecekler,"12,50"
Niğde Gazoz 6*250 Ml,İçecekler,"119,95"
Niğde Gazozu Şekersiz 6*250 Ml,İçecekler,"119,95"
Obsesso Cappuccino Soğuk Kahve 250 Ml,İçecekler,"199,95"
Obsesso Caramel Macchiato Soğuk Kahve 0.25L,İçecekler,"55,00"
Obsesso Latte Soğuk Kahve 250 Ml,İçecekler,"55,00"
Obsesso Mocha Soğuk Kahve 250 Ml,İçecekler,"55,00"
Ofçay Çamlıca Filizi Dökme Çay 1000 Gr,İçecekler,"289,90"
Ofçay Hazine Bardak Poşet Çay 25 Adet,İçecekler,"54,95"
Ofçay Hazine Demlik Poşet Çay 30 Adet,İçecekler,"179,90"
Pazarcık Soydan Boza 1 Lt,İçecekler,"149,95"
Pepsi 330 Ml,İçecekler,"45,00"
Pepsi 330 Ml pet,İçecekler,"19,95"
Pepsi Kola 1 Lt,İçecekler,"59,50"
"Pepsi Kola 1,5 Lt",İçecekler,"69,50"
Pepsi Kola 2.5 Lt,İçecekler,"69,95"
Pepsi Kola 4*1 Lt,İçecekler,"179,95"
Pepsi Max 330 Ml,İçecekler,"45,00"
Pepsi Max Kola 1 Lt,İçecekler,"59,50"
"Pepsi Max Kola 1,5 Lt",İçecekler,"69,50"
Pepsi Max Kola 4*1 Lt,İçecekler,"179,95"
Pepsi Max Pet 330 Ml,İçecekler,"19,95"
Pin Çilek&Vanilya Soğuk Çay 250 Ml,İçecekler,"29,95"
Pin Cool Lime 1 Litre,İçecekler,"74,95"
Pin Cool Lime 250 Ml,İçecekler,"29,95"
Pin Hibiscus Soğuk Çay 1 Litre,İçecekler,"74,95"
Pin Hibiscus Soğuk Çay 250 Ml,İçecekler,"29,95"
Pınar Akdeniz Karışık Meyve Nektarı 1 Lt,İçecekler,"59,95"
Pınar Akdeniz Karışık Meyve Nektarı 200 Ml,İçecekler,"15,00"
Pınar Frii Ananaslı 250 Ml,İçecekler,"29,95"
Pınar Frii Orman Meyveli 250 Ml,İçecekler,"29,95"
Pınar Frii Yeşil Elmalı 250 Ml,İçecekler,"29,95"
Pınar Limonata 1 Lt,İçecekler,"29,95"
Pınar Limonata 4*1 Lt,İçecekler,"159,95"
Pınar Limonata Şekersiz 4*1 Lt,İçecekler,"159,95"
Pınar Narçın 1 Lt,İçecekler,"29,95"
Pınar Pratik Şişe Ayran 1 Lt,İçecekler,"64,95"
Pınar Premıum Su 400 Ml,İçecekler,"15,00"
Pınar Şeftali Aromalı Meyve Suyu 1 Lt,İçecekler,"59,95"
Pınar Şekersiz Limonata 1 Lt,İçecekler,"29,95"
"Pınar Su 0,5 LT",İçecekler,"10,00"
"Pınar Su 0,75 LT",İçecekler,"25,00"
"Pınar Su 1,5 LT",İçecekler,"17,50"
Pınar Su 12*500 Ml,İçecekler,"115,00"
Pınar Su 5 LT,İçecekler,"49,95"
"Pınar Su 6*1,5 Lt",İçecekler,"99,95"
Pınar Su Premium 1 L,İçecekler,"25,00"
"Pınar Su Sparkling Cam Şişe 0,75 CL",İçecekler,"29,95"
Pınar Vişne Aromalı Meyve Suyu 1 Lt,İçecekler,"59,95"
Pınar Vişne Aromalı Meyve Suyu 200 Ml,İçecekler,"15,00"
Powerade Ice Blast Karışık Meyve Aromalı Spor İçeceği 500 Ml,İçecekler,"60,00"
Red Bull Enerji İçeceği 250 Ml,İçecekler,"60,00"
Red Bull Enerji İçeceği 355 Ml,İçecekler,"80,00"
Red Bull Enerji İçeceği 473 Ml,İçecekler,"100,00"
Red Bull Enerji İçeceği Blue Edition 250 Ml,İçecekler,"60,00"
Red Bull Enerji İçeceği Şekersiz 250 Ml,İçecekler,"60,00"
Red Bull The Summer Edition Hindistan Cevizi&Açai Aromalı Enerji İçeceği 250 Ml,İçecekler,"60,00"
Red Bull The Summer Edition Şeftali Aromalı Enerji İçeceği 250 Ml,İçecekler,"60,00"
Redbull Karpuz Aromalı Enerji İçeceği 250 Ml,İçecekler,"60,00"
Redbull Peach Edition Şeftali 250 Ml,İçecekler,"60,00"
Redbull Summer Edition Pitaya 250 Ml,İçecekler,"60,00"
Redbull Winter Edition Enerji İçeceği 250 ml,İçecekler,"60,00"
San Pellegrino Doğal Mineralli Su 250 Ml,İçecekler,"79,95"
San Pellegrino Doğal Mineralli Su 750 Ml,İçecekler,"159,95"
Schweppes Bitter Limon Aromalı Gazlı İçecek 1 Lt,İçecekler,"80,00"
Schweppes Mandalina Aromalı Gazlı İçecek 1 Lt,İçecekler,"80,00"
Schweppes Mandalina Aromalı Gazlı İçecek 250 Ml,İçecekler,"39,95"
Schweppes Tonik 1 Lt,İçecekler,"80,00"
Schweppes Tonik 250 Ml,İçecekler,"39,95"
Şölen Lupo Sandiviç Kek Çilekli 182 Gr,İçecekler,"79,00"
Sprite Cool Mint Limonlu Gazoz 1 LT,İçecekler,"60,00"
Sprite Cool Mint Limonlu Teneke Gazoz 330 ML,İçecekler,"45,00"
Sprite Gazoz 1 Lt,İçecekler,"60,00"
"Sprite Gazoz 1,5 Lt",İçecekler,"70,00"
"Sprite Gazoz 2,5 Lt",İçecekler,"77,50"
Sprite Gazoz 250 Ml,İçecekler,"45,00"
Sprite Gazoz 4*1 Lt,İçecekler,"228,50"
Sprite Gazoz 6*250 Ml,İçecekler,"244,50"
Sprite Gazoz Şekersiz 1 Lt,İçecekler,"60,00"
Starbucks Cappuccino 18 Gr,İçecekler,"29,95"
Starbucks Caramel Latte 23 Gr,İçecekler,"29,95"
Starbucks Colombia Filtre Kahve 200 Gr,İçecekler,"499,95"
Starbucks Latte 18 Gr,İçecekler,"29,95"
Starbucks Mocha 22 Gr,İçecekler,"29,95"
Starbucks Vanilya Latte 21.5 Gr,İçecekler,"29,95"
Starbucks Veranda Filtre Kahve 200 Gr,İçecekler,"499,95"
Starbucks Verona Filtre Kahve 200 Gr,İçecekler,"499,95"
Starbucks White Mocha 24 Gr,İçecekler,"29,95"
Sütaş Bardak Ayran 200 Ml,İçecekler,"13,95"
Sütaş Bardak Ayran 300 Ml,İçecekler,"20,50"
Sütaş Pratik Şişe Ayran 1 Lt,İçecekler,"52,95"
Sütaş Pratik Şişe Ayran 2 Lt,İçecekler,"95,50"
Sütaş Sahlep 1 Lt,İçecekler,"99,95"
Tchibo Cafissimo Caffe Crema Rich Aroma Kapsül Kahve 10'lu,İçecekler,"269,95"
Tchibo Cafissimo Coffe Fine Aroma Kapsül Kahve 10'lu,İçecekler,"269,95"
Tchibo Filtre Kahve Kağıdı 80'Li,İçecekler,"139,95"
Tchibo Gold Selection Çekirdek Kahve 500 Gr,İçecekler,"789,95"
Tchibo Gold Selectıon Eko Paket 75Gr,İçecekler,"219,95"
Tchibo Gold Selectıon Kahve 100 Gr,İçecekler,"199,95"
Torku Ayran 1 Lt,İçecekler,"52,95"
Uludağ Az Şekerli Portakallı Gazoz 1.5 lt,İçecekler,"60,00"
Uludağ Doğal Maden Suyu (Çevir-Aç Kapak) 250 Ml,İçecekler,"16,50"
Uludağ Doğal Maden Suyu 200 Ml,İçecekler,"12,50"
Uludağ Doğal Maden Suyu 6*200 Ml,İçecekler,"65,50"
Uludağ Efsane Gazoz 1 Lt,İçecekler,"49,50"
"Uludağ Efsane Gazoz 1,5 Lt",İçecekler,"62,00"
"Uludağ Efsane Gazoz 2,5 Lt",İçecekler,"69,95"
Uludağ Efsane Gazoz 6*250 Ml,İçecekler,"154,95"
Uludağ Efsane Portakal Aromalı Gazoz 1 Lt,İçecekler,"49,50"
"Uludağ Efsane Portakal Aromalı Gazoz 1,5 Lt",İçecekler,"62,00"
"Uludağ Efsane Portakal Aromalı Gazoz 2,5 Lt",İçecekler,"69,95"
Uludağ Efsane Şekersiz Gazoz 1 Lt,İçecekler,"47,50"
Uludağ Efsane Şekersiz Gazoz 6*250 Ml,İçecekler,"154,95"
Uludağ Frutti Ahududulu Soda 200 Ml,İçecekler,"20,00"
Uludağ Frutti Ahududulu Soda 6*200 Ml,İçecekler,"92,50"
Uludağ Frutti Cmax Vitaminli Limon Aromalı Maden Suyu 200 Ml,İçecekler,"20,00"
Uludağ Frutti Cmax Vitaminli Limon Aromalı Maden Suyu 6*200 Ml,İçecekler,"92,50"
Uludağ Frutti Elma Aromalı Maden Suyu 200 Ml,İçecekler,"20,00"
Uludağ Frutti Elma Aromalı Maden Suyu 6*200 Ml,İçecekler,"92,50"
Uludağ Frutti Extra Kavunlı Maden Suyu 250 Ml,İçecekler,"34,75"
Uludağ Frutti Extra Kavunlu Maden Suyu 6'lı,İçecekler,"185,00"
Uludağ Frutti Extra Mandalina Aromalı Maden Suyu 1 Lt,İçecekler,"52,50"
Uludağ Frutti Extra Mandalina Aromalı Maden Suyu 250 Ml,İçecekler,"34,75"
Uludağ Frutti Extra Mandalina Aromalı Maden Suyu 6'lı,İçecekler,"185,00"
Uludağ Frutti Extra Orman Meyveli Maden Suyu 250 Ml,İçecekler,"34,75"
Uludağ Frutti Extra Orman Meyveli Maden Suyu 6'lı,İçecekler,"185,00"
Uludağ Frutti Extra Yeşil Limon Aromalı Maden Suyu 1 Lt,İçecekler,"52,50"
Uludağ Frutti Karadut&Frenk Üzümü Soda 6*200 Ml,İçecekler,"92,50"
Uludağ Frutti Karpuz ve Çilek Aromalı Maden Suyu 200 Ml,İçecekler,"20,00"
Uludağ Frutti Karpuz ve Çilek Aromalı Maden Suyu 6*200 Ml,İçecekler,"92,50"
Uludağ Frutti Limon Aromalı Maden Suyu 200 Ml,İçecekler,"20,00"
Uludağ Frutti Limon Aromalı Maden Suyu 6*200 Ml,İçecekler,"92,50"
Uludağ Frutti Mango&Ananas Soda 200 ML,İçecekler,"17,50"
Uludağ Frutti Mango&Ananas Soda 6*200 ML,İçecekler,"92,50"
Uludağ Limonata 1 Lt,İçecekler,"52,50"
Uludağ Limonata 2 Lt,İçecekler,"95,00"
Uludağ Meyvelim Ananas 1 lt,İçecekler,"52,50"
Uludağ Meyvelim Greyfurt Aromalı Meyve Suyu 1 Lt,İçecekler,"52,50"
Uludağ Meyvelim Mandalina Aromalı Gazlı İçecek 1 Lt,İçecekler,"52,50"
Uludağ Premium Su 1 Lt,İçecekler,"37,50"
Uludağ Premium Su 400 Ml,İçecekler,"20,00"
Uludağ Şekersiz Limonata 1 Lt,İçecekler,"52,50"
Uludağ Şekersiz Limonata 2 Lt,İçecekler,"95,00"
Uludağ Yeşil Limonlu Limonata 1 Lt,İçecekler,"52,50"
"Yedigün Portakal 1,5 Lt",İçecekler,"69,50"
"Yedigün Portakal 2,5 Lt",İçecekler,"75,00"
Yörükoğlu Şişe Ayran 1 Lt,İçecekler,"45,00"
Züber Ice Tea Limon 250 ML,İçecekler,"64,95"
Züber Ice Tea Şeftali 250 ML,İçecekler,"64,95"
Züber Ice Tea Tropik 250 ML,İçecekler,"64,95"
8 Kek Mini Orman Meyveli 162 Gr,Atıştırmalıklar,"47,50"
8 Kek Orman Meyveli Kek 55 gr,Atıştırmalıklar,"13,00"
9 Kat Tat Fındıklı Gofret 39 Gr,Atıştırmalıklar,"12,00"
9 Kat Tat İnce İnce Limonlu Gofret 114 Gr,Atıştırmalıklar,"35,00"
9 Kat Tat İnce İnce Portakallı Gofret 114 Gr,Atıştırmalıklar,"35,00"
Aktürk Kakaolu Gofret 200Gr,Atıştırmalıklar,"32,95"
Aktürk Vanilyalı Gofret 200Gr,Atıştırmalıklar,"32,95"
Alaska Frigo Bitter Çikolata Kaplı Dondurma,Atıştırmalıklar,"47,50"
Alaska Frigo Sütlü Çikolata Kaplı Dondurma,Atıştırmalıklar,"47,50"
Albeni Atıştırmalık Bisküvi Parçacıklı&Karamelli&Bisküvili Sütlü Çikolata 72 Gr,Atıştırmalıklar,"35,00"
Albeni Tane Tane Kutu Çikolata 29 Gr,Atıştırmalıklar,"28,00"
Algida Boom Boom Vanilya Aromalı Dondurma,Atıştırmalıklar,"50,00"
Algida Carte d'Or Classic İsviçre Çikolatası Karamel&Muz,Atıştırmalıklar,"265,00"
Algida Carte D'Or Selection Aşkın Büyüsü Kap Dondurma 800 Ml,Atıştırmalıklar,"290,00"
Algida Classics Antep Fıstıklı Dondurma 73 ML,Atıştırmalıklar,"20,00"
Algida Classics Kakaolu Dondurma 73 Ml,Atıştırmalıklar,"20,00"
Algida Classics Vanilyalı Dondurma 73 Ml,Atıştırmalıklar,"20,00"
Algida Conboo Çilek Vanilya 60 Ml,Atıştırmalıklar,"15,00"
Algida Conboo Kakaolu Dondurma 60 Ml,Atıştırmalıklar,"15,00"
Algida Dövme Sade Dondurma 1400 Ml,Atıştırmalıklar,"150,00"
Algida Frigola Bar Dondurma 60 Ml,Atıştırmalıklar,"35,00"
Algida Frigola Fındıklı&Çikolatalı Dondurma,Atıştırmalıklar,"40,00"
Algida Gökkuşağı Meyveli&Patlayan Şekerli Dondruma 62 ML,Atıştırmalıklar,"15,00"
Algida Kaymaklı Dondurma 1000 Ml,Atıştırmalıklar,"130,00"
Algida Keyif Antep Fıstığı&Vanilya Aromalı Dondurma 750 Ml,Atıştırmalıklar,"100,00"
"Algida Keyif Çilek, Kakao&Vanilya Aromalı Dondurma 1400 Ml",Atıştırmalıklar,"140,00"
Algida Keyif Cornetto Çikolata&Vanilya Aromalı Dondurma 105 ML,Atıştırmalıklar,"25,00"
"Algida Keyif Kakao, Vanilya&Antep Fıstıklı Dondurma 1400 Ml",Atıştırmalıklar,"140,00"
Algida Keyif Vişne&Limon Aromalı Dondurma 750 Ml,Atıştırmalıklar,"100,00"
Algida Magnum Chill Yaban Mersini Cookie Dondurma 85 Ml,Atıştırmalıklar,"85,00"
Algida Magnum Euphoria Limon Ahududu Dondurma 85 Ml,Atıştırmalıklar,"85,00"
Algida Maraş Usulü Bol Kaymaklım Dondurma,Atıştırmalıklar,"225,00"
Algida Maraş Usulü Çifte Dövülmüş Dondurma 500 Ml,Atıştırmalıklar,"225,00"
Algida Maraş Usulü Cup Dondurma 105 Ml,Atıştırmalıklar,"40,00"
Algida Maraş Usulü Kesme Dondurma 650 Ml,Atıştırmalıklar,"200,00"
Algida Maraş Usulü Sade Çikolata Dondurma 500 Ml,Atıştırmalıklar,"200,00"
Algida Maraş Usulü Sade Dondurma 500 Ml,Atıştırmalıklar,"200,00"
Algida Maraş Usulü Sade Külah Dondurma 135 Ml,Atıştırmalıklar,"65,00"
Algida Milka Stick Çilekli Dondurma,Atıştırmalıklar,"50,00"
Algida Nogger Sandwich Çikolata Kaymak Dondurma 145 Ml,Atıştırmalıklar,"65,00"
Algida Plombir 120 Ml,Atıştırmalıklar,"90,00"
Algida Viennetta Stick Dondurma 90Ml,Atıştırmalıklar,"25,00"
Altınbaşak Taco&Kinoa Tahıl Cipsi 50 Gr,Atıştırmalıklar,"22,00"
Altınbaşak Yoğurt Ve Mevsim Yeşillikli Tahıl Cipsi 120 Gr,Atıştırmalıklar,"49,00"
Aoç Kakaolu Keçi Dondurması 500 Ml,Atıştırmalıklar,"315,00"
Aoç Sade Keçi Dondurması 500 Ml,Atıştırmalıklar,"315,00"
Atatürk Orman Çiftliği Antep Fıstıklı Dondurma 680 Ml,Atıştırmalıklar,"600,00"
Atatürk Orman Çiftliği Çilekli Sorbe Dondurma 110 Ml,Atıştırmalıklar,"65,00"
Atatürk Orman Çiftliği Kakaolu Dondurma 680 Ml,Atıştırmalıklar,"325,00"
Atatürk Orman Çiftliği Kavunlu Sorbe Dondurma 110 Ml,Atıştırmalıklar,"65,00"
Atatürk Orman Çiftliği Limonlu Dondurma 680 Ml,Atıştırmalıklar,"325,00"
Atatürk Orman Çiftliği Sade Dondurma 680 Ml,Atıştırmalıklar,"325,00"
Bahçeden Beyaz Leblebi 180 Gr,Atıştırmalıklar,"82,50"
Bahçeden Çiğ Karışık Enerji 140 Gr,Atıştırmalıklar,"165,00"
Bahçeden Gün Kurusu 140 Gr,Atıştırmalıklar,"200,00"
Bahçeden Kavrulmuş Tuzlu Leblebi 180 Gr,Atıştırmalıklar,"82,50"
Bahçeden Kuru Kayısı 140 Gr,Atıştırmalıklar,"175,00"
Big Babol Çılgın Meyveler Balonlu Mega Draje Sakız Kutu 36 GR,Atıştırmalıklar,"40,00"
Big Babol Fantastıc World Meyve Aromalı Sakız,Atıştırmalıklar,"92,50"
Big Babol Fantastic World Unicorn Sakız 90 Gr,Atıştırmalıklar,"92,50"
Big Babol Fruit Mix Sakız 20 Gr,Atıştırmalıklar,"20,00"
Big Babol Fruit Mix Sakız Poşet 80 Gr,Atıştırmalıklar,"75,00"
Big Babol Karpuz Aromalı Sakız 20 Gr,Atıştırmalıklar,"20,00"
Big Babol Karpuz Aromalı Sakız Poşet 80 Gr,Atıştırmalıklar,"75,00"
Big Babol Magic Cubes Karışık Meyveli Kutu,Atıştırmalıklar,"92,50"
Big Babol Shakies Çilekli Sakız 26 Gr,Atıştırmalıklar,"40,00"
Big Babol Shakies Muzlu Sakız 26 Gr,Atıştırmalıklar,"40,00"
Biscolata Mood Bitter Çikolata Dolgulu Bisküvi 125 Gr,Atıştırmalıklar,"65,00"
Biscolata Mood Çikolatalı Krema Dolgulu Bisküvi 40 Gr,Atıştırmalıklar,"25,00"
Biscolata Pia Frambuazlı Kek 100 Gr,Atıştırmalıklar,"65,00"
Biscolata Pia Portakallı Kek 100 Gr,Atıştırmalıklar,"65,00"
Biscolata Starz Sütlü Çikolata Kaplamalı Bisküvi 82 Gr,Atıştırmalıklar,"28,00"
Biscolata Veni Çikolatalı Gofret 110 Gr,Atıştırmalıklar,"40,00"
Biscolata Veni Fındıklı Gofret 110 Gr,Atıştırmalıklar,"40,00"
Biskrem Extra Kakaolu 230 Gr,Atıştırmalıklar,"52,00"
Biskrem Kakaolu Krema Dolgulu Büyük Boy Rulo Bisküvi 150 Gr,Atıştırmalıklar,"36,00"
Biskrem Kakaolu Krema Dolgulu Büyük Poşet Bisküvi 200 Gr,Atıştırmalıklar,"49,00"
"Bounty CrispyRolls Gofret 23,4g",Atıştırmalıklar,"17,95"
Bounty Hindistan Cevizli Çikolata Bar 57 Gr,Atıştırmalıklar,"49,95"
Browni Selection Kek 285 Gr,Atıştırmalıklar,"105,00"
Bubblicious Çilek Aromalı Sakız 38 Gr,Atıştırmalıklar,"30,00"
Caramio Karemel Dolgulu Sütlü Kare Çikolata 55 Gr,Atıştırmalıklar,"44,50"
Carte d'Or Classic Balbadem&Karamel&Kaymak Dondurma 850 Ml,Atıştırmalıklar,"265,00"
Carte d'Or Classic Bitter Çikolata&Kaymak&Antep Fıstığı Dondurma 850 Ml,Atıştırmalıklar,"265,00"
Carte d'Or Classic Vişne&Bitter Dondurma 850 ML,Atıştırmalıklar,"265,00"
Carte d'Or Selection Çikolata Karnavalı Dondurma 800 Ml,Atıştırmalıklar,"290,00"
Carte d'Or Selection Meyve Şöleni Dondurma 800 Ml,Atıştırmalıklar,"290,00"
Çerezza Dev Fıstık,Atıştırmalıklar,"70,00"
Çerezza Dev Mısır Çerezi 150 Gr,Atıştırmalıklar,"70,00"
Çerezza Sinema Peynir&Soğanlı Mısır Çerezi Süper Boy 117 Gr,Atıştırmalıklar,"50,00"
Çerezza Süt Mısırı Aroma Çeşnili Mısır Çerezi 117 Gr,Atıştırmalıklar,"50,00"
Çerezze Sinema Peynir&Soğanlı Mısır Çerezi 170 Gr,Atıştırmalıklar,"49,95"
Cheetos Fırından Biftekli Mısır Cipsi 41 Gr,Atıştırmalıklar,"25,00"
Cheetos Fırından Fıstıklı Mısır Cipsi 41 Gr,Atıştırmalıklar,"25,00"
"Cheetos Fırından Peynir, Biftek ve Mısır Aromalı Mısır Çerezi 3*60 Gr",Atıştırmalıklar,"36,50"
Cheetos Fırından Peynirli Mısır Cipsi 41 Gr,Atıştırmalıklar,"25,00"
Chupa Chups Crazy Dips Çilek Aromalı Patlayan Şeker&Lolipop 16 Gr,Atıştırmalıklar,"20,00"
Chupa Chups Crazy Dips Kola Aromalı Patlayan Şeker&Lolipop 16 Gr,Atıştırmalıklar,"20,00"
Chupa Chups Fizzy Lolipop 15 Gr,Atıştırmalıklar,"17,50"
Chupa Chups Melody Pops,Atıştırmalıklar,"17,50"
Chupa Chups Melody Pops Kola Aromalı Düdüklü Şeker,Atıştırmalıklar,"17,50"
Chupa Chups Skull Çilekli&Misket Limonlu Lolipop 15 Gr,Atıştırmalıklar,"17,50"
Chupa Chups XXL Lolipop,Atıştırmalıklar,"20,00"
Cipso Orijinal Sade Patates Cipsi 150 Gr,Atıştırmalıklar,"70,00"
Çizi Çıtır Peynir&Biftek Parti Boy Çerez 160 Gr,Atıştırmalıklar,"63,50"
Çizi Çıtır Peynir&Biftek Süper Boy Kraker 120 Gr,Atıştırmalıklar,"50,00"
Çizi Çıtır Peynir&Soğan Parti Boy Çerez 160 GR,Atıştırmalıklar,"63,50"
Çizi Çıtır Peynirli Soğanlı Süper Boy Atıştırmalık Kraker 120 Gr,Atıştırmalıklar,"50,00"
Çizi Çıtır Tulum Peynir&Közbiber Parti Boy Çerez 160 Gr,Atıştırmalıklar,"63,50"
Çizi Çıtır Tulum Peynirli Köz Biberli Süper Boy Atıştırmalık Kraker 120 Gr,Atıştırmalıklar,"50,00"
Çizi Haşhaş&Baharatlı Kraker,Atıştırmalıklar,"12,50"
Çiziviç Haşhaş&Baharat Peynirli Sandiviç Kraker,Atıştırmalıklar,"16,50"
Çokonat Sütlü Maxi Gofret 45 Gr,Atıştırmalıklar,"30,00"
Cornetto Classico Çikolatalı Dondurma 120 Ml,Atıştırmalıklar,"50,00"
Cornetto Classico Kaymak Dondurma 120 Ml,Atıştırmalıklar,"50,00"
Cornetto Disc Antep Fıstıklı Dondurma 160 ML,Atıştırmalıklar,"70,00"
Cornetto Disc Oreo Dondurma 145 Ml,Atıştırmalıklar,"70,00"
Cornetto Disc Vanilya&Karamelli Dondurma 160 Ml,Atıştırmalıklar,"70,00"
Corny Çikolata&Fındıklı Tam Tahıl Bar 20 Gr,Atıştırmalıklar,"28,00"
Corny Fındık Kakolu Meyveli Bar,Atıştırmalıklar,"46,50"
Corny Kakao&Muzlu Tam Tahıl Bar 17 Gr,Atıştırmalıklar,"28,00"
Corny Kırmızı Meyveli Tam Tahıl Bar 17 Gr,Atıştırmalıklar,"28,00"
Corny Kuru Yemiş Yaban Mersinli Meyveli Bar 35 Gr,Atıştırmalıklar,"46,50"
Corny Tuzlu Karamelli Tam Tahıllı Bar 20 Gr,Atıştırmalıklar,"28,00"
Corny Vişne Kakolu Meyveli Bar,Atıştırmalıklar,"46,50"
Damak Ala Beyaz Çikolatalı Gofret 30 Gr,Atıştırmalıklar,"45,00"
Damak Ala Gofret 30 Gr,Atıştırmalıklar,"45,00"
Dankek Mousse Cake 45 Gr,Atıştırmalıklar,"25,00"
Dankek Lokmalık Hindistan Cevizli Kek 160 Gr,Atıştırmalıklar,"50,00"
Dankek Madelin Limonlu Mini Kek 135 Gr,Atıştırmalıklar,"47,50"
Dankek Mekik Mini Kek Vişneli 135 Gr,Atıştırmalıklar,"47,50"
Dankek Mini Tart Çilek 150 Gr,Atıştırmalıklar,"47,50"
Dido Sütlü Çikolatalı Gofret 35 Gr,Atıştırmalıklar,"27,50"
Dido Sütlü Maxi Gofret 47 Gr,Atıştırmalıklar,"33,50"
"Dido Trio Beyaz Çikolata Kremalı Gofret 36,5 Gr",Atıştırmalıklar,"30,00"
Doritos Hot Corn Acı Biberli Mısır Cipsi 113 Gr,Atıştırmalıklar,"60,00"
Doritos Hot Corn Parti Boy 158 Gr,Atıştırmalıklar,"59,95"
Doritos Nacho Mega Boy 218 GR,Atıştırmalıklar,"81,95"
Doritos Nacho Mısır Cipsi Parti Boy 169 Gr,Atıştırmalıklar,"59,95"
Doritos Nacho Mısır Cipsi Süper Boy 113 Gr,Atıştırmalıklar,"60,00"
Doritos Storm Flamin Hot 125 Gr,Atıştırmalıklar,"60,00"
Doritos Taco Mısır Cipsi Mega Boy 218 Gr,Atıştırmalıklar,"81,95"
Doritos Taco Mısır Cipsi Parti Boy 169 Gr,Atıştırmalıklar,"59,95"
Doritos Taco Mısır Cipsi Süper Boy 121 Gr,Atıştırmalıklar,"60,00"
Dorleo Yer Fıstığı 175 Gr,Atıştırmalıklar,"65,00"
Erdenim Akide Şekeri 200 Gr,Atıştırmalıklar,"56,75"
Eti Alaska Frigo Çikolatalı Mozaik Dondurma,Atıştırmalıklar,"47,50"
Eti Alaska Frigo Karamelli Çikolata Dondurma,Atıştırmalıklar,"47,50"
Eti Antep Fıstıklı Kare Çikolata 60 Gr,Atıştırmalıklar,"102,00"
Eti Balık Kraker 85 Gr,Atıştırmalıklar,"21,00"
Eti Balık Mısırlı Kraker 70 Gr,Atıştırmalıklar,"19,00"
Eti Benim'O Hindistan Cevizli Çikolata Kaplamalı Bisküvi 72 Gr,Atıştırmalıklar,"30,00"
Eti Bidolu Kakao Kremalı Gofret 81 Gr,Atıştırmalıklar,"35,00"
Eti Bidolu Yer Fıstıklı Gofret 81 Gr,Atıştırmalıklar,"35,00"
Eti Bol Sütlü Çikolata 60 Gr,Atıştırmalıklar,"67,00"
Eti Browni Çikolatalı&Fındıklı Kek 40 Gr,Atıştırmalıklar,"15,00"
Eti Browni Gold Çikolatalı Kek 45 Gr,Atıştırmalıklar,"15,00"
Eti Browni Gold Mini İkramlık Kek 180 Gr,Atıştırmalıklar,"63,00"
Eti Browni Gold Vişne Soslu Çikolatalı Kek 45 Gr,Atıştırmalıklar,"15,00"
Eti Browni İntense Çikolatalı Kek 50 Gr,Atıştırmalıklar,"19,95"
Eti Browni Intense Fındıklı 48 G,Atıştırmalıklar,"25,00"
Eti Browni Intense Gold Beyaz Krema Dolgulu Kek 48 Gr,Atıştırmalıklar,"25,00"
Eti Browni Intense Gold Mini Çikolatalı Kek 135 Gr,Atıştırmalıklar,"75,00"
Eti Browni İntense Mini Karamelli Çikolatalı Kek 160 Gr,Atıştırmalıklar,"75,00"
Eti Brownie Intense Antep Fıstıklı 35 Gr,Atıştırmalıklar,"25,00"
Eti Bumbo Portakal Aromalı Kakaolu Bisküvi 42 Gr,Atıştırmalıklar,"15,00"
Eti Burçak Bisküvi 131 Gr,Atıştırmalıklar,"25,00"
Eti Burçak Bisküvi 393 Gr,Atıştırmalıklar,"59,95"
Eti Burçak Bitter Çikolatalı Bisküvi 114 Gr,Atıştırmalıklar,"38,00"
Eti Burçak Çörek Otlu Bisküvi 91 Gr,Atıştırmalıklar,"24,00"
Eti Burçak Hindistan Cevizli Kremalı Bisküvi 100 Gr,Atıştırmalıklar,"25,00"
Eti Burçak Kurabi Fındıklı 198 Gr,Atıştırmalıklar,"49,95"
Eti Burçak Kurabi Kakaolu 150 Gr,Atıştırmalıklar,"42,50"
Eti Burçak Kurabi Kakaolu 198 Gr,Atıştırmalıklar,"49,95"
Eti Burçak Limonlu Kremalı Yulaflı Bisküvi 100 Gr,Atıştırmalıklar,"25,00"
Eti Burçak Sultani Üzümlü Kepekli Bisküvi 123 Gr,Atıştırmalıklar,"25,00"
Eti Burçak Sultani Üzümlü&Kepekli Bisküvi 369 Gr,Atıştırmalıklar,"59,95"
Eti Burçak Sütlü Çikolatalı Bisküvi 114 GR,Atıştırmalıklar,"38,00"
Eti Burçak Sütlü Kakaolu Kremalı Yulaflı Bisküvi 100 Gr,Atıştırmalıklar,"25,00"
Eti Burçak Sütlü Kremalı 100 Gr,Atıştırmalıklar,"25,00"
Eti Burçak Sütlü Kremalı Yulaflı Bisküvi 300 Gr,Atıştırmalıklar,"74,50"
Eti Burçak Tahıllı Fesleğenli Cips 40 Gr,Atıştırmalıklar,"17,50"
Eti Burçak Tuzlu Çörekotlu Bisküvi 273 Gr,Atıştırmalıklar,"70,50"
Eti Burçak Tuzlu Peynirli Bisküvi 87 Gr,Atıştırmalıklar,"24,00"
Eti Burçak Tuzlu Zeytinli Bisküvi 273 Gr,Atıştırmalıklar,"70,50"
Eti Burçak Yer Fıstıklı Ezmeli Kremalı Bisküvi 175 Gr,Atıştırmalıklar,"53,00"
Eti Burçak Yer Fıstıklı&Tahinli Kurabiye 75 Gr,Atıştırmalıklar,"20,00"
Eti Burçak Yulaflı 125 Gr,Atıştırmalıklar,"25,00"
Eti Burçak Zeytinli Bisküvi 91 Gr,Atıştırmalıklar,"24,00"
Eti Canga Antep Fıstıklı 45 Gr,Atıştırmalıklar,"70,00"
Eti Canga Bitter Çikolata Kaplı Yer Fıstıklı Karamelli Bar 45 Gr,Atıştırmalıklar,"25,00"
Eti Canga Çikolata Kaplamalı Yer Fıstıklı&Karamelli Bar 45 Gr,Atıştırmalıklar,"19,95"
Eti Canga Cookie Karamel Çikolata 45 Gr,Atıştırmalıklar,"25,00"
Eti Canga Gold 45 Gr,Atıştırmalıklar,"25,00"
Eti Cicibebe Bebek Bisküvisi 172 Gr,Atıştırmalıklar,"47,00"
Eti Çikolata Keyfi Antep Fıstıklı Uzun Çikolata 34 Gr,Atıştırmalıklar,"37,50"
Eti Çikolata Keyfi Sütlü Uzun Çikolata 34 Gr,Atıştırmalıklar,"29,95"
Eti Çilekli Beyaz Çikolatalı Gofret,Atıştırmalıklar,"15,00"
Eti Çilekli Süt Burger 35 Gr,Atıştırmalıklar,"18,50"
Eti Cin Lokmalık Portakal Soslu Bisküvi 114 Gr,Atıştırmalıklar,"25,00"
Eti Cin Portakal Jöleli Bisküvi 25 Gr,Atıştırmalıklar,"6,00"
Eti Cin Portakallı Bisküvi 325 Gr,Atıştırmalıklar,"60,00"
Eti Crax Baharatlı Çubuk Kraker 175 Gr,Atıştırmalıklar,"37,00"
Eti Crax Baharatlı Çubuk Kraker 80 Gr,Atıştırmalıklar,"19,00"
Eti Crax Çubuk Kraker 85 Gr,Atıştırmalıklar,"11,50"
Eti Crax Patlayan Lezzet Acı Baharatlı 50 Gr,Atıştırmalıklar,"20,00"
Eti Crax Patlayan Lezzetler Peynir&Soğanlı 50 Gr,Atıştırmalıklar,"20,00"
Eti Crax Peynirli Çubuk Kraker 80 Gr,Atıştırmalıklar,"19,00"
Eti Crax Sade Çubuk Kraker 40 Gr,Atıştırmalıklar,"6,00"
Eti Crax Thıns Kırmızı Biber Krema Kraker 110 Gr,Atıştırmalıklar,"40,00"
Eti Crax Thıns Şili Maxıcan Chılı Kraker 110 Gr,Atıştırmalıklar,"40,00"
Eti Finger Bisküvi 900 Gr,Atıştırmalıklar,"147,00"
Eti Form 45 Gr,Atıştırmalıklar,"13,50"
Eti Form Çikolata Kaplı Lifli Bisküvi 50 Gr,Atıştırmalıklar,"37,00"
Eti Form Çok Tahıllı Buğday Patlağı 41 Gr,Atıştırmalıklar,"24,00"
Eti Form Domates Zeytin Kekikli Kepekli Bisküvi 40 Gr,Atıştırmalıklar,"14,00"
"Eti Form Hurma, İncir ve Çiyalı Tam Buğday Unlu Bisküvi 50 Gr",Atıştırmalıklar,"20,00"
Eti Form Kakaolu Fındıklı Kepekli Bisküvi 40 G,Atıştırmalıklar,"15,00"
Eti Form Limon Lifli Bisküvi 50 Gr,Atıştırmalıklar,"18,00"
Eti Form Mahlep Chialı Çörekotlu Kepekli Bisküvi 40 Gr,Atıştırmalıklar,"14,00"
Eti Gong Bal ve Hardal Çeşnili Mısır ve Pirinç Patlağı 68 Gr,Atıştırmalıklar,"30,00"
Eti Gong Peynir ve Acı Aroma Çeşnili Mısır ve Pirinç Patlağı 68 Gr,Atıştırmalıklar,"30,00"
Eti Gong Pops Acılı Kraker 80 Gr,Atıştırmalıklar,"46,00"
Eti Gong Pops Baharat Çeşnili Mısır Ve Pirinç Patlağı 80 Gr,Atıştırmalıklar,"46,00"
Eti Gong Pops Mısır Ve Pirinç Patlağı 80 Gr,Atıştırmalıklar,"46,00"
Eti Gong Sütlü Kakaolu Pirinç Patlağı 30 Gr,Atıştırmalıklar,"25,00"
Eti Gongs Pop Mısır ve Pirinç Patlağı 64 Gr,Atıştırmalıklar,"24,00"
Eti Hoşbeş Çilek Kremalı Gofret 142 Gr,Atıştırmalıklar,"45,00"
Eti Hoşbeş Fındık Kremalı Gofre 142 Gr,Atıştırmalıklar,"45,00"
Eti Hoşbeş Fındık Kremalı Gofret 70 Gr,Atıştırmalıklar,"31,75"
Eti Hoşbeş Hindistan Cevizli Gofret 142 Gr,Atıştırmalıklar,"45,00"
Eti Hoşbeş Kakao Kremalı Gofret 142 Gr,Atıştırmalıklar,"45,00"
Eti Hoşbeş Kakao Kremalı Gofret 70 Gr,Atıştırmalıklar,"31,75"
Eti Hoşbeş Muz Kremalı Gofret 120 Gr,Atıştırmalıklar,"45,00"
Eti İçibol Antep Fıstıklı Çikolata 30 Gr,Atıştırmalıklar,"55,00"
Eti Kakaolu Bisküvi 125 Gr,Atıştırmalıklar,"25,00"
Eti Kakaolu Süt Burger 35 Gr,Atıştırmalıklar,"18,50"
Eti Karam %54 Kakaolu Bitter Kare Çikolata 60 Gr,Atıştırmalıklar,"67,00"
Eti Karam %54 Kakaolu&Antep Fıstıklı Bitter Kare Çikolata 60 Gr,Atıştırmalıklar,"102,00"
Eti Karam %70 Kakaolu Bitter Kare Çikolata 60 Gr,Atıştırmalıklar,"67,00"
Eti Karam Bitter %45 Kakaolu Kare Çikolata 60 Gr,Atıştırmalıklar,"67,00"
Eti Karam Gurme Bitter Çikolatalı&Kremalı Gofret 50 Gr,Atıştırmalıklar,"30,00"
Eti Karam Gurme Çikolatalı Gofret 3'lü Paket,Atıştırmalıklar,"89,50"
Eti Kombo Lokmalık Bisküvi,Atıştırmalıklar,"30,00"
Eti Kremalı Bisküvi 61 Gr,Atıştırmalıklar,"13,00"
Eti Kremalı Çilekli Bisküvi 61 Gr,Atıştırmalıklar,"13,00"
Eti Kremalı Fındıklı Bisküvi 61 Gr,Atıştırmalıklar,"13,00"
Eti Kremalı Muzlu Bisküvi 61 Gr,Atıştırmalıklar,"13,00"
Eti Lifalif Bar Kırmızı Meyveli Yulaf Bar 3'lü 105 Gr,Atıştırmalıklar,"59,95"
Eti Lifalif Bitter Çikolatalı Bar 105 Gr,Atıştırmalıklar,"59,95"
Eti Lifalif Bitter Çikolatalı Müsli Bar 35 Gr,Atıştırmalıklar,"33,00"
Eti Lifalif Granola Puffed Kakao 160 Gr,Atıştırmalıklar,"142,00"
Eti Lifalif Kahveli Bar 3'lü 105 Gr,Atıştırmalıklar,"59,95"
Eti Lifalif Kırmızı Meyveli Yulaf Bar 35 Gr,Atıştırmalıklar,"33,00"
Eti Lifalif Kuru Meyveli Müsli Bar 35 Gr,Atıştırmalıklar,"33,00"
Eti Lifalif Kuruyemişli Müsli Bar 35 Gr,Atıştırmalıklar,"33,00"
Eti Lifalif Tuzlu Kajun Baharatlı Bar 30 G,Atıştırmalıklar,"33,00"
Eti Lifalif Tuzlu Domatesli Bar 30 G,Atıştırmalıklar,"33,00"
Eti Maximus Loading Bar 50 Gr,Atıştırmalıklar,"22,50"
Eti Maximus Sütlü Çikolata Kaplı Yer Fıstıklı Çikolata 36 Gr,Atıştırmalıklar,"17,00"
Eti Nero Kakaolu Kremalı Bisküvi 110 Gr,Atıştırmalıklar,"25,00"
Eti Nero Kakolu Kremalı Bisküvi 3*110 Gr,Atıştırmalıklar,"67,50"
"Eti Pastamia Sütlü, Ballı, Cevizli Pasta 27,5 Gr",Atıştırmalıklar,"26,00"
Eti Petibör Atıştırmalık Büskivi 800 gr,Atıştırmalıklar,"119,00"
Eti Petibör Bisküvi 200 Gr,Atıştırmalıklar,"32,00"
Eti Petibör Bisküvi 400 Gr,Atıştırmalıklar,"62,00"
Eti Petibör Kakao Kremalı Bisküvi 270 Gr,Atıştırmalıklar,"70,00"
Eti Petito %30 Şekeri Azaltılmış Bol Sütlü Çikolata 13 Gr,Atıştırmalıklar,"17,00"
Eti Petito Beyaz Bitter Desenli Sütlü Mini Çikolata 8 Gr,Atıştırmalıklar,"9,00"
Eti Petito Bol Sütlü Çubuk Çikoalata 15 Gr,Atıştırmalıklar,"17,00"
Eti Petito Bol Sütlü Gofret 26 Gr,Atıştırmalıklar,"13,50"
Eti Petito Mini Sütlü Çikolata 32 Gr,Atıştırmalıklar,"40,00"
Eti Petito Patim 18 Gr,Atıştırmalıklar,"17,00"
Eti Petito Pops 16 Gr,Atıştırmalıklar,"17,00"
Eti Pizza Kraker 76 Gr,Atıştırmalıklar,"15,00"
Eti Popkek Bitter Çikolatalı Kek 55 Gr,Atıştırmalıklar,"15,00"
Eti Popkek Çikolatalı 60 Gr,Atıştırmalıklar,"15,00"
Eti Popkek Limon Soslu Kaplamalı Kek 180 Gr,Atıştırmalıklar,"54,50"
Eti Popkek Limonlu Kek 60 Gr,Atıştırmalıklar,"15,00"
Eti Popkek Mini Kakao Kremalı 180 Gr,Atıştırmalıklar,"54,50"
Eti Popkek Mini Muz Kremalı 180 GR,Atıştırmalıklar,"54,50"
Eti Popkek Muz Kremalı Kakao Kaplamalı Kek 60 Gr,Atıştırmalıklar,"15,00"
Eti Puf Hindistan Cevizli 16 Gr,Atıştırmalıklar,"6,00"
Eti Puf Kakaolu 18 Gr,Atıştırmalıklar,"6,00"
Eti Puf Renkli 18 Gr,Atıştırmalıklar,"6,00"
Eti Susamlı Çubuk Kraker 120 Gr,Atıştırmalıklar,"27,00"
Eti Susamlı Çubuk Kraker 56 Gr,Atıştırmalıklar,"13,50"
Eti Süt Burger Bol Sütlü Muzlu ve Ballı 35 gr,Atıştırmalıklar,"18,50"
Eti Sütlü Çikolata Kaplı Fındık Kremalı Gofret 34 Gr,Atıştırmalıklar,"15,00"
Eti Sütlü Kare Çikolata 65 Gr,Atıştırmalıklar,"67,00"
Eti Sütlü ve Ballı Süt Burger 35 Gr,Atıştırmalıklar,"18,50"
Eti Tartini Frambuazlı Turta 114 Gr,Atıştırmalıklar,"39,00"
Eti Topkek Çilekli 40 Gr,Atıştırmalıklar,"12,00"
Eti Topkek Kakaolu 35 GR,Atıştırmalıklar,"12,00"
Eti Topkek Meyveli 40 Gr,Atıştırmalıklar,"12,00"
Eti Tutku Bold Kakao Kremalı Mozaik Bisküvi 138 Gr,Atıştırmalıklar,"36,00"
Eti Tutku Kakao Kremalı Bisküvi 150 Gr,Atıştırmalıklar,"36,00"
Eti Tutku Kakao Kremalı Mozaik Bisküvi 100 Gr,Atıştırmalıklar,"19,95"
Eti Tutku Tart 45 Gr,Atıştırmalıklar,"20,00"
Eti Wanted Bumba Sütlü Çikolata Kaplı Hindistan Cevizli Bar 32 Gr,Atıştırmalıklar,"20,00"
Eti Yulaflı Bisküvi 3*125 Gr,Atıştırmalıklar,"59,95"
Falım Çilek Aromalı Şekersiz Sakız 5*5,Atıştırmalıklar,"57,50"
Falım Damla Sakızı Aromalı Şekersiz Sakız 5*5'li,Atıştırmalıklar,"57,50"
Falım Damla Sakızı Aromalı Şekersiz Sakız 5'li,Atıştırmalıklar,"15,00"
Falım Işıl Karbonatlı&Nane Aromalı Şekersiz Sakız 5*5,Atıştırmalıklar,"57,50"
Falım Işıl Karbonatlı&Nane Aromalı Şekersiz Sakız 5'li,Atıştırmalıklar,"15,00"
Falım Nane Aromalı Sakız 5'li,Atıştırmalıklar,"15,00"
Falım Nane Aromalı Şekersiz Sakız 5*5'li,Atıştırmalıklar,"57,50"
Falım Orman Meyveleri Aromalı Şekersiz Sakız 5'li,Atıştırmalıklar,"15,00"
First 60 Dakika Ferahlık Keskin Nane Aromalı Sakız 27 Gr,Atıştırmalıklar,"39,95"
First 60 Dakika Ferahlık Yeşil Nane Aromalı Sakız 27 Gr,Atıştırmalıklar,"39,95"
First Sensation Karpuz Aromalı Sakız 14'lü,Atıştırmalıklar,"39,95"
First Sensations Çilek Aromalı Sakız 14'lü,Atıştırmalıklar,"39,95"
First Sensations Damla Sakızı Aromalı Sakız 14'lü,Atıştırmalıklar,"39,95"
First Sensations X-Fresh Yeşil Nane Aromalı Sakız,Atıştırmalıklar,"35,00"
First Sensations Yeşil Nane Aromalı Sakız 14'lü,Atıştırmalıklar,"39,95"
First X-Fresh Ahududu&Limon Aromalı Sakız 27 Gr,Atıştırmalıklar,"39,95"
First X-Fresh Şeftali&Karpuz Aromalı Sakız 27 Gr,Atıştırmalıklar,"39,95"
Go Ahead Bitter Çikolatalı Meyveli Bar 45 Gr,Atıştırmalıklar,"60,00"
Go Ahead Kırmızı Meyve Bitter Çikolatalı Bar 35 Gr,Atıştırmalıklar,"55,00"
Go Ahead Portakallı Bitter Çikolatalı Bar 35 Gr,Atıştırmalıklar,"55,00"
Go Ahead Proteinli Bitter Çikolata Yer Fıstıklı Bar 45 Gr,Atıştırmalıklar,"60,00"
Godiva %72 Bitter Kare Çikolata 60 Gr,Atıştırmalıklar,"115,00"
Godiva Antep Fıstıklı Karamel Kare Çikolata 60 Gr,Atıştırmalıklar,"155,00"
Godiva Bademli Bitter Çikolata Kare 60 Gr,Atıştırmalıklar,"115,00"
Godiva Bol Sütlü Kare Çikolata 60 Gr,Atıştırmalıklar,"115,00"
Godiva Sıgnature %90 Bitter Çikolata 52 Gr,Atıştırmalıklar,"115,00"
Godiva Sıgnature Deniz Tuzlu Bitter Çikolata 60 Gr,Atıştırmalıklar,"115,00"
Halley Çikolata Bisküvi 8'li,Atıştırmalıklar,"69,95"
Halley Karadutlu Bisküvi 7'li,Atıştırmalıklar,"69,95"
Halley Mini Karadutlu Bisküvi 74 Gr,Atıştırmalıklar,"27,50"
Hanımeller Frambuaz Rulo Kurabiye,Atıştırmalıklar,"25,00"
Hanımeller Sütlü Çikolatalı Kurabiye 89 Gr,Atıştırmalıklar,"35,00"
Hanuta Çikolata Dolgulu Bisküvi,Atıştırmalıklar,"45,00"
Haribo Chamallows Çikolata Dolgulu Marshmallow 62 Gr,Atıştırmalıklar,"43,00"
Haribo Chamallwos Rubino(Çilek Aromalı) 70 Gr,Atıştırmalıklar,"43,00"
Haribo Goldbears(Altın Ayıcık)80 Gr,Atıştırmalıklar,"43,00"
Haribo Happy Cola(Kola) 160 Gr,Atıştırmalıklar,"78,00"
Haribo Happy Cola(Kola) 80 Gr,Atıştırmalıklar,"43,00"
Haribo Jelly Beans 80 Gr,Atıştırmalıklar,"59,95"
Haribo Mega Roulette 45 Gr,Atıştırmalıklar,"25,00"
Haribo Miami Ekşii 70 Gr,Atıştırmalıklar,"43,00"
Haylayf Bisküvi 64 Gr,Atıştırmalıklar,"12,50"
Hünnap Keçi Sütlü Bebe Bisküvisi 2*200 Gr,Atıştırmalıklar,"99,95"
Iceexperience Buz Küpleri 1 Kg,Atıştırmalıklar,"72,95"
Kahve Dünyası Bonte Sütlü Çikolata Kaplı Bisküvi 50 Gr,Atıştırmalıklar,"49,95"
Kahve Dünyası Gofrik Antep Fıstıklı Çikolata 33 gr,Atıştırmalıklar,"44,50"
Kahve Dünyası Gofrik Bitter Çikolata 33 Gr,Atıştırmalıklar,"44,50"
Kahve Dünyası Nello Fındık Ezmeli Ve Bütün Fındıklı Çikolata 33 Gr,Atıştırmalıklar,"39,95"
Kahve Dünyası Tambol Antep Fıstıklı Sütlü Çikolata 77 Gr,Atıştırmalıklar,"118,95"
Kahve Dünyası Tambol Bademli Sütlü Çikolata 77 Gr,Atıştırmalıklar,"89,95"
Kahve Dünyası Tambol Caffe Latte Dolgulu Çikolata 100 Gr,Atıştırmalıklar,"89,95"
Kahve Dünyası Tambol Çilekli Milföy Dolgulu Çikolata 100 Gr,Atıştırmalıklar,"89,95"
Kahve Dünyası Tambol Ekstra Bol Sütlü Çikolata 77 Gr,Atıştırmalıklar,"89,95"
Kahve Dünyası Tambol Fındıklı Sütlü Çikolata 77 Gr,Atıştırmalıklar,"89,95"
Kara Sevda Klasik Tuzlu SiyahAyçekirdeği 250 Gr,Atıştırmalıklar,"65,95"
Kardelen Kestane Şekeri 85 Gr,Atıştırmalıklar,"159,90"
Kardelen Kestane Şekeri Kavanoz 500 Gr,Atıştırmalıklar,"549,90"
Kardelen Konik Kestane Şekeri 75 Gr,Atıştırmalıklar,"89,90"
Kekstra Mini Çilekli 150 Gr,Atıştırmalıklar,"47,50"
Kent Missbon Tereyağlı Bonbon Şeker 43 Gr,Atıştırmalıklar,"28,75"
Kent Tipitip Sakız 14'lü,Atıştırmalıklar,"45,90"
Kent Tofita Çilek Aromalı Toffe Şeker 47 Gr,Atıştırmalıklar,"28,75"
Kent Topitop,Atıştırmalıklar,"11,50"
Kinder Bueno Dark Çikolata,Atıştırmalıklar,"45,00"
Kinder Bueno Süt ve Fındık Kreması Dolgulu Kakao Parçacıklı Beyaz Çikolata 39 Gr,Atıştırmalıklar,"45,00"
Kinder Bueno Sütlü&Fındıklı Çubuk Çikolata 43 Gr,Atıştırmalıklar,"45,00"
Kinder Chocolate Sütlü Çikolata 4lü 50 Gr,Atıştırmalıklar,"57,50"
Kinder Delice Kek 39 Gr,Atıştırmalıklar,"32,50"
Kinder Joy Erkeklere Özel 20 Gr,Atıştırmalıklar,"37,95"
Kinder Joy Kızlara Özel 20 Gr,Atıştırmalıklar,"37,95"
Kinder Joy Süper Mario Sürpiz Yumurta,Atıştırmalıklar,"39,95"
Kinder Pingui Çikolata Kaplı Sütlü Çikolata 4'lü 30 Gr,Atıştırmalıklar,"104,95"
Kinder Pingui Sütlü&Çikolatalı Çikolata 30 Gr,Atıştırmalıklar,"27,50"
Kinder Surpıse Maxı 100 GR,Atıştırmalıklar,"275,00"
Kinder Sürpriz Sütlü&Çikolatalı Yumurta,Atıştırmalıklar,"57,50"
Kinder Sütlü ve Ballı Süt Dilimi 28 Gr,Atıştırmalıklar,"19,50"
Kinder Sütlü ve Ballı Süt Dilimi 4'lü 28 Gr,Atıştırmalıklar,"74,95"
Kitkat Chunky Bol Sütlü Çikolatalı Gofret 38 Gr,Atıştırmalıklar,"29,95"
Kombo Lokmalık Kremalı,Atıştırmalıklar,"30,00"
Koska Antep Fıstık Krokan 30 Gr,Atıştırmalıklar,"112,75"
Koska Bi' Kıtırdat Kornet Dondurma Külahı 8'li,Atıştırmalıklar,"69,95"
Koska Dondurma Külahı 10 Adet 32 Gr,Atıştırmalıklar,"27,95"
Koska Fındık Krokan 30 Gr,Atıştırmalıklar,"45,95"
Koska Koştat Krokan 40 Gr,Atıştırmalıklar,"45,90"
Koska Susam Krokan 30 Gr,Atıştırmalıklar,"19,95"
Koska Yer Fıstık Krokan 30 Gr,Atıştırmalıklar,"21,95"
Laviva Selection Antep Fıstıklı Gofret 45 Gr,Atıştırmalıklar,"50,00"
Laviva Selection Sütlü Çikolata,Atıştırmalıklar,"30,00"
Lay's Baharatlı Patates Cipsi Parti Boy 150 Gr,Atıştırmalıklar,"59,95"
Lay's Baharatlı Patates Cipsi Süper Boy 107 Gr,Atıştırmalıklar,"61,50"
Lay's Fırından Yoğurt ve Mevsim Yeşillikleri Çeşnili Patates Cipsi Süper Boy 107 Gr,Atıştırmalıklar,"61,50"
Lay's Fırından Yoğurt ve Mevsim Yeşillikleri Patates Cipsi 134 Gr,Atıştırmalıklar,"59,95"
Lay's Fırından Yoğurt&Mevsim Yeşillikli Süper Boy 96 Gr,Atıştırmalıklar,"61,50"
Lay's Klasik Patates Cipsi Mega Boy 193 Gr,Atıştırmalıklar,"84,95"
Lay's Klasik Patates Cipsi Parti Boy 150 Gr,Atıştırmalıklar,"59,95"
Lay's Klasik Patates Cipsi Süper Boy 107 Gr,Atıştırmalıklar,"61,50"
Lays Yoğurt ve Mevsim Yeşillikli Patates Cipsi 150 Gr,Atıştırmalıklar,"59,95"
Lüks Ceviz İçi - 250 Gr.,Atıştırmalıklar,"197,50"
Luppo Kakaolu Mini Sandvıc Kek,Atıştırmalıklar,"25,00"
Luppo Lup Lup Browni Çikolatalı 40 Gr.,Atıştırmalıklar,"12,00"
Luppo Sade Mini Sandvıc Kek,Atıştırmalıklar,"25,00"
M&M's Çikolatalı Draje 100 Gr,Atıştırmalıklar,"99,95"
M&M's Çikolatalı Draje 45 Gr,Atıştırmalıklar,"54,95"
M&M'S Crispy 36 Gr,Atıştırmalıklar,"54,95"
M&M's Fıstıklı Draje 45 Gr,Atıştırmalıklar,"54,95"
M&M's Peanut Draje 100 Gr,Atıştırmalıklar,"89,95"
Magnum Bademli 100 ML,Atıştırmalıklar,"85,00"
Magnum Beyaz Büyü Dondurma 100 ML,Atıştırmalıklar,"85,00"
Magnum Classic 100 ML,Atıştırmalıklar,"85,00"
Magnum Cookie Dondurma 95 Ml,Atıştırmalıklar,"85,00"
Magnum Double Çikolatalı Dondurma 95 Ml,Atıştırmalıklar,"85,00"
Magnum Dubai Antep Fıstığı Ve Çıtır Kadayıf 100 Ml,Atıştırmalıklar,"90,00"
Magnum Mini Bademli Dondurma 345 ML,Atıştırmalıklar,"325,00"
Magnum Mini Çikolata&Karadut-Böğürtlen&Karamel Dondurma 360 Ml,Atıştırmalıklar,"325,00"
"Magnum Mini Classic, Badem, Beyaz 345 Ml 6'lı",Atıştırmalıklar,"325,00"
Magnum Mini Cookie&Badem 6'lı 345 Ml,Atıştırmalıklar,"325,00"
Mars Çikolata Kaplamalı Bar 51 Gr,Atıştırmalıklar,"39,95"
Master Farm Siyah Çekirdekli Üzüm 175 gr,Atıştırmalıklar,"150,00"
Master Nut Lüx Karışık Kuruyemiş 140 gr,Atıştırmalıklar,"245,00"
Master Nut Tuzlu Fındık İçi 140 gr,Atıştırmalıklar,"225,00"
Master Potato Acı Baharatlı Cips 160 gr,Atıştırmalıklar,"99,95"
Master Potato Acı Sos Sriracha Çeşni Aromalı Patates Cipsi 160 Gr,Atıştırmalıklar,"99,95"
Master Potato Sebze Çeşni Aromalı Patates Cipsi 160 Gr,Atıştırmalıklar,"99,95"
Max Twister Ocean Sütlü Dondurma 72 Ml,Atıştırmalıklar,"15,00"
Mc Vitie's Karamel&Tarçın Kremalı Bisküvi,Atıştırmalıklar,"35,00"
Mcv Digestive Original Bisküvi 133 Gr,Atıştırmalıklar,"9,95"
Mcv Digestive Sütlü Çikolata Kaplı Bisküvi 150 Gr,Atıştırmalıklar,"80,00"
Mcv Digestive Zero Bitter Çikolata Kaplı Bisküvi 150 Gr,Atıştırmalıklar,"97,50"
Mentos 2 Hours Clean Breth Pepper Mınt 35 Gr,Atıştırmalıklar,"75,00"
"Mentos Çilekli Stick Şeker 37,5 Gr",Atıştırmalıklar,"22,50"
Mentos Clean Breth Limon Aromalı Melisa Özlü Şeker 21 Gr,Atıştırmalıklar,"47,50"
Mentos Clean Breth Yeşil Nane Aromalı Şeker 21 Gr,Atıştırmalıklar,"47,50"
Mentos Clean Breth Yoğun Nane Aromalı Şeker 21 Gr,Atıştırmalıklar,"47,50"
"Mentos Meyveli Stick Şeker 37,5 Gr",Atıştırmalıklar,"22,50"
"Mentos Naneli Stick Şeker 37,5 Gr",Atıştırmalıklar,"22,50"
Mentos Pure Fresh Çilek Aromalı Sakız 60 Gr,Atıştırmalıklar,"90,00"
Mentos Pure Fresh Karpuz Aromalı Sakız 60 Gr,Atıştırmalıklar,"90,00"
Mentos Pure Fresh Nane Aromalı Sakız 30 Gr,Atıştırmalıklar,"50,00"
Mentos Pure Fresh Nane Aromalı Sakız 60 Gr,Atıştırmalıklar,"90,00"
Mentos Pure Fresh Yeşil Nane Aromalı Sakız 30 Gr,Atıştırmalıklar,"50,00"
Mentos Pure Turunçgil Aromalı Vitaminli Sakız 15 Gr,Atıştırmalıklar,"50,00"
"Mentos Rainbow(Meyve Aromalı) Şeker 37,5 Gr",Atıştırmalıklar,"22,50"
Mentos Sour Mint Lemon Şeker 49 Gr,Atıştırmalıklar,"92,50"
Mentos Sour Mint Strawberry 49 Gr,Atıştırmalıklar,"92,50"
"Mentos Stıck Fanta Şekerleme 37,5",Atıştırmalıklar,"22,50"
Metro Çikolata Kaplamalı Karamelli Bar 36 Gr,Atıştırmalıklar,"17,00"
Milka Beyaz Tablet Çikolata 80 Gr,Atıştırmalıklar,"129,95"
Milka Bonibon Poşet 36 Gr,Atıştırmalıklar,"55,00"
"Milka Bonibon Silindir Renkli Draje 24,3 Gr",Atıştırmalıklar,"55,00"
"Milka Bonibon Silindir Renkli Draje 3'lü 24,3 Gr",Atıştırmalıklar,"159,95"
Milka Choco Snack Çikolata Bar 32 Gr,Atıştırmalıklar,"49,95"
Milka Çikolata Rüyası 100 Gr,Atıştırmalıklar,"129,95"
Milka Çilekli&Yoğurtlu Tablet Çikolata 100 Gr,Atıştırmalıklar,"129,95"
Milka Fındıklı Çikolata 80 Gr,Atıştırmalıklar,"129,95"
Milka Lila Pause Çilekli Çikolata 34 Gr,Atıştırmalıklar,"75,00"
Milka Milkinis Tablet,Atıştırmalıklar,"129,95"
Milka Oreo Sandwich Kakaolu Bisküvili Çikolata 92 Gr,Atıştırmalıklar,"129,95"
Milka Oreolu Çikolata 100 Gr,Atıştırmalıklar,"129,95"
Milka Sütlü Çikolata 80 Gr,Atıştırmalıklar,"129,95"
Nestle Beyaz Kare Çikolata 60 Gr,Atıştırmalıklar,"66,95"
Nestle Bitter Kare Çikolata 60 Gr,Atıştırmalıklar,"66,95"
Nestle Çıtır Gofret 27 Gr,Atıştırmalıklar,"17,50"
Nestle Damak Antep Fıstıklı Çikolata 30 Gr,Atıştırmalıklar,"47,50"
Nestle Damak Antep Fıstıklı Draje Çikolata 50 Gr,Atıştırmalıklar,"95,00"
Nestle Damak Antep Fıstıklı Kare Çikolata 60 Gr,Atıştırmalıklar,"69,95"
Nestle Damak Gece Antep Fıstıklı Kare Bitter Çikolata 65 Gr,Atıştırmalıklar,"69,95"
Nestle Damak İlk Hasat Antep Fıstıklı Çikolata 63 Gr,Atıştırmalıklar,"99,50"
Nestle Damak İnci Antep Fıstıklı Beyaz Çikolata 65 Gr,Atıştırmalıklar,"69,95"
Nestle Fındık Kremalı Pirinç Patlağı Gofret 27 Gr,Atıştırmalıklar,"25,00"
Nestle Kare Damak Baklava Çikolata 60 Gr,Atıştırmalıklar,"99,50"
Nestle KitKat Chunky Duo Çikolatalı Gofret 38 Gr,Atıştırmalıklar,"29,95"
Nestle Kitkat Cookıe Gofret 38 Gr,Atıştırmalıklar,"32,00"
Nestle Mini Damak 33 Gr,Atıştırmalıklar,"55,00"
"Nestle Nesfit Çikolatalı Bar 23,5 Gr",Atıştırmalıklar,"34,95"
"Nestle Nesfit Çilekli Tam Tahıllı Bar 23,5 Gr",Atıştırmalıklar,"34,95"
Nestle Nesquıck Bitter Çikolatalı Antep Fıstıklı Çikolata 18 Gr,Atıştırmalıklar,"45,00"
Nestle Nesquik Kakaolu Tam Tahıllı Bar 25 Gr,Atıştırmalıklar,"34,95"
Nestle Nesquik Sütlü Çikolatalı Gofret,Atıştırmalıklar,"18,00"
Nestle Sütlü Kare Çikolata 60 Gr,Atıştırmalıklar,"66,95"
"Nestle Tam Tahıllı Beyaz Çikolatalı Bar 22,5 Gr",Atıştırmalıklar,"34,95"
Nogger Sandwıch Karamel&Kakaolu Dondurma 145 Ml,Atıştırmalıklar,"65,00"
Nutella Go Kakaolu Fındık Kreması ve Grissini,Atıştırmalıklar,"29,95"
Nutzz Yer FIstıklı&Bademli Popcorn 85 Gr,Atıştırmalıklar,"35,00"
Olala Tiramisu 45 Gr.,Atıştırmalıklar,"25,00"
Olips C Vitaminli Limon&Portakal Aromalı Draje Rulo Şeker 28 Gr,Atıştırmalıklar,"28,75"
Olips Ice Keskin Mentol Şeker 28 Gr,Atıştırmalıklar,"28,75"
Olips Mentol Aromalı Şeker 28 Gr,Atıştırmalıklar,"28,75"
Olips Mentol&Okaliptüs Aromalı Draje Şeker 76 Gr,Atıştırmalıklar,"72,50"
Olips Mini Mints Nane Okaliptüs Şekerleme,Atıştırmalıklar,"40,00"
Olips Nane Aromalı Şeker 28 Gr,Atıştırmalıklar,"28,75"
Olips Soft Mints Nane Aromalı Şeker,Atıştırmalıklar,"28,75"
Olips Zero Mentol Okaliptus Şekerleme,Atıştırmalıklar,"34,50"
Oneo Bubble Mini Milkshake Draje Sakız,Atıştırmalıklar,"27,50"
Oneo Çilek Aromalı Draje Sakız 14 Gr,Atıştırmalıklar,"10,00"
Oneo Karpuz Aromalı Draje Sakız 14 Gr,Atıştırmalıklar,"10,00"
Oneo Karpuz Aromalı Draje Sakız Şişe 60 Gr,Atıştırmalıklar,"28,75"
Oneo Limonata Aromalı Drajed Sakız,Atıştırmalıklar,"10,00"
Oneo Meyve Aromalı Dolgulu Draje Sakız 76 Gr,Atıştırmalıklar,"16,25"
Oneo Nane Aromalı Dolgulu Draje Sakız 76 Gr,Atıştırmalıklar,"45,00"
Oneo Nane Aromalı Draje Sakız Şişe 60 Gr,Atıştırmalıklar,"28,75"
Oneo Şeftali Aromalı Draje Sakız 14 Gr,Atıştırmalıklar,"10,00"
Oneo Slims 60 Dk Meyve Aromalı Sakız 14 Gr,Atıştırmalıklar,"10,00"
Oneo Yeşil Nane Aromalı Sakız 7'li 14 Gr,Atıştırmalıklar,"10,00"
Oreo Çikolatalı 95 Gr,Atıştırmalıklar,"55,00"
Oreo Çilekli 95 Gr,Atıştırmalıklar,"55,00"
Oreo Double Creme Bisküvi 100 Gr,Atıştırmalıklar,"125,00"
Oreo Vanilya 95 Gr,Atıştırmalıklar,"55,00"
Ozmo Çilekli Cornet,Atıştırmalıklar,"15,00"
Ozmo Cornet 25 Gr,Atıştırmalıklar,"15,00"
Ozmo Fun Figürlü Çikolata 23 Gr,Atıştırmalıklar,"25,00"
Ozmo Ogopogo Çikolata Kremalı Kek 30 Gr,Atıştırmalıklar,"12,00"
Ozmo Sütlü Cornet 25 Gr,Atıştırmalıklar,"15,00"
Patos Acı Baharat Aromalı Süper Boy Mısır Çerezi 109 Gr,Atıştırmalıklar,"55,00"
Patos Rolls Acılı Süper Extra Mısır Cipsi 167 Gr,Atıştırmalıklar,"70,00"
Peyman Bahçeden Antep Fıstıklı Bar 27 Gr,Atıştırmalıklar,"65,00"
Peyman Bahçeden Çiğ İç Fındık 180 Gr,Atıştırmalıklar,"245,00"
Peyman Bahçeden Çiğ Karışık Kuruyemiş Klasik 165 Gr,Atıştırmalıklar,"155,00"
Peyman Bahçeden Fındıklı Bar 30 Gr,Atıştırmalıklar,"37,50"
Peyman Bahçeden Hurma 140 Gr,Atıştırmalıklar,"130,00"
Peyman Bahçeden İç Ceviz 140 Gr,Atıştırmalıklar,"170,00"
Peyman Bahçeden Kızartılmış Yer Fıstığı 150 Gr,Atıştırmalıklar,"50,00"
Peyman Bahçeden Klasik Karışık Kuruyemiş 180 Gr,Atıştırmalıklar,"130,00"
Peyman Bahçeden Kuru Üzüm 200 Gr,Atıştırmalıklar,"77,95"
Peyman Bahçeden Tuzlu Kavrulmuş Fındık 140 Gr,Atıştırmalıklar,"235,00"
Peyman Çitliyo Kara Şimşek Bol Tuzlu Ay Çekirdeği 180 Gr,Atıştırmalıklar,"50,00"
Peyman Çitliyo Kara Şimşek Klasik Ay Çekirdeği 120 Gr,Atıştırmalıklar,"33,00"
Peyman Çitliyo Kara Şimşek Klasik Ay Çekirdeği 180 Gr,Atıştırmalıklar,"50,00"
Peyman Dorleo Asorti Mix Karışık Kuruyemiş 140 Gr,Atıştırmalıklar,"199,95"
Peyman Dorleo İç Fındık 200 Gr,Atıştırmalıklar,"365,00"
Peyman Dorleo Kaju Fıstığı 138 Gr,Atıştırmalıklar,"133,95"
Peyman Nuttz Tuzlu Yer Fıstığı 145 Gr,Atıştırmalıklar,"42,50"
Peyman Nutzz Acılı Soslu Kızartılmış Yer Fıstığı 145 Gr,Atıştırmalıklar,"42,50"
Peyman Nutzz Tacco Yer Fıstığı 145 Gr,Atıştırmalıklar,"42,50"
Peyman Soslu Karışık Kuruyemiş 180 Gr,Atıştırmalıklar,"130,00"
Polo Orijinal Nane Aromalı Delikli Şeker 34 Gr,Atıştırmalıklar,"25,00"
Polo Yeşil Naneli Şeker 34 Gr,Atıştırmalıklar,"25,00"
Potibör Çokokrem Sandviç 229 Gr,Atıştırmalıklar,"60,00"
Rondo Muz Kremalı Bisküvi 61Gr,Atıştırmalıklar,"13,00"
Ruffles Ketçaplı Parti Boy Patates Cipsi 160 Gr,Atıştırmalıklar,"59,95"
Ruffles Ketçaplı Patates Cipsi Süper Boy 107 Gr,Atıştırmalıklar,"61,50"
Ruffles Originals Parti Boy 150 Gr,Atıştırmalıklar,"59,95"
Ruffles Originals Patates Cipsi Mega Boy 193 Gr,Atıştırmalıklar,"84,95"
Ruffles Originals Süper Boy 107 Gr,Atıştırmalıklar,"61,50"
Ruffles Peynir ve Soğan Aromalı Süper Boy 107 Gr,Atıştırmalıklar,"61,50"
Ruflles Peynir ve Soğan Aroma Çeşni Patates Cipsi 150 Gr,Atıştırmalıklar,"59,95"
Saklıköy Çikolata Kremalı Kakaolu Bisküvi 87 Gr,Atıştırmalıklar,"23,00"
Sarelle Hindistan Cevizli Gofret 33 Gr,Atıştırmalıklar,"26,50"
Schar Mini Sorrisi Glutensiz Kaymaklı Çikolatalı Bisküvi 100 Gr,Atıştırmalıklar,"209,95"
Schar Nigotti Glutensiz Çörekotlu Mini Kraker 40 Gr,Atıştırmalıklar,"74,95"
Schar Quınotti Glutensiz Kinoalı Kraker 40 Gr,Atıştırmalıklar,"74,95"
Schar Snack Çikolata Kaplı Fındıklı Gofret 3*35 Gr,Atıştırmalıklar,"239,95"
Sepetçioğlu Antep Fıstıklı Çekme Helva 180 Gr,Atıştırmalıklar,"129,90"
Sepetçioğlu Çikolata Kaplı Çekme Helva 40 Gr,Atıştırmalıklar,"24,90"
Sepetçioğlu Sade Çekme Helva 180 Gr,Atıştırmalıklar,"99,90"
Skittles Sour 38 Gr,Atıştırmalıklar,"39,95"
Şölen Biscolata Mood Çikolatalı Krema Dolgulu Bisküvi 125 Gr,Atıştırmalıklar,"49,95"
Şölen Biscolata Pirinç Par. Stix,Atıştırmalıklar,"30,00"
Şölen Biscolata Stix Çubuk Bisküvi,Atıştırmalıklar,"30,00"
Şölen Greta Mevsim Yeşillikli Kraker 4*30 Gr,Atıştırmalıklar,"55,00"
Şölen Luppo Kakaolu Sandviç Kek 8*23 Gr,Atıştırmalıklar,"79,00"
Şölen Luppo Sandviç Kek 8*23 Gr,Atıştırmalıklar,"79,00"
Şölen Nutymax Antep Fıstıklı Kremalı Çikolata 44 Gr,Atıştırmalıklar,"40,00"
Şölen Nutymax Ekstra Fındıklı Gofret 40 Gr,Atıştırmalıklar,"40,00"
Şölen Ozmo Burger Bisküvi 36 Gr,Atıştırmalıklar,"25,00"
Şölen Ozmo Cool Sütlü 30 Gr,Atıştırmalıklar,"19,50"
Şölen Ozmo Egg Sütlü Çikolatalı Yumurta 20 Gr,Atıştırmalıklar,"40,00"
Şölen Ozmo Kakaolu Fındık Kreması Tüp 35 Gr,Atıştırmalıklar,"25,00"
Şölen Ozmo Popsy 24 Gr,Atıştırmalıklar,"25,00"
Tadelle Beyaz Çikolata Kaplı Fındık Dolgulu Çikolata 30 Gr,Atıştırmalıklar,"37,50"
Tadelle King Size Fındık Kremalı Çikolata 52 Gr,Atıştırmalıklar,"62,50"
Toblerone 100 Gr,Atıştırmalıklar,"169,95"
Toblerone Beyaz Çikolata 100 gr,Atıştırmalıklar,"169,95"
Toblerone Bitter Çikolata 100 Gr,Atıştırmalıklar,"169,95"
Toblerone Sütlü Çikolata 35 Gr,Atıştırmalıklar,"84,95"
"Twix CrispyRolls Gofret 22,5g",Atıştırmalıklar,"17,95"
Twix Sütlü Çikolata Kaplı Karamelli Bar 50 Gr,Atıştırmalıklar,"39,95"
Twix White Çikolata 46g,Atıştırmalıklar,"39,95"
Ülker Antep Fıstıklı Milföy 28 Gr,Atıştırmalıklar,"20,00"
Ülker Mini All Star Karma Paket 91 Gr,Atıştırmalıklar,"57,50"
Ülker %80 Kakaolu Bitter Kare Çikolata 60 Gr,Atıştırmalıklar,"49,95"
Ülker 9 Kat Tat Fındıklı Gofret 114 Gr,Atıştırmalıklar,"35,00"
Ülker 9 Kat Tat İnce İnce Çilek Kremalı Gofret 114 Gr,Atıştırmalıklar,"35,00"
Ülker Albeni Bar 4'Lü,Atıştırmalıklar,"76,00"
Ülker Albeni Karamelli Çikolata Bar 40 Gr,Atıştırmalıklar,"20,00"
Ülker Albeni Sütlü Çikolata Kaplı Karamelli Bar Çikolata 52 Gr,Atıştırmalıklar,"23,50"
Ülker Altınbaşak Çörekotlu&Kinoalı Bisküvi 40 Gr,Atıştırmalıklar,"13,50"
Ülker Altınbaşak Çörekotu&Kinoalı Bisküvi 5'li,Atıştırmalıklar,"64,50"
Ülker Altınbaşak Labneli Sandviç Bisküvi 69 Gr,Atıştırmalıklar,"20,00"
Ülker Altınbaşak Tahıl Cipsi Yoğurt Aromalı & Mevsim Yeşillikli 50 gr,Atıştırmalıklar,"22,00"
Ülker Altınbaşak Yulaflı Bisküvi,Atıştırmalıklar,"13,00"
Ülker Altınbaşak Yulaflı Bisküvi 5'li,Atıştırmalıklar,"61,50"
Ülker Antep Fıstıklı Beyaz Kare Çikolata 65 Gr,Atıştırmalıklar,"105,00"
Ülker Antep Fıstıklı Bitter Kare Çikolata 65 Gr,Atıştırmalıklar,"105,00"
Ülker Beyaz Çikolatalı Gofret 35 Gr,Atıştırmalıklar,"16,50"
Ülker Beyaz Pul Çikolata 100 gr,Atıştırmalıklar,"140,00"
Ülker Biskrem Kakaolu Biküvi 3*100 Gr,Atıştırmalıklar,"64,95"
Ülker Biskrem Kakaolu Rulo 100 Gr,Atıştırmalıklar,"25,00"
Ülker Bitter Baton Çikolata 30 Gr,Atıştırmalıklar,"35,00"
Ülker Bitter Çikolatalı Gofret 36 Gr,Atıştırmalıklar,"16,50"
Ülker Bol Sütlü Baton Çikolata 30 GR,Atıştırmalıklar,"35,00"
Ülker Bol Sütlü Kare Çikolata 60 Gr,Atıştırmalıklar,"49,95"
Ülker Bubble Mini Draje Sakız,Atıştırmalıklar,"22,50"
Ülker Bütün Antep Fıstıklı Baton Çikolata 30 Gr,Atıştırmalıklar,"52,50"
Ülker Bütün Antep Fıstıklı Kare Çikolata 65 Gr,Atıştırmalıklar,"105,00"
Ülker Bütün Fındıklı Kare Çikolata 65 Gr,Atıştırmalıklar,"72,50"
"Ülker Bütün Fındıklı ve Fındık Kremalı Çikolata 40,5 Gr",Atıştırmalıklar,"35,00"
Ülker Caramio Karemel Dolgulu Sütlü Çikolata 32 Gr,Atıştırmalıklar,"27,50"
Ülker Çifte Kavrulmuş Pötibör 175 Gr,Atıştırmalıklar,"30,00"
Ülker Çikolata & Çilekli Sekiz Kek 55Gr,Atıştırmalıklar,"13,00"
Ülker Çikolata Fındık Rüyası Krema 350Gr,Atıştırmalıklar,"180,00"
Ülker Çikolata Fındık Rüyası Krema 625Gr,Atıştırmalıklar,"199,95"
Ülker Çikolatalı 8 Kek 55 Gr,Atıştırmalıklar,"13,00"
Ülker Çikolatalı Gofret 36 Gr,Atıştırmalıklar,"16,50"
Ülker Çikolatalı Gofret Maxi,Atıştırmalıklar,"17,50"
Ülker Çikolatalı Gofret Tablet 100 Gr,Atıştırmalıklar,"75,00"
Ülker Çikolatalı Kadayıflı Dubai Lezzeti 93Gr,Atıştırmalıklar,"125,00"
Ülker Çizi Kraker 4*70 Gr,Atıştırmalıklar,"56,00"
Ülker Çizi Kraker 70 Gr,Atıştırmalıklar,"15,00"
Ülker Çiziviç Peynir Kremalı Sandviç Kraker 3'lü 82 Gr,Atıştırmalıklar,"49,95"
Ülker Çiziviç Peynir Kremalı Sandviç Kraker 82 Gr,Atıştırmalıklar,"20,00"
Ülker Cocostar 4lü Paket,Atıştırmalıklar,"49,50"
Ülker Cocostar Sütlü Çikolata Kaplı Hindistan Cevizli Bar 25 Gr,Atıştırmalıklar,"13,00"
Ülker Çokomel 3lü Marshmallowlu Büsküvi,Atıştırmalıklar,"17,00"
Ülker Çokomel Dev Muzlu 22Gr,Atıştırmalıklar,"9,00"
Ülker Çokomel Dev Sade 22Gr,Atıştırmalıklar,"9,00"
Ülker Çokonat Antep Fıstıklı 30Gr,Atıştırmalıklar,"30,00"
Ülker Çokonat Gofret 3'Lü,Atıştırmalıklar,"71,50"
Ülker Çokonat Sütlü Çikolata Kaplamalı Fındıklı Gofret 33 Gr,Atıştırmalıklar,"25,00"
Ülker Çokoprens Atıştırmalık 81 Gr,Atıştırmalıklar,"20,00"
Ülker Çokoprens Bisküvi 10'lu,Atıştırmalıklar,"54,95"
Ülker Çubuk Kraker 32 Gr,Atıştırmalıklar,"6,00"
Ülker Çubuk Kraker 80 Gr,Atıştırmalıklar,"11,50"
Ülker Dankek Çay Saati Kakaolu Kek 200 Gr,Atıştırmalıklar,"55,00"
Ülker Dankek Çay Saati Meyveli Kek 200 Gr,Atıştırmalıklar,"55,00"
Ülker Dankek Çikolatalı Rulo Pasta 235 Gr,Atıştırmalıklar,"70,00"
Ülker Dankek Lokmalık Havuçlu&Tarçınlı Kek 160 Gr,Atıştırmalıklar,"50,00"
Ülker Dankek Lokmalık Kakaolu Kek 160 Gr,Atıştırmalıklar,"50,00"
Ülker Dankek Lokmalık Üzümlü Kek 160 Gr,Atıştırmalıklar,"50,00"
Ülker Dankek Magma Çikolatalı Kek 65 Gr,Atıştırmalıklar,"20,00"
Ülker Dankek Magma H.Cevizli-Vişne Soslu 65Gr,Atıştırmalıklar,"20,00"
Ülker Dankek Magma Karamelli Kek 65 Gr,Atıştırmalıklar,"20,00"
Ülker Dankek Muzlu Rulo Pasta 235 Gr,Atıştırmalıklar,"70,00"
Ülker Dankek Pöti Kakaolu Kek 35 Gr,Atıştırmalıklar,"10,00"
Ülker Dankek Pöti Meyveli 35 Gr,Atıştırmalıklar,"10,00"
Ülker Dido Gold Çikolata 36 Gr,Atıştırmalıklar,"30,00"
"Ülker Dido Kare Çikolata 55,5 gr",Atıştırmalıklar,"45,00"
Ülker Dolu Dolu Antep Fıstığı Çikolata 77 Gr,Atıştırmalıklar,"150,00"
Ülker Dolu Dolu Badem Çikolata 80 Gr,Atıştırmalıklar,"120,00"
Ülker Dolu Dolu Fındık Çikolata 80 Gr,Atıştırmalıklar,"120,00"
Ülker Dubai Lezzeti Çikolata 35 Gr,Atıştırmalıklar,"50,00"
"Ülker Eğlence Paketi Atıştırmalık 298,5 Gr",Atıştırmalıklar,"129,95"
Ülker Everwell C Vitamin Aserola Eferv. Tablet 67.5 Gr,Atıştırmalıklar,"160,00"
Ülker Everwell C-D-Çinko-Aserola Eferv.Tablet 15'li 67.5 Gr,Atıştırmalıklar,"190,00"
"Ülker Everwell Kara Mürver C Vitamini Çinko 15'Li Tablet 67,5 Gr",Atıştırmalıklar,"190,00"
Ülker Fındık Rüyası Çikolata,Atıştırmalıklar,"70,00"
Ülker Fındık Rüyası Tüp Çikolata 30 Gr,Atıştırmalıklar,"28,50"
Ülker Gofret Fındıklı 220 Gr,Atıştırmalıklar,"52,50"
Ülker Hanımeller Asorti Karışık Tatlı Kurabiye 150 Gr,Atıştırmalıklar,"43,00"
Ülker Hanımeller Çokodamla Poşet 150 Gr,Atıştırmalıklar,"43,00"
Ülker Hanımeller Çokodamla Rulo Bisküvi 82 Gr,Atıştırmalıklar,"20,00"
Ülker Hanımeller Fındıklı Rulo 82 Gr,Atıştırmalıklar,"20,00"
Ülker Hanımeller Frambuaz Soslu Kurabiye 150 Gr,Atıştırmalıklar,"43,00"
Ülker Hanımeller Mahlepli Tuzlu Kurabiye,Atıştırmalıklar,"20,00"
Ülker Hanımeller Tuzlu Kurabiye Karma Poşet 150 Gr,Atıştırmalıklar,"43,00"
Ülker İkram Çikolatalı Kremalı Bisküvi 3*84 Gr,Atıştırmalıklar,"65,00"
Ülker İkram Çikolatalı Kremalı Bisküvi 84 Gr,Atıştırmalıklar,"23,00"
Ülker İkram Fındıklı Kremalı Bisküvi 3*84 Gr,Atıştırmalıklar,"65,00"
Ülker İkram Fındıklı Kremalı Bisküvi 84 Gr,Atıştırmalıklar,"23,00"
Ülker İstanbul Fındıklı Baton Çikolata 35 Gr,Atıştırmalıklar,"45,00"
Ülker Kakaolu Pötibör Bisküvi 175 Gr,Atıştırmalıklar,"30,00"
Ülker Kakaolu Pötibör Bisküvi 450 Gr,Atıştırmalıklar,"70,00"
Ülker Kanky Bol Sütlü Bulut Kornet Gofret 26 Gr,Atıştırmalıklar,"19,00"
"Ülker Kanky Çilekli Kornet Gofret 26,5 Gr",Atıştırmalıklar,"19,00"
Ülker Kanky Mini Yumurta,Atıştırmalıklar,"80,00"
Ülker Kare Bitter Çİkolata 60 Gr,Atıştırmalıklar,"49,95"
Ülker Karışık Meyve Aromalı Bonbon Şeker 36 Gr,Atıştırmalıklar,"10,00"
Ülker Kat Kat Tat Fındık Kremalı Kek 25 Gr,Atıştırmalıklar,"10,00"
Ülker Kekstra Jölebol Çilekli Kek 40 Gr,Atıştırmalıklar,"11,00"
Ülker Kremalı Sandviç Bisküvi 61 Gr,Atıştırmalıklar,"13,00"
Ülker Kremalı Sandviç Bisküvi 8'li,Atıştırmalıklar,"82,50"
Ülker Kremini Ahududu Aromalı Toffe Şeker 44 Gr,Atıştırmalıklar,"10,00"
Ülker Kremini Çilek Aromalı Toffe Şeker 44 Gr,Atıştırmalıklar,"10,00"
Ülker Kremini Karpuz Aromalı Toffe Şeker 44 Gr,Atıştırmalıklar,"10,00"
Ülker Kremini Vişne Aromalı Toffe Şeker 44 Gr,Atıştırmalıklar,"10,00"
Ülker Krispi Acılı Çubuk Kraker 43 Gr,Atıştırmalıklar,"10,00"
Ülker Krispi Baharatlı Çubuk Kraker 43 Gr,Atıştırmalıklar,"10,00"
Ülker Krispi Peynirli Çubuk Kraker 43 Gr,Atıştırmalıklar,"10,00"
Ülker Küverter %54 Bitter Çikolata 200 gr,Atıştırmalıklar,"235,00"
Ülker Laviva Baton Çikolata 35 Gr,Atıştırmalıklar,"27,50"
Ülker Limon Aromalı Bonbon Şeker 36 Gr,Atıştırmalıklar,"10,00"
Ülker Metro Bar 4'Lü,Atıştırmalıklar,"64,50"
"Ülker Metro Çikolata Kaplı Karamelli Çikolata Bar 50,4 Gr",Atıştırmalıklar,"21,50"
Ülker Nanelim Nane Aromalı Rulo Şeker 36 Gr,Atıştırmalıklar,"10,00"
Ülker Napoliten Sütlü Çikolata 33 Gr,Atıştırmalıklar,"45,00"
Ülker O'lala Sufle Kek 70 Gr,Atıştırmalıklar,"35,00"
Ülker O'lala Sufle Mini Kek 162 Gr,Atıştırmalıklar,"62,50"
Ülker Oneo C Vitaminli Portakal&Kivi Aromalı Sakız,Atıştırmalıklar,"10,00"
Ülker Oneo Dopdolu Vitamin Draje Meyveli Sakız,Atıştırmalıklar,"27,50"
Ülker Oneo Karpuz Aromalı Draje Sakız,Atıştırmalıklar,"11,25"
Ülker Oneo Nane Aromalı Draje Sakız,Atıştırmalıklar,"11,25"
Ülker Oneo Nane Aromalı Sakız,Atıştırmalıklar,"10,00"
"Ülker Pastil Ihlamur+Limon+Propolis 8'li 22,4 Gr",Atıştırmalıklar,"50,00"
"Ülker Pastil Karamürver 22,4 Gr",Atıştırmalıklar,"50,00"
"Ülker Pastil Okaliptus+Nane+Mentol 8'li 22,4 Gr",Atıştırmalıklar,"50,00"
"Ülker Pembo Tuttı Frutti Aromalı Sakız 22,5 Gr",Atıştırmalıklar,"6,75"
Ülker Pötibör 175 Gr,Atıştırmalıklar,"30,00"
Ülker Pötibör 450 Gr,Atıştırmalıklar,"70,00"
Ülker Pötibör Bisküvi 800 Gr,Atıştırmalıklar,"89,95"
Ülker Probis Kakaolu&Muzlu Proteinli Bisküvi 75 Gr,Atıştırmalıklar,"23,00"
Ülker Rondo Çilekli&Kremalı Bisküvi 61 Gr,Atıştırmalıklar,"13,00"
Ülker Rulokat 9 Kat Tat Fındık Kremalı Gofret Teneke Kutu 170 Gr,Atıştırmalıklar,"70,00"
Ülker Rulokat 9 Kat Tat Fındık Kremalı Rulo Gofret 42 Gr,Atıştırmalıklar,"18,50"
Ülker Saklıköy Çikolatalı ve Sütlü Kremalı Bisküvi 100 Gr,Atıştırmalıklar,"35,00"
Ülker Saklıköy Frambuaz Kremalı Cheesecake Bisküvi 100 Gr,Atıştırmalıklar,"35,00"
Ülker Saklıköy Sütlü Kremalı Bisküvi 100 Gr,Atıştırmalıklar,"23,00"
Ülker Şöbiyetli Kare Çikolata 60 Gr,Atıştırmalıklar,"85,00"
Ülker Super Mix Atıştırmalık 300 Gr,Atıştırmalıklar,"129,95"
Ülker Susamlı Çubuk Kraker 45 Gr,Atıştırmalıklar,"11,50"
Ülker Susamlı Çubuk Kraker 70 Gr,Atıştırmalıklar,"16,50"
Ülker Truffle Çikolata 289 Gr,Atıştırmalıklar,"400,00"
Ülker Yıldız Damla Sakız,Atıştırmalıklar,"12,50"
Ülker Yıldız Damla Sakızı Aromalı Şekersiz Stick Sakız 7 Gr,Atıştırmalıklar,"4,50"
Ülker Yıldız Nane Aromalı Sakız,Atıştırmalıklar,"12,50"
Ülker Yup Solucan Meyve Sulu Jelibon 80 Gr,Atıştırmalıklar,"16,25"
Ülker Yupo Ayıcık Meyve Sulu Jelibon 80 Gr,Atıştırmalıklar,"16,25"
Ülker Yupo Çokojelo Çikolata Kaplamalı Böğürtlen Aromalı Jel Şeker 20 Gr,Atıştırmalıklar,"5,00"
Ülker Yupo Draje 20 Gr,Atıştırmalıklar,"10,00"
Ülker Yupo Eğlenjeli Çilek 80Gr,Atıştırmalıklar,"16,25"
Ülker Yupo Eğlenjeli İçecekler 80Gr,Atıştırmalıklar,"16,25"
Ülker Yupo Eğlenjeli Karpuz 80Gr,Atıştırmalıklar,"16,25"
Ülker Yupo Jell Portakal Halkası 80 Gr,Atıştırmalıklar,"16,25"
Ülker Yupo Jelly C Vitaminli Yumuşak Şeker 64 Gr,Atıştırmalıklar,"16,25"
Ülker Yupo Jelly Ekşi 65 Gr,Atıştırmalıklar,"16,25"
Ülker Yupo Jelly Metre Çilek Yumuşak Şeker 50 Gr,Atıştırmalıklar,"8,75"
Ülker Yupo Jelly Metre Kolalı Yumuşak Şeker 50 Gr,Atıştırmalıklar,"8,75"
Ülker Yupo Jelly Sihirli Şapka 80 Gr,Atıştırmalıklar,"16,25"
Ülker Yupo Lolipop 10'lu Paket,Atıştırmalıklar,"22,50"
Ülker Yupo Meyve Bahçesi Jelibon 80 Gr,Atıştırmalıklar,"16,25"
Ülker Yupo Portakal Aromalı Jelibon 20 Gr,Atıştırmalıklar,"5,00"
Ülker Yupo Vampir Dişi Aromalı Şekerleme 80 Gr,Atıştırmalıklar,"16,25"
"Ülker Zencefil, Zerdeçal Propolis Pastil",Atıştırmalıklar,"50,00"
Viennetta Vanilya&Çikolata Aromalı Dondurma 800 Ml,Atıştırmalıklar,"200,00"
Vivident 360 Derece Karpuz Aromalı Sakız 14'lü,Atıştırmalıklar,"47,50"
Vivident 360 Derece Nane Aromalı Sakız 14'lü,Atıştırmalıklar,"47,50"
Vivident 45 Dakika Nane Aromalı Sakız 12'li 33 Gr,Atıştırmalıklar,"47,50"
Vivident 45 Dk Ahududu Aromalı Sakız,Atıştırmalıklar,"47,50"
Vivident 45 Dk Çilek Aromalı Sakız,Atıştırmalıklar,"47,50"
Vivident 45 Dk Karpuz Aromalı Sakız,Atıştırmalıklar,"47,50"
Vivident 45 Dk Yeşil Nane Aromalı Sakız,Atıştırmalıklar,"47,50"
Vivident Active Nane Aromalı Sakız 14'lü,Atıştırmalıklar,"47,50"
Vivident Air Action Mentos & Okaliptus Şişe Sakız,Atıştırmalıklar,"87,50"
Vivident Damla Sakızlı Şekersiz Sakız 14'lü,Atıştırmalıklar,"47,50"
Vivident Ekstra Mentol&Nane Aromalı 14'lü,Atıştırmalıklar,"47,50"
Vivident Ekstra Mentol&Nane Aromalı Sakız Şişe 68 Gr,Atıştırmalıklar,"87,50"
Vivident Extra Nane Aromalı Sakız 20'li,Atıştırmalıklar,"35,00"
Vivident Mega Comfort Cube Naneli Sakız,Atıştırmalıklar,"115,00"
Vivident Storming 3 Katlı Ahududu Ve Limonata Aromalı Sakız 33 Gr,Atıştırmalıklar,"47,50"
"Vivident Storming 3 Katlı Çilek, Ahududu Ve Frenk Üzümü Aromalı Sakız 33 Gr",Atıştırmalıklar,"47,50"
"Vivident Storming 3 Katlı Mango, Çarkıfelek Ve Narenciye Aromalı Sakız 33 Gr",Atıştırmalıklar,"47,50"
Vivident Storming 3 Katlı Nane Aromalı Sakız 33 Gr,Atıştırmalıklar,"47,50"
Vivident Storming Ahududu Aromalı Şekersiz Tatlandırıcılı Şerit Sakız,Atıştırmalıklar,"47,50"
Vivident Storming Çilek Aromalı Şekersiz Sakız 12'li 33 Gr,Atıştırmalıklar,"47,50"
Vivident Storming Karpuz Aromalı Sakız 33 Gr,Atıştırmalıklar,"47,50"
Vivident Storming Nane Aromalı Sakız 12'li 33 Gr,Atıştırmalıklar,"47,50"
Vivident Storming Yeşil Nane Aromalı Sakız 12'li 33 Gr,Atıştırmalıklar,"47,50"
Vivident Xylit Yeşil Nane Aromalı,Atıştırmalıklar,"35,00"
Vivident Yeşil Nane Aromalı Sakız Şişe 68 Gr,Atıştırmalıklar,"87,50"
Wasa Delikatess Gevrek Ekmek 270 Gr,Atıştırmalıklar,"111,95"
Wasa Lifli Gevrek Ekmek 230 Gr,Atıştırmalıklar,"111,95"
Wasa Orijinal 275 Gr,Atıştırmalıklar,"111,95"
WeFood Çok Tahıllı Patlak 100 Gr,Atıştırmalıklar,"65,00"
WeFood Fesleğenli Kraker 40 Gr,Atıştırmalıklar,"65,00"
WeFood Glutensiz Çörek Otu & Cialı Grissini 40 Gr,Atıştırmalıklar,"65,00"
WeFood Glutensiz Karabuğday Patlağı 100 Gr,Atıştırmalıklar,"44,95"
WeFood Glutensiz Pirinç Patlağı 100 Gr,Atıştırmalıklar,"65,00"
WeFood Tahinli Kraker 40 Gr,Atıştırmalıklar,"65,00"
WeFood Zeytinli & Kekikli Kraker 40 Gr,Atıştırmalıklar,"65,00"
Yayla Soslu Mısır 120 Gr,Atıştırmalıklar,"44,95"
Züber Chia ve Hindistan Cevizli Meyve Bar 40g,Atıştırmalıklar,"64,95"
Züber Antep Fıstıklı Kakaolu Meyveli Bar 40 Gr,Atıştırmalıklar,"74,95"
Züber Çilekli&Kakaolu Meyveli Bar 40 Gr,Atıştırmalıklar,"64,95"
ZÜBER Fıstık Ezmeli Hi-Protein Bar 45g,Atıştırmalıklar,"99,95"
Züber Glutensiz Badem Ezmeli Protein Bar 45 Gr,Atıştırmalıklar,"99,95"
ZÜBER Granola Bar Antep Fıstıklı 25g,Atıştırmalıklar,"49,95"
ZÜBER Granola Bar Orman Meyveli 25g,Atıştırmalıklar,"39,95"
ZÜBER Granola Bar Yer Fıstıklı 25g,Atıştırmalıklar,"34,95"
Züber Kakao Parçacıklı Protein Bar 35g,Atıştırmalıklar,"64,95"
ZÜBER Kakaolu Hi-Protein Bar 45g,Atıştırmalıklar,"99,95"
ZÜBER Kakaolu ve Portakallı Meyve Bar 40g,Atıştırmalıklar,"64,95"
Züber Kakaolu&Fındıklı Bar 40 Gr,Atıştırmalıklar,"64,95"
Züber Kidz Çilekli Meyve Topu 42gr,Atıştırmalıklar,"64,95"
Züber Kidz Muzlu Meyve Topu 42g,Atıştırmalıklar,"64,95"
Züber Lokma Antep Fıstığı Kaplı Meyve Topu 96 Gr,Atıştırmalıklar,"175,00"
Züber Lokma Fındık Kaplı MeyveTopu 96 Gr,Atıştırmalıklar,"144,95"
ZÜBER Noutos Fırınlanmış Nohut Cipsi Chili 55g,Atıştırmalıklar,"69,95"
Züber Sütlü Hurmalı Protein Bar 35g,Atıştırmalıklar,"64,95"
Züber Vegan Hi-Protein Bar 45g,Atıştırmalıklar,"99,95"
Züber Yer Fıstıklı ve Kakaolu Meyve Bar 40g,Atıştırmalıklar,"64,95"
Züber-Granola Bar Elmalı Tarçınlı 25g,Atıştırmalıklar,"39,95"
Aptamil 1 Bebek Sütü 350 g 0-6 Ay Akıllı Kutu,Bebek Ürünleri,"539,90"
Aptamil 1 Bebek Sütü 800 Gr,Bebek Ürünleri,"1.109,90"
Aptamil 2 Devam Sütü 800 Gr,Bebek Ürünleri,"1.109,90"
Aptamil 3 Devam Sütü 350 Gr,Bebek Ürünleri,"539,90"
Aptamil 3 Devam Sütü 800 Gr,Bebek Ürünleri,"1.109,90"
Aptamil 4 Çocuk Devam Sütü 350 Gr,Bebek Ürünleri,"539,90"
Aptamil 4 Çocuk Devam Sütü 800 Gr,Bebek Ürünleri,"1.109,90"
Aptamil 5 Çocuk Devam Sütü 350 Gr,Bebek Ürünleri,"539,90"
Aptamil 5 Çocuk Devam Sütü 800 Gr,Bebek Ürünleri,"1.109,90"
Arılac Instant Ek Gıda Sütlü Muzlu 200 Gr,Bebek Ürünleri,"69,90"
Bebelac 1 Bebek Sütü 400 Gr,Bebek Ürünleri,"379,90"
Bebelac 1 Bebek Sütü 800 Gr,Bebek Ürünleri,"679,90"
Bebelac 2 Bebek Sütü 400 Gr,Bebek Ürünleri,"379,90"
Bebelac 2 Bebek Sütü 800 Gr,Bebek Ürünleri,"679,90"
Bebelac 3 Bebek Sütü 400 Gr,Bebek Ürünleri,"379,90"
Bebelac 3 Bebek Sütü 800 Gr,Bebek Ürünleri,"679,90"
Bebelac 4 Bebek Sütü 400 Gr,Bebek Ürünleri,"379,90"
Bebelac Elma Armut Püresi Kavanoz Maması 125 Gr,Bebek Ürünleri,"49,90"
Bebelac Elma Şeftali Püresi Kavanoz Maması 125 Gr,Bebek Ürünleri,"49,90"
Bebelac Gold 1 Bebek Sütü 350 Gr,Bebek Ürünleri,"409,90"
Bebelac Gold 1 Bebek Sütü 800 Gr,Bebek Ürünleri,"819,90"
Bebelac Gold 2 Bebek Sütü 800 Gr,Bebek Ürünleri,"819,90"
Bebelac Gold 2 Devam Sütü 350 Gr,Bebek Ürünleri,"409,90"
Bebelac Gold 3 Bebek Sütü 800 Gr,Bebek Ürünleri,"819,90"
Bebelac Gold 3 Devam Sütü 350 Gr,Bebek Ürünleri,"409,90"
Bebelac Gold Kavanoz Sütlaç 125 Gr,Bebek Ürünleri,"49,90"
Bebelac Gold Sütlü Meyveli Pirinçli Kaşık Maması 250 Gr,Bebek Ürünleri,"159,90"
Bebelac Havuç Elma Püresi Kaşık Maması Kavanoz 125 Gr,Bebek Ürünleri,"49,90"
Eti Cicibebe Bebek Bisküvisi 400 Gr,Bebek Ürünleri,"87,25"
Hero Baby Armutlu Şeftalili Ananaslı Kavanoz Maması 125 Gr,Bebek Ürünleri,"42,50"
Hero Baby Elma Muz Püreli Kavanoz Maması 125 Gr,Bebek Ürünleri,"42,50"
Hero Baby Gece Sütlü Muzlu Pirinçli Kaşık Maması 200 Gr,Bebek Ürünleri,"149,95"
Hero Baby İlikli Kemik Sulu Karışık Sebzeli Kavanoz Maması 120 Gr,Bebek Ürünleri,"69,95"
Hero Baby Karışık Meyveli Kavanoz Maması 125 Gr,Bebek Ürünleri,"42,50"
Hero Baby Karışık Meyveli Tahıllı Kavanoz Maması 125 Gr,Bebek Ürünleri,"42,50"
Hero Baby Mama Kavanoz Organik Muz Armut Tahıl Bebek Ek Gıda 120 gr,Bebek Ürünleri,"69,95"
Hero Baby Meyveli 8 Tahıllı Kaşık Maması 200 Gr,Bebek Ürünleri,"149,95"
Hero Baby Muzlu Mandalinalı Armutlu Kavanoz Maması 125 Gr,Bebek Ürünleri,"42,50"
Hero Baby Organik Elma Püresi Kavanoz Mama 120 Gr,Bebek Ürünleri,"69,95"
Hero Baby Organik Elmalı Şeftalili Kavanoz Maması 120 Gr,Bebek Ürünleri,"69,95"
Hero Baby Organik Karışık Meyveli Kavanoz Maması 120 Gr,Bebek Ürünleri,"69,95"
Hero Baby Organik Kayısılı Bebek Ek Gıdası 120 Gr,Bebek Ürünleri,"69,95"
Hero Baby Organik Kayısılı Muzlu Kavanoz Maması 120 Gr,Bebek Ürünleri,"69,95"
Hero Baby Prebiyotikli Muzlu Yoğurtlu Kavanoz Maması 120 Gr,Bebek Ürünleri,"69,95"
Hero Baby Şeftalili Muzlu Kavanoz Maması 125 Gr,Bebek Ürünleri,"42,50"
Hero Baby Sütlü Elmalı 8 Tahıllı Kaşık Maması 200 Gr,Bebek Ürünleri,"149,95"
Huggies Drynites Gece Külodu (4-7 yaş) 10'lu,Bebek Ürünleri,"229,90"
Huggies Drynites Gece Külodu (4-7 yaş) 10'lu,Bebek Ürünleri,"229,90"
Huggies Drynites Gece Külodu (8-15 yaş) 9'lu,Bebek Ürünleri,"229,90"
Huggies Drynites Gece Külodu (8-15 yaş) 9'lu,Bebek Ürünleri,"229,90"
Huggies Little Swimmers Mayo Bebek Bezi 12-18 Kg 11'li,Bebek Ürünleri,"199,90"
Jahnson Baby Pişik Önleyici Krem 100 ML,Bebek Ürünleri,"299,90"
Johnson's Baby Aloe Veralı Bebek Yağı 300 Ml,Bebek Ürünleri,"249,90"
Johnson's Baby Bedtime Bebek Yağı 300 Ml,Bebek Ürünleri,"249,90"
Johnson's Baby Gold Pompalı Bebek Şampuan 750 Ml,Bebek Ürünleri,"239,90"
Johnson's Baby Hafif Parfümlü Bebek Vazelini 100 Ml,Bebek Ürünleri,"189,90"
Johnson's Baby Işıldayan Parlaklık Şampuan 750 Ml,Bebek Ürünleri,"284,90"
Johnson's Baby Işıldayan Parlaklık Serisi Kolay Tarama Spreyi 200 Ml,Bebek Ürünleri,"239,90"
Johnson's Baby Kremli Şampuan 500 Ml,Bebek Ürünleri,"213,90"
Johnson's Baby Kulak Temizleme Çubuğu 100'lü,Bebek Ürünleri,"89,90"
Johnson's Baby Parfümsüz Bebek Vazelini 100 Ml,Bebek Ürünleri,"189,90"
Johnson's Baby Şampuan 750 Ml+200 Ml,Bebek Ürünleri,"239,95"
Johnson's Kral Şakir Bebek Şampuanı 500 Ml,Bebek Ürünleri,"179,90"
Johnson's Kral Şakir Işıldayan Parlaklık Şampuan 500 Ml,Bebek Ürünleri,"213,90"
Johnson's Morning Dew Bebek Kolonyası 100 Ml,Bebek Ürünleri,"122,90"
Lux Göğüs Pedi 20'li,Bebek Ürünleri,"55,95"
Milupa Aptamil Bebek Sütü Prosyneo 1 Numara 400 Gr,Bebek Ürünleri,"699,90"
Milupa Aptamil Bebek Sütü Prosyneo 2 Numara 400 Gr,Bebek Ürünleri,"699,90"
Milupa Aptamil Bebek Sütü Prosyneo 3 Numara 400 Gr,Bebek Ürünleri,"699,90"
Milupa Aptamil Prosyneo Bebek Sütü 1 800 Gr,Bebek Ürünleri,"1.299,90"
Milupa Aptamil Prosyneo Bebek Sütü 2 800 Gr,Bebek Ürünleri,"1.299,90"
Milupa Aptamil Prosyneo Çocuk Devam Sütü 3 800 Gr,Bebek Ürünleri,"1.299,90"
Milupa Organik Kavanoz Sütlaç 125 Gr,Bebek Ürünleri,"74,90"
Milupa Organik Kayısı Muz Kavanoz Maması 125 Gr,Bebek Ürünleri,"74,90"
Milupa Organik Şeftali Elma Kavanoz Maması 125 Gr,Bebek Ürünleri,"74,90"
Molfix 3D Ultra Fırsat Paketi Maxi 4 7-14 Kg Bebek Bezi 100'lü,Bebek Ürünleri,"459,90"
Molfix 4 Beden Maxi 7-14 Kg 60 Adet,Bebek Ürünleri,"310,00"
Molfix 5 Numara Junior 48'li Bebek Bezi,Bebek Ürünleri,"310,00"
Molfix Bebek Bakım Örtüsü 60*60 Cm 10 Adet,Bebek Ürünleri,"159,90"
Molfix Bebek Bezi 1 Beden Yenidoğan Fırsat Paketi 88 Adet,Bebek Ürünleri,"310,00"
Molfix Bebek Bezi 2 Beden Mini Fırsat Paketi 80 Adet,Bebek Ürünleri,"310,00"
Molfix Bebek Bezi 6 Beden Ekstra Large Fırsat Paketi 39 Adet,Bebek Ürünleri,"310,00"
Molfix Bebek Bezi Beden 4+ (9-16Kg) Maxi Plus 52 Adet,Bebek Ürünleri,"310,00"
Molfix Bebek Bezi Beden:3 (4-9Kg) Midi 68 Adet,Bebek Ürünleri,"310,00"
Molfix Extra Large 6 Kilot Bez 37 Adet,Bebek Ürünleri,"289,90"
Molfix Junior 5 Kilot Bez 44 Adet,Bebek Ürünleri,"289,90"
Molfix Maxi 4 Külot bez 56 Adet,Bebek Ürünleri,"289,90"
Molfıx Premıum Maxı 86'Lı Ultra Fırsat Pkt.,Bebek Ürünleri,"459,90"
Molfıx Premıum E.Large 34'Lu Fırsat Pkt.,Bebek Ürünleri,"310,00"
Molfıx Premıum Junıor 42'Li Fırsat Pkt.,Bebek Ürünleri,"310,00"
Molfıx Premıum Maxı 54'Lu Fırsat Pkt.,Bebek Ürünleri,"310,00"
Molfıx Premıum Mıdı 60'LI Fırsat Pkt.,Bebek Ürünleri,"310,00"
Molfıx Premıum Mını 70'Lı Fırsat Pkt.,Bebek Ürünleri,"310,00"
Pınar Devam Sütü 500 Ml,Bebek Ürünleri,"49,95"
Prima Aktif 4 Beden 9-15 Kg 25 Adet Bebek Külot Bez,Bebek Ürünleri,"375,90"
Prima Aktif Bebek Fırsat Paketi Bebek Bezi Beden:6 40'lı,Bebek Ürünleri,"699,90"
Prima Aktif Bebek Fırsat Paketi Bebek Bezi Beden:8,Bebek Ürünleri,"699,90"
Prima Aktif Bebek Fırsat Paketi Junior Bebek Bezi Beden: 5 46'lı,Bebek Ürünleri,"699,90"
Prima Harmonie 6 Beden 18'li Külot Bez,Bebek Ürünleri,"375,90"
Prima Pampers Aktif Bebek Bezi Beden:7 34'lü,Bebek Ürünleri,"699,90"
Prima Pampers Aktif Bebek Fırsat Paketi Bebek Bezi Beden:3 62'li,Bebek Ürünleri,"699,90"
Prima Pampers Aktif Bebek Fırsat Paketi Bebek Bezi Beden:4 54'lü,Bebek Ürünleri,"699,90"
Prima Premium Care 2 Beden Bebek Bezi 30'lu,Bebek Ürünleri,"199,90"
Prima Premium Care 3 Beden Bebek Bezi 26'lı,Bebek Ürünleri,"199,90"
Prima Premium Care 7 Beden Bebek Bezi 30'lu,Bebek Ürünleri,"790,90"
Prima Premıum Care Ekonomik Bebek Bezi 1 Beden 70 Adet,Bebek Ürünleri,"790,90"
Prima Premıum Care Ekonomik Bebek Bezi 3 Beden 52 Adet,Bebek Ürünleri,"790,90"
Prima Premıum Care Ekonomik Bebek Bezi 4 Beden 46 Adet,Bebek Ürünleri,"790,90"
Prima Premıum Care Ekonomik Bebek Bezi 5 Beden 42 Adet,Bebek Ürünleri,"790,90"
Prima Premıum Care Ekonomik Bebek Bezi 6 Beden 35 Adet,Bebek Ürünleri,"790,90"
Sebamed Bebek Losyonu 200 Ml,Bebek Ürünleri,"376,50"
Sebamed Bebek Şampuanı 500 Ml,Bebek Ürünleri,"357,90"
Sma Optipro 2 6-12 Ay Bebek Sütü 400 Gr,Bebek Ürünleri,"589,95"
Sma Optipro 2 6-12 Ay Bebek Sütü 800 Gr,Bebek Ürünleri,"1.059,95"
Sma Optipro 3 1-3 Yaş Devam Sütü 400 Gr,Bebek Ürünleri,"589,95"
Sma Optipro 3 1-3 Yaş Devam Sütü 800 Gr,Bebek Ürünleri,"1.059,95"
Ülker Bebe Bisküvisi 400 Gr,Bebek Ürünleri,"82,50"
Ülker Bebe Sütlü Bisküvi 172 Gr,Bebek Ürünleri,"40,00"
Ülker Bebe Sütlü Bisküvi 800 Gr,Bebek Ürünleri,"158,00"
Unı Baby Bebek Şampuanı 700 Ml,Bebek Ürünleri,"159,90"
Uni Baby Bebek Temizleme Pamuğu 60lı,Bebek Ürünleri,"125,90"
Uni Baby Çamaşır Deterjanı 1500 Ml,Bebek Ürünleri,"299,90"
Uni Baby Çamaşır Yumuşatıcı 1500 Ml,Bebek Ürünleri,"159,90"
Uni Baby Kolay Tarama Spreyi 200 Ml,Bebek Ürünleri,"199,95"
Unı Baby Papatya Özlü Bebek Şampuanı 700 ml,Bebek Ürünleri,"159,90"
Uni Baby Saç ve Vücut Şampuanı 900 Ml,Bebek Ürünleri,"179,90"
Uni Baby Sensitive Çamaşır Deterjanı 1500 Ml,Bebek Ürünleri,"359,90"
Uni Baby Vücut Temizleme Havlusu XXL 50 Yaprak,Bebek Ürünleri,"89,90"
Uni Baby Yenidoğan Sıvı Çamaşır Sabunu 1500 Ml,Bebek Ürünleri,"299,90"
ABC Bahar Tutkusu Yüzey Temizleyicisi 2500 Ml,Deterjan ve Temizlik,"109,90"
ABC Beyaz İnci Yüzey Temizleyici 2500 Ml,Deterjan ve Temizlik,"109,90"
ABC Cam Temizleyici 750 Ml,Deterjan ve Temizlik,"44,93"
ABC Dağ Rüzgarı Ultra Çamaşır Suyu 3250 Ml,Deterjan ve Temizlik,"169,90"
ABC Dağ Rüzgarı Ultra Çamaşır Suyu 750 Ml,Deterjan ve Temizlik,"48,68"
ABC İpeksi Yumuşaklık Aşk Çamaşır Yumuşatıcısı 5 Lt,Deterjan ve Temizlik,"149,93"
ABC İpeksi Yumuşaklık Huzur Çamaşır Yumuşatıcısı 5 Lt,Deterjan ve Temizlik,"149,93"
ABC İpeksi Yumuşaklık Tutku Çamaşır Yumuşatıcısı 5 Lt,Deterjan ve Temizlik,"149,93"
ABC Jel Power Beyazlar İçin Sıvı Çamaşır Deterjanı 2145 Ml,Deterjan ve Temizlik,"149,93"
ABC Jel Power Renkliler İçin Sıvı Çamaşır Deterjanı 2145 Ml,Deterjan ve Temizlik,"149,93"
ABC Karbonatlı Ultra Çamaşır Suyu 3250 Ml,Deterjan ve Temizlik,"169,90"
ABC Karbonatlı Ultra Çamaşır Suyu 750 Ml,Deterjan ve Temizlik,"48,68"
ABC Matik Gül Tutkusu Çamaşır Deterjanı 6 Kg,Deterjan ve Temizlik,"224,93"
ABC Matik Lavanta Tazeliği Çamaşır Deterjanı 6 Kg,Deterjan ve Temizlik,"224,93"
ABC Misket Limonlu Bulaşık Deterjanı 4 Lt,Deterjan ve Temizlik,"149,93"
ABC Parfumia Gizemli Lotus Konsantre Yumuşatıcı 1440 Ml,Deterjan ve Temizlik,"112,43"
ABC Parfumia Romantik Gül Konsantre Yumuşatıcı 1440 Ml,Deterjan ve Temizlik,"112,43"
ABC Parfumia Tutkulu Dahlia Konsantre Yumuşatıcı 1440 Ml,Deterjan ve Temizlik,"112,43"
ABC Pembe Tutku Yüzey Tezmizleyicisi 2500 Ml,Deterjan ve Temizlik,"109,90"
ABC Renkliler İçin Sıvı Çamaşır Deterjanı 3000 Ml,Deterjan ve Temizlik,"164,93"
ABC Sıvı Sık Yıkanan Çamaşırlara Özel Çamaşır Deterjanı 2700 Ml,Deterjan ve Temizlik,"164,93"
ABC Siyahlar İçin Sıvı Çamaşır Deterjanı 2700 Ml,Deterjan ve Temizlik,"164,93"
ABC Ultra Çamaşır Suyu Bembeyaz 750 Ml,Deterjan ve Temizlik,"48,68"
Ace Bahar Çamaşır Suyu 1 Lt,Deterjan ve Temizlik,"74,90"
Ace Bahar Çamaşır Suyu 2 Lt,Deterjan ve Temizlik,"89,90"
Ace Bahar Çamaşır Suyu 4 Lt,Deterjan ve Temizlik,"214,95"
Ace Klasik Çamaşır Suyu 1 Lt,Deterjan ve Temizlik,"74,90"
Ace Klasik Çamaşır Suyu 2 Lt,Deterjan ve Temizlik,"89,90"
Ace Klasik Çamaşır Suyu 4 Lt,Deterjan ve Temizlik,"214,95"
Ace Lavanta Kokulu Çamaşır Suyu 1 Lt,Deterjan ve Temizlik,"74,90"
Ace Platinum Anadolu Ferahlığı 1 Lt,Deterjan ve Temizlik,"89,90"
Ace Platinum Anadolu Ferahlığı 4 Lt,Deterjan ve Temizlik,"279,90"
Ace Platinum Bahar Çiçeği 4 Lt,Deterjan ve Temizlik,"279,90"
Ace Ultra Banyo Kireç Çözücü Sprey 700 Ml,Deterjan ve Temizlik,"134,95"
Ace Ultra Genel Kullanım Temizleyici Sprey,Deterjan ve Temizlik,"134,95"
Ace Ultra Kıvamlı Dağ Ferahlığı Çamaşır Suyu 810 Gr,Deterjan ve Temizlik,"77,95"
Ace Ultra Köpük Çiçek Kokulu Çamaşır Suyu 700 Ml,Deterjan ve Temizlik,"134,95"
Ace Ultra Mutfak Yağ Çözücü Sprey 700 Ml,Deterjan ve Temizlik,"134,95"
Ace Ultra Power Jel Çiçek Kokulu Çamaşır Suyu &Yağ Çözücü 810 Gr,Deterjan ve Temizlik,"77,95"
Ace Ultra Power Jel Çiçek Kokulu Çamaşır Suyu 810 Gr,Deterjan ve Temizlik,"77,95"
Air Wick Deco Sphere Mango&Turunç Kokulu Oda Kokusu 2'li,Deterjan ve Temizlik,"499,90"
Air Wick Deco Sphere Mango&Turunç Oda Kokusu,Deterjan ve Temizlik,"299,90"
Air Wick Elektirikli Kit Oda Kokusu Lavanta 19 Ml,Deterjan ve Temizlik,"399,90"
Air Wick Elektirikli Kit Oda Kokusu Temizlik Esintisi 19 Ml,Deterjan ve Temizlik,"399,90"
Air Wick Elektirikli Kit Oda Kokusu Yedek Bahar Çiçekleri 19 Ml,Deterjan ve Temizlik,"199,90"
Air Wick Eliktirikli Kit Oda Kokusu Yedek Temizlik Esintisi 19 Ml,Deterjan ve Temizlik,"199,90"
Air Wick Freshmatic Bahar Çiçekleri Kokulu Oda Kokusu Yedek Sprey 250 Ml,Deterjan ve Temizlik,"199,90"
Air Wick Freshmatic Bahar Çiçekleri Yedekli Oda Kokusu,Deterjan ve Temizlik,"599,90"
Air Wick Freshmatic Lavanta Kokulu Oda Kokusu Yedek Sprey 250 Ml,Deterjan ve Temizlik,"199,90"
Air Wick Freshmatic Makine + Lavanta Kokulu Yedek Oda Kokusu Spreyi,Deterjan ve Temizlik,"599,90"
Air Wick Freshmatic Temizliğin Esintisi Yedek Oda Kokusu Spreyi 250 Ml,Deterjan ve Temizlik,"199,90"
Air Wick Lavanta Esintisi Oda Kokusu 300 Ml,Deterjan ve Temizlik,"179,90"
Air Wick Manolya ve Kiraz Çiçekleri Kokulu Oda Kokusu 300 Ml,Deterjan ve Temizlik,"179,90"
Air Wick Okyanus Ferahlığı Oda Kokusu 300 Ml,Deterjan ve Temizlik,"179,90"
Air Wick Stick Ups Lavanta Kokulu Oda Kokusu,Deterjan ve Temizlik,"179,90"
Airwick Pembe Çiçek Kokulu Bambu Çubuk 25 Ml,Deterjan ve Temizlik,"199,90"
Alo Kar Çiçeği Beyaz&Renkli Toz Çamaşır Deterjanı 4 Kg,Deterjan ve Temizlik,"291,95"
"Alo Kar Çiçeği Ferahlığı Beyaz&Renkliler için Toz Çamaşır Deterjanı 1,5 Kg",Deterjan ve Temizlik,"139,95"
Ariel 18 Yıkama Canlı Parlak Renkliler Sıvı Çamaşır Deterjanı,Deterjan ve Temizlik,"149,90"
Ariel Beyazlar Dağ Esintisi 4 Kg,Deterjan ve Temizlik,"299,90"
Ariel Dağ Esintisi Beyazlar İçin Toz Deterjan 7 Kg,Deterjan ve Temizlik,"489,90"
"Ariel Dağ Esintisi Toz Çamaşır Deterjanı 1,5 Kg",Deterjan ve Temizlik,"149,90"
Ariel Hepsi1Arada Pods Dağ Esintisi 12 Yıkama,Deterjan ve Temizlik,"239,90"
Ariel Hepsi1Arada Pods Dağ Esintisi 25 Yıkama,Deterjan ve Temizlik,"379,90"
Ariel Oxi 24 Yıkama Sıvı Çamaşır Deterjanı,Deterjan ve Temizlik,"199,90"
Ariel Oxi Ekstra Leke Çıkarma 20 Yıkama,Deterjan ve Temizlik,"379,90"
"Ariel Oxi Extra Hijyen 5,5 kg",Deterjan ve Temizlik,"459,90"
"Ariel Oxi Extra Hijyen Renkliler Toz Deterjan 5,5 kg",Deterjan ve Temizlik,"459,90"
"Ariel Oxi Leke Çıkarıcı Etkili Toz Çamaşır Deterjanı 8 Yıkama 1,2 Kg",Deterjan ve Temizlik,"149,90"
"Ariel Parlak Renkler Renkliler İçin Toz Çamaşır Deterjanı 1,5 Kg",Deterjan ve Temizlik,"149,90"
Ariel Parlak Renkler Renkliler İçin Toz Çamaşır Deterjanı 7 Kg,Deterjan ve Temizlik,"489,90"
Ariel Parlak Renkler Renkliler için Toz Deterjan 26 Yıkama 4 Kg,Deterjan ve Temizlik,"299,90"
Bingo Amonyaklı Krem Banyo Temizleyici 750 Ml,Deterjan ve Temizlik,"79,90"
Bingo Arındırıcı Ekili Giysi Şampuanı 3 litre,Deterjan ve Temizlik,"219,90"
Bingo Bulaşık Makinesi Parlatıcısı 400 Ml,Deterjan ve Temizlik,"89,90"
Bingo Fresh Lavanta Çiçekleri Yüzey Temizleyici 1 Lt,Deterjan ve Temizlik,"64,90"
Bingo Fresh Lovely Yüzey Temizleyici 1 Lt,Deterjan ve Temizlik,"64,90"
"Bingo Fresh Lovely Yüzey Temizleyici 2,5 Lt",Deterjan ve Temizlik,"109,90"
Bingo Fresh Manolya Bahçesi Yüzey Temizleyici 1 Lt,Deterjan ve Temizlik,"64,90"
"Bingo Fresh Manolya Bahçesi Yüzey Temizleyici 2,5 Lt",Deterjan ve Temizlik,"109,90"
Bingo Fresh Mutlu Yuvam Yüzey Temizleyici 1 Lt,Deterjan ve Temizlik,"64,90"
Bingo Fresh Pembe Düşler Yüzey Temizleyici 1 Lt,Deterjan ve Temizlik,"64,90"
"Bingo Fresh Pembe Düşler Yüzey Temizleyicisi 2,5 Lt",Deterjan ve Temizlik,"109,90"
Bingo Fresh Toz Al Lovely Sprey Yüzey Temizleyici 750 Ml,Deterjan ve Temizlik,"99,90"
Bingo Hepsi Bir Arada Bulaşık Tableti 36 Adet,Deterjan ve Temizlik,"299,90"
Bingo Hepsi Bir Arada Bulaşık Tableti 40 Adet,Deterjan ve Temizlik,"239,90"
Bingo Hepsi Bir Arada Bulaşık Tableti 50 Adet,Deterjan ve Temizlik,"249,90"
Bingo Krem Limon Kokulu Mutfak Temizleyicisi 750 Ml,Deterjan ve Temizlik,"79,90"
Bingo Limon Kokulu Sıvı Bulaşık Deterjanı 650 Gr,Deterjan ve Temizlik,"59,90"
Bingo Lovely Renkliler İçin Parfümlü Toz Deterjan 26 Yıkama 4 Kg,Deterjan ve Temizlik,"239,90"
Bingo Mandalina Kokulu Sıvı Bulaşık Deterjanı 650 Ml,Deterjan ve Temizlik,"59,90"
Bingo Matik Konstre Renkli&Beyazlar İçin Toz Deterejan 6 Kg,Deterjan ve Temizlik,"349,90"
Bingo Matik Premium Beyazlar İçin Çamaşır Deterjanı 7 Kg,Deterjan ve Temizlik,"299,90"
"Bingo Matik Renkliler için Toz Çamaşır Deterjanı 1,5 Kg",Deterjan ve Temizlik,"119,90"
Bingo Okaliptus Derinlemesine Hijyen Çamaşır Suyu 4000 Ml,Deterjan ve Temizlik,"219,90"
Bingo Oksijen Çam Kokulu Çamaşır Suyu 750 Ml,Deterjan ve Temizlik,"64,95"
Bingo Oksijen Çam Kokulu Hijyen Çamaşır Suyu 4000 Ml,Deterjan ve Temizlik,"219,90"
Bingo Oksijen Limon Kokulu Çamaşır Suyu 750 Ml,Deterjan ve Temizlik,"64,95"
Bingo Oksijen Okaliptus Çamaşır Suyu 750 Ml,Deterjan ve Temizlik,"64,95"
Bingo Oksijen Okaliptus Kokulu Oksijenli Çamaşır Suyu 1850 Ml,Deterjan ve Temizlik,"109,90"
Bingo Ov Limon Kokulu Yüzey Temizleyici 500 Gr,Deterjan ve Temizlik,"54,90"
Bingo Pro Max Akıllı Bulaşık Kapsülü 60'Lı,Deterjan ve Temizlik,"299,90"
Bingo Renkli&Beyaz Çamaşırlar İçin Toz Deterjan 30 Yıkama 4 Kg,Deterjan ve Temizlik,"239,90"
Bingo Sıvı Deterjan Amber 1755Ml,Deterjan ve Temizlik,"139,90"
Bingo Sıvı Deterjan Amber 2600Ml,Deterjan ve Temizlik,"239,90"
Bingo Sıvı Deterjan Beyaz Sabun 1755Ml,Deterjan ve Temizlik,"139,90"
Bingo Sıvı Deterjan Beyaz Sabun 2600Ml,Deterjan ve Temizlik,"239,90"
Bingo Soft Konsantre Mutlu Yuvam Yumuşatıcı 1440 Ml,Deterjan ve Temizlik,"149,90"
Bingo Soft Konsantre Yumuşatıcı Begonvil 1440 Ml,Deterjan ve Temizlik,"149,90"
Bingo Soft Konsantre Yumuşatıcı Lavanta 1440 Ml,Deterjan ve Temizlik,"149,90"
Bingo Soft Konsantre Yumuşatıcı Lilyum 1440 Ml,Deterjan ve Temizlik,"149,90"
Bingo Soft Kuzumun Kokusu Yumuşatıcı 3000 Ml,Deterjan ve Temizlik,"139,90"
Bingo Soft Kuzumun Kokusu Yumuşatıcı 5000 Ml,Deterjan ve Temizlik,"199,90"
Bingo Soft Lovely Yumuşatıcı 3 Lt,Deterjan ve Temizlik,"139,90"
Bingo Soft Sensitive Yumuşatıcı 3 Lt,Deterjan ve Temizlik,"139,90"
"Bingo Ultra Beyaz Beyazlar için Toz Deterjan 10 Yıkama 1,5 Kg",Deterjan ve Temizlik,"119,90"
Bref Deluxe Manolya Kokulu Tuvalet Bloğu 2'li,Deterjan ve Temizlik,"179,90"
"Bref Dixi Çam Kokulu Yüzey Temizleyici 2,5 lt",Deterjan ve Temizlik,"139,90"
Bref Dixi Çam Kokulu Yüzey Temizleyici 900 ml,Deterjan ve Temizlik,"69,90"
Bref Dixi Yaban Gülü Kokulu Yüzey Temizleyici 900 ml,Deterjan ve Temizlik,"69,90"
Bref Power Aktif Okyanus Ferahlığı Tuvalet Bloğu,Deterjan ve Temizlik,"59,90"
Bref Power Aktif Okyanus Tuvalet Bloğu 42 Gr,Deterjan ve Temizlik,"179,90"
Bref Power Aktiv Çam Kokulu Tuvalet Bloğu,Deterjan ve Temizlik,"59,90"
Bref Power Aktıv Çam Kokulu Tuvalet Bloğu 2'li,Deterjan ve Temizlik,"139,90"
Bref Power Aktıv Lavander Field Tuvalet Bloğu 2'li,Deterjan ve Temizlik,"139,90"
Bref Power Aktıv Limon Kokulu Tuvalet Bloğu 2'li,Deterjan ve Temizlik,"139,90"
Bref Power Aktıv Ocean Breeze Tuvalet Bloğu 2'li,Deterjan ve Temizlik,"139,90"
Calgon Kireç Önleyici 4ü1 Arada Ultra Konsantre Toz 250 Gr,Deterjan ve Temizlik,"175,90"
Camsil Beyaz Sirkeli Cam Temizleyici 500 Ml,Deterjan ve Temizlik,"74,90"
Camsil Original + Yedek Cam Temizleyici 1 Lt,Deterjan ve Temizlik,"149,90"
Canped Vücut Temizleme Havlusu 48'li,Deterjan ve Temizlik,"72,95"
Cif Kırmızı Her Yer Leke Uzmanı Sprey 750 Ml,Deterjan ve Temizlik,"79,90"
Cif Krem Amonyaklı 1500ML,Deterjan ve Temizlik,"199,90"
Cif Krem Amonyaklı Mutfak ve Banyo Temizleyici 500 Ml,Deterjan ve Temizlik,"71,90"
Cif Krem Amonyaklı Mutfak ve Banyo Temizleyici 750 Ml,Deterjan ve Temizlik,"79,95"
Cif Krem Amonyaklı Mutfak ve Banyo Temizleyici 750 Ml + Cif Krem Limon Kokulu Mutfak ve Banyo Temizleyici 750 Ml,Deterjan ve Temizlik,"175,90"
Cif Krem Gold 16X500ML,Deterjan ve Temizlik,"71,90"
Cif Krem Gold 16X750ML,Deterjan ve Temizlik,"79,95"
Cif Krem Limon Kokulu Mutfak ve Banyo Temizleyici 500 Ml,Deterjan ve Temizlik,"71,90"
Cif Krem Limon Kokulu Mutfak ve Banyo Temizleyici 750 Ml,Deterjan ve Temizlik,"79,95"
Cif Krem Limonlu 1500ML,Deterjan ve Temizlik,"199,90"
Cif Krem Sprey 750 Ml,Deterjan ve Temizlik,"113,90"
Cif Lotus Yüzey Temizleyici 1500 Ml,Deterjan ve Temizlik,"85,90"
Cif Perfect Power Kireç ve Pas Sökücü Sprey 435 Ml,Deterjan ve Temizlik,"145,90"
Cif Perfect Power Ocak&Mangal Fırın Spreyi 435 Ml,Deterjan ve Temizlik,"145,90"
Cif Power&Shine Banyo Temizleyici Sprey 750 Ml,Deterjan ve Temizlik,"135,90"
Cif Power&Shine Ultra Yağ Çözücü Mutfak Temizleyici 750 Ml,Deterjan ve Temizlik,"135,90"
Cif Sakura Yüzey Temizleyici 1500 Ml,Deterjan ve Temizlik,"85,90"
Cif Tüm Yüzeyler Bahar Ferahlığı Jel Yüzey Temizleyici 750 Ml,Deterjan ve Temizlik,"99,90"
Cif Tüm Yüzeyler Çiçek Ferahlığı Jel Yüzey Temizleyici 750 Ml,Deterjan ve Temizlik,"99,90"
Cif Ultra Anında Etki 9X1025ML,Deterjan ve Temizlik,"125,90"
Cif Ultra Anında Etki Sakura Parfümlü Kir Ve Yağ Sökücü 1025 Ml,Deterjan ve Temizlik,"125,90"
Cif Ultra Hız & Güç Kir ve Kireç Sökücü 1000 ml,Deterjan ve Temizlik,"99,90"
Cillit Bang Kir ve Kireç Sökücü Sprey Banyo Temizleyici 750 Ml,Deterjan ve Temizlik,"127,95"
Cillit Bang Turbo Lavabo Açıcı 500 Ml,Deterjan ve Temizlik,"179,95"
Cillit Bang Yağ Çözücü Sprey 750 Lt,Deterjan ve Temizlik,"127,95"
Cleaner Mikrofiber Temizlik Bezi 4'lü,Deterjan ve Temizlik,"79,90"
Clin Çok Amaçlı Cam Temizleyici Sprey 500 Ml,Deterjan ve Temizlik,"149,90"
Clin Limon Kokulu Cam Temizleyici Sprey 500 Ml,Deterjan ve Temizlik,"149,90"
Dalan Roxy %100 Bitkisel Yağlardan Oluşan Toz Sabun 800 Gr,Deterjan ve Temizlik,"135,50"
Dalan Zeytinyağlı Doğal Granül Sabun 32 Yıkama 1 Kg,Deterjan ve Temizlik,"199,90"
Defans Sinek Kovucu Vücut Losyonu 100 Ml,Deterjan ve Temizlik,"275,00"
Defans Sinek Kovucu Vücut Spreyi,Deterjan ve Temizlik,"300,00"
Defans Su Bazlı Sinek Kovucu Vücut Losyonu 100 Ml,Deterjan ve Temizlik,"162,25"
Detan Böcekkıran Köpük Haşere İlacı 275 Ml,Deterjan ve Temizlik,"199,90"
Detan Maxi Haşere Öldürücü Sprey 250 Ml,Deterjan ve Temizlik,"302,25"
Detan Sinek Kovucu Süper Mat Tablet 20 Gece,Deterjan ve Temizlik,"153,85"
Detan Sinekkıran Kokusuz Sinek İlacı,Deterjan ve Temizlik,"223,85"
Detan Sinekkıran Sinek İlacı,Deterjan ve Temizlik,"162,25"
Detan Süper Elektrolikit 30 Gece Cihazı+Yedek Şişe,Deterjan ve Temizlik,"349,85"
Detan Süper Elektrolikit 30 Gece Yedek Şişe,Deterjan ve Temizlik,"181,85"
Detan Süper Mat Cihaz + 10 Yedek Sinek Kovucu,Deterjan ve Temizlik,"232,25"
Domestos Guc Duo Pack Limonlu Wc Blok 5'Li,Deterjan ve Temizlik,"89,90"
Domestos 5'li Güç Çam Ferahlığı İkiliTuvalet Bloğu,Deterjan ve Temizlik,"89,90"
Domestos 5'li Güç Çam Ferahlığı Tuvalet Bloğu,Deterjan ve Temizlik,"99,90"
Domestos 5'li Güç Manolya Ferahlığı İkili Tuvalet Bloğu,Deterjan ve Temizlik,"89,90"
Domestos 5'li Güç Manolya Ferahlığı Tuvalet Bloğu,Deterjan ve Temizlik,"99,90"
Domestos 5'li Güç Okyanus Ferahlığı İkili Tuvalet Bloğu,Deterjan ve Temizlik,"89,90"
Domestos Beyaz Sabun Ferahlığı Çamaşır Suyu 750 Ml,Deterjan ve Temizlik,"74,90"
Domestos Beyaz Sabun Köpük Gücü Çamaşır Suyu 450 Ml,Deterjan ve Temizlik,"125,90"
Domestos Bio Active Mutfak 750 ml,Deterjan ve Temizlik,"74,90"
Domestos Çam Kokulu Yüzey Temizleyici 1500 Ml,Deterjan ve Temizlik,"115,90"
Domestos Çiçek Kokulu Yüzey Temizleyici 1500 Ml,Deterjan ve Temizlik,"115,90"
Domestos Dağ Esintisi 806 Ml+Domestos Kar Beyazı Çamaşır Suyu 806 Ml,Deterjan ve Temizlik,"139,90"
Domestos Dağ Esintisi Çamaşır Suyu 1850 Ml,Deterjan ve Temizlik,"155,90"
Domestos Dağ Esintisi Çamaşır Suyu 3240 Ml,Deterjan ve Temizlik,"159,90"
Domestos Dağ Esintisi Çamaşır Suyu 750 Ml,Deterjan ve Temizlik,"74,90"
Domestos Derz Temizleyici Köpük Gücü Temizlik Spreyi 450 Ml,Deterjan ve Temizlik,"125,90"
Domestos Hijyenik Çok Amaçlı Sprey Çamaşır Suyu 750 Ml,Deterjan ve Temizlik,"125,90"
Domestos Hijyenik Köpük Çam Ferahlığı Çamaşır Suyu 450 Ml,Deterjan ve Temizlik,"125,90"
Domestos Kar Beyazı Çamaşır Suyu 1850 Ml,Deterjan ve Temizlik,"155,90"
Domestos Kar Beyazı Çamaşır Suyu 3240 Ml,Deterjan ve Temizlik,"159,90"
Domestos Kar Beyazı Çamaşır Suyu 750 Ml,Deterjan ve Temizlik,"74,90"
Domestos Kötü Koku Avcısı Çamaşır Suyu 1850 Ml,Deterjan ve Temizlik,"155,90"
Domestos Limon Ferahlığı Çamaşır Suyu 1850 Ml,Deterjan ve Temizlik,"155,90"
Domestos Limon Ferahlığı Çamaşır Suyu 750 Ml,Deterjan ve Temizlik,"74,90"
Domestos Lux Hibiskus & Kırmızı Meyveler Wc Blok 2'li,Deterjan ve Temizlik,"89,90"
Domestos Lux Yıldız Çiçeği & Ejder Meyvesi Wc Blok 2'li,Deterjan ve Temizlik,"89,90"
Domestos Okaliptus Çamaşır Suyu 1850 Ml,Deterjan ve Temizlik,"155,90"
Domestos Okaliptus Ferahlığı 750 Ml,Deterjan ve Temizlik,"74,90"
Domestos Okaliptus Ferahlığı Çamaşır Suyu 3240 Ml,Deterjan ve Temizlik,"159,90"
Domestos Okyanus Yüzey Temizleyici 1500 Ml,Deterjan ve Temizlik,"115,90"
Duru Beyaz Sabun Kokulu Islak Mendil 50 Adet,Deterjan ve Temizlik,"49,90"
Duru Doğal Granül Matik Sabun Lavanta 1.6 Kg,Deterjan ve Temizlik,"399,90"
Duru Granül Matik Klasik Sabun 25 Yıkama 1000 Gr,Deterjan ve Temizlik,"289,90"
Duru Granül Matik Lavanta Kokulu Sabun 25 Yıkama 1000 Gr,Deterjan ve Temizlik,"289,90"
Duru Klasik Doğal Granül Sabun 1600 Gr,Deterjan ve Temizlik,"399,90"
Ernet Çilek Kokulu Büzgülü Büyük Boy Çöp Torbası 10'lu,Deterjan ve Temizlik,"109,90"
Ernet Jumbo Boy Çöp Torbası,Deterjan ve Temizlik,"129,90"
Ernet Lavanta Kokulu Büzgülü Büyük Boy Çöp Torbası 15'li,Deterjan ve Temizlik,"109,90"
Ernet Limon Kokulu Büzgülü Büyük Boy Çöp Torbası 10'lu,Deterjan ve Temizlik,"109,90"
Ernet Limon Kokulu Büzgülü Orta Boy Çöp Torbası 15'li,Deterjan ve Temizlik,"109,90"
Ersan Klasik Mop Havlu Yedek Başlığı,Deterjan ve Temizlik,"99,90"
Ersan Mikrofiber Temizlik Bezi,Deterjan ve Temizlik,"45,50"
Ersan Mop Fiber Yedek Paspas,Deterjan ve Temizlik,"74,90"
Ersan Mop Sapı,Deterjan ve Temizlik,"99,90"
Ersan Temizlik Bezi 9'lu,Deterjan ve Temizlik,"72,50"
Fairy Bulaşık Makinası Platinium Tablet 75'li,Deterjan ve Temizlik,"559,90"
Fairy Elma Kokulu Sıvı Bulaşık Deterjanı 1500 Ml,Deterjan ve Temizlik,"149,90"
Fairy Elma Kokulu Sıvı Bulaşık Deterjanı 650 Ml,Deterjan ve Temizlik,"99,90"
Fairy Hepsi Bir Arada Bulaşık Makinesi Kapsülü 70'li,Deterjan ve Temizlik,"399,90"
Fairy Hepsi Bir Arada Bulaşık Makinesi Tableti 60'lı,Deterjan ve Temizlik,"699,90"
Fairy Limon Kokulu Bulaşık Deterjanı 1500 Ml,Deterjan ve Temizlik,"149,90"
Fairy Limon Kokulu Sıvı Bulaşık Deterjanı 2600 Ml,Deterjan ve Temizlik,"299,95"
Fairy Limon Kokulu Sıvı Bulaşık Deterjanı 650 Ml,Deterjan ve Temizlik,"99,90"
Fairy Mucize Tablet 30 Adet,Deterjan ve Temizlik,"495,90"
Fairy Mucize Tablet 50 Adet,Deterjan ve Temizlik,"795,90"
Fairy Platinum Bulaşık Makinesi Tableti 65'li,Deterjan ve Temizlik,"899,90"
Fairy Platinum Hijyen Limonlu Sıvı Bulaşık Deterjanı 1500 Ml,Deterjan ve Temizlik,"195,90"
Fairy Platinum Plus Bulaşık Makinesi Kapsülü 30 Yıkama,Deterjan ve Temizlik,"399,90"
Fairy Platinum Plus Ferah Mavi Hızlı Çözünme Bulaşık Makinesi Tableti 50'li,Deterjan ve Temizlik,"659,90"
Fairy Platinum Plus Limon Kokulu Bulaşık Makinesi Tableti 22'li,Deterjan ve Temizlik,"329,90"
Fairy Platinum Plus Limon Kokulu Bulaşık Makinesi Tableti 40'lı,Deterjan ve Temizlik,"499,90"
Fairy Platinum Plus Tablet 36'lı,Deterjan ve Temizlik,"525,90"
Fairy Platinum Tablet 33'lü,Deterjan ve Temizlik,"239,90"
Fairy Power Sprey 500 Ml,Deterjan ve Temizlik,"169,90"
Fairy Spray 800 ML,Deterjan ve Temizlik,"199,90"
Fakir Parkett Ahşap Temizleyici 1000Ml,Deterjan ve Temizlik,"79,90"
Familia Bambu Özlü Çek Al Mendil 150 Adet,Deterjan ve Temizlik,"39,90"
Familia Desenli Kağıt Peçete 100'lü,Deterjan ve Temizlik,"39,90"
Familia Deterjanlı Temizlik Kağıdı,Deterjan ve Temizlik,"79,90"
Familia Islak Havlu 90' lı,Deterjan ve Temizlik,"69,90"
Familia Jumbo Kağıt Havlu 1=6 Rulo,Deterjan ve Temizlik,"99,90"
Familia Kağıt Peçete 100'lü,Deterjan ve Temizlik,"39,90"
Familia Kağıt Peçete 200'lü,Deterjan ve Temizlik,"89,90"
Familia Naturel Tuvalet Kağıdı 40'lı,Deterjan ve Temizlik,"279,90"
Familia Plus Yağ Emici Kağıt Havlu 6'lı,Deterjan ve Temizlik,"79,90"
Febreze Banyo Lavanta Konforu Oda Kokusu,Deterjan ve Temizlik,"249,90"
Febreze Banyo Temzi Çarşaf Ferahlığı Oda Kokusu,Deterjan ve Temizlik,"249,90"
Finish Bulaşık Makinesi Parlatıcısı 400 Ml,Deterjan ve Temizlik,"146,95"
Finish Bulaşık Makinesi Parlatıcısı 800 Ml,Deterjan ve Temizlik,"199,90"
Finish Bulaşık Makinesi Temizleyicisi 250 Ml,Deterjan ve Temizlik,"199,90"
Finish Hepsi 1 Arada Kaplamalı Temizlik Jel 1000 Ml,Deterjan ve Temizlik,"199,90"
Finish Hepsi Bir Arada Limon Kokulu Konsantre Jel Bulaşık Makinesi Deterjanı 1000 Ml,Deterjan ve Temizlik,"199,90"
Finish Limon Kokulu Bulaşık Makinesi Parlatıcısı 400 Ml,Deterjan ve Temizlik,"146,95"
Finish Limon Kokulu Bulaşık Makinesi Parlatıcısı 800 Ml,Deterjan ve Temizlik,"199,90"
Finish Limon Kokulu Bulaşık Makinesi Temizleyicisi 250 Ml,Deterjan ve Temizlik,"199,90"
Finish Powerball Quantum Bulaşık Makinesi Tableti 40'lı,Deterjan ve Temizlik,"279,90"
Fınısh Quantum Aktive Blue Bulaşık Makinesi Tableti 30'lu,Deterjan ve Temizlik,"215,90"
Fınısh Quantum Bulaşık Tableti 36 Adet,Deterjan ve Temizlik,"319,95"
Finish Quantum Hepsi Bir Arada Bulaşık Makinesi Tableti 50 Yıkama,Deterjan ve Temizlik,"469,90"
Finish Temizlik ve Bakım Seti,Deterjan ve Temizlik,"279,90"
Finish Ultimate Plus 27'li,Deterjan ve Temizlik,"239,90"
Finish Ultimate Plus Limonlu Bulaşık Tableti 60'lı,Deterjan ve Temizlik,"643,95"
Freshmaker Cherry Islak Havlu 100'lü,Deterjan ve Temizlik,"35,90"
Freshmaker Extra Jumbo Islak Havlu 144'lü,Deterjan ve Temizlik,"49,90"
Freshmaker Islak Havlu 3'lü,Deterjan ve Temizlik,"21,90"
Freshmaker Papatya Kokulu Islak Mendil 100'lü,Deterjan ve Temizlik,"35,90"
Freshmaker Premium Bebek Islak Havlu,Deterjan ve Temizlik,"39,90"
Freshmaker Roses Islak Havlu 100'lü,Deterjan ve Temizlik,"35,90"
Freshmaker Vintage Islak Havlu 120'li,Deterjan ve Temizlik,"49,90"
FreshMaker Yüzey Temizlik Havlusu 100'lü,Deterjan ve Temizlik,"99,90"
Freshmaker Zeytinyağlı Islak Havlu 90'lı,Deterjan ve Temizlik,"39,90"
Fresmaker Meyve Kokulu Islak Mendil 100'lü,Deterjan ve Temizlik,"35,90"
Glade Aerosol Lavanta Kokulu Oda Kokusu 300 Ml,Deterjan ve Temizlik,"139,95"
Glade Aerosol Okyanus Sessizliği Oda Kokusu 300 Ml,Deterjan ve Temizlik,"139,95"
Glade Aerosol Oryantal Oud Oda Kokusu 300 Ml,Deterjan ve Temizlik,"139,95"
Glade Banyo Hava Tazeleyici Temiz Çarşaf Ferahlığı,Deterjan ve Temizlik,"89,95"
Glade Banyo Yedek Lavanta,Deterjan ve Temizlik,"89,95"
Glade Çiçek Festivali Aerosol,Deterjan ve Temizlik,"139,95"
Glade Elektrikli Oda Kokusu Kit Bahar Çiçekleri,Deterjan ve Temizlik,"269,95"
Glade Elektrikli Oda Kokusu Kit Temiz Çarşaf Ferahlığı,Deterjan ve Temizlik,"269,95"
Glade Elektrikli Oda Kokusu Yedek Temiz Çarşaf Ferahlığı,Deterjan ve Temizlik,"139,95"
Glade İpeksi Vanilya Aerosol,Deterjan ve Temizlik,"139,95"
Glade Lavanta&Vanilyal Kokulu Otomatik Sprey Oda Kokusu,Deterjan ve Temizlik,"549,95"
Glade Multi Sprey Lavanta Kokulu Oda Kokusu Spreyi 500 Ml,Deterjan ve Temizlik,"119,95"
Glade Multi Sprey Victorian Rose Oda Kokusu Spreyi 500 Ml,Deterjan ve Temizlik,"119,95"
Glade Otomatik Sprey 2'li Yedek Lavanta Ferahlığı ,Deterjan ve Temizlik,"334,95"
Glade Otomatik Sprey Kış Ferahlığı Oda Kokuları,Deterjan ve Temizlik,"219,95"
Glade Otomatik Sprey Kit Temiz Çarşaf Ferahlığı Oda Kokusu,Deterjan ve Temizlik,"549,95"
Glade Otomatik Sprey Lavanta Ferahlığı Oda Kokusu,Deterjan ve Temizlik,"219,95"
Glade Otomatik Sprey Temiz Çarşaf Ferahlığı Oda Kokusu,Deterjan ve Temizlik,"219,95"
"Gülün Büyüsü Toz Çamaşır Deterjanı 1,5 Kg",Deterjan ve Temizlik,"137,90"
K2R Çamaşır Makinesi Temizleyicisi,Deterjan ve Temizlik,"159,90"
K2R Colour Catcher Renk Koruyucu Mendil 10'lu,Deterjan ve Temizlik,"89,90"
Klorak Banyo Temizleyici Sprey 750 Ml,Deterjan ve Temizlik,"88,90"
Klorak Cam Temizleyici Sprey 925 Ml,Deterjan ve Temizlik,"69,90"
Klorak Çamaşır Suyu 2 Lt,Deterjan ve Temizlik,"88,90"
Klorak Çamaşır Suyu 940 Ml,Deterjan ve Temizlik,"54,90"
Klorak Duşakabin Banyo Temizleyici Sprey 750 Ml,Deterjan ve Temizlik,"88,90"
Klorak Fayans ve Derz Temizleyicisi 700 ML,Deterjan ve Temizlik,"52,90"
Klorak Hijyen Beyaz Sabun Yüzey Temizleyicisi,Deterjan ve Temizlik,"55,90"
Klorak Hijyen Çiçek Terapisi Yüzey Temizleyicisi,Deterjan ve Temizlik,"52,90"
Klorak Kireç Sökücü 750 Ml,Deterjan ve Temizlik,"64,90"
Klorak Lilyum Yüzey Temizleyicisi 1000 Ml,Deterjan ve Temizlik,"52,90"
Klorak Lülyum Kokulu Yüzey Temizleyici 1970 ML,Deterjan ve Temizlik,"99,90"
Klorak Mutfak Temizleyici Sprey 750 Ml,Deterjan ve Temizlik,"88,90"
Klorak Silikonlu Yüzey Temizleyicisi,Deterjan ve Temizlik,"88,90"
Klorak Sirkeli Limon Kokulu Temizleyici 750 Ml,Deterjan ve Temizlik,"88,90"
Klorak Tuz Ruhu 600 Ml,Deterjan ve Temizlik,"51,90"
Klorak Yağ Çözücü Sprey 750 Ml,Deterjan ve Temizlik,"88,90"
Koroplast Battal Boy Çöp Torbası,Deterjan ve Temizlik,"121,76"
Koroplast Büyük Boy Çöp Torbası,Deterjan ve Temizlik,"55,26"
Koroplast Çöp Torbası Trend Büzg. Orta Renkli,Deterjan ve Temizlik,"52,46"
Koroplast Güçlü Orta Boy Çöp Torbası,Deterjan ve Temizlik,"55,26"
Koroplast Jumbo Boy Çöp Torbası,Deterjan ve Temizlik,"139,96"
Koroplast Küçük Boy Çöp Torbası,Deterjan ve Temizlik,"62,93"
Koroplast Küçük Boy Çöp Torbası,Deterjan ve Temizlik,"55,26"
Koroplast Kulplu Mutfak Çöp Torbası 15 Adet,Deterjan ve Temizlik,"59,43"
Koroplast Limon Kokulu Ekstra Güçlü Büzgülü Büyük Boy Çöp Torbası,Deterjan ve Temizlik,"111,26"
Koroplast Limon Kokulu Ekstra Güçlü Büzgülü Orta Boy Çöp Torbası,Deterjan ve Temizlik,"111,26"
Koroplast Mandarin Kokulu Büyük Boy Çöp Torbası,Deterjan ve Temizlik,"62,93"
Koroplast Mandarin Kokulu Orta Boy Çöp Torbası,Deterjan ve Temizlik,"55,26"
Koroplast Yasemin Kokulu Orta Boy Çöp Torbası 15 Adet,Deterjan ve Temizlik,"83,26"
Kosla Vanish Leke Çıkarıcı Jel 200 Ml,Deterjan ve Temizlik,"299,90"
Kosla Vanish Oxi Action Gold Beyaz Çamaşırlar İçin Sıvı Leke Çıkarıcı 1000 Ml,Deterjan ve Temizlik,"249,90"
Kosla Vanish Oxi Action Gold Beyaz Çamaşırlar İçin Sıvı Leke Çıkarıcı 2000 Ml,Deterjan ve Temizlik,"589,90"
Kosla Vanish Oxi Action Gold Renkli Çamaşırlar İçin Sıvı Leke Çıkarıcı 1000 Ml,Deterjan ve Temizlik,"249,90"
Kosla Vanish Oxi Action Gold Renkli Çamaşırlar İçin Sıvı Leke Çıkarıcı 2000 Ml,Deterjan ve Temizlik,"589,90"
Life By Fakir Bitkisel Konsantre Yumuşatıcı 1500 Ml,Deterjan ve Temizlik,"159,95"
Marc Çamaşır Makinesi Temizleyicisi 500 Ml,Deterjan ve Temizlik,"159,90"
Marc Mutfak Temizleyici Sprey 750 Ml,Deterjan ve Temizlik,"99,95"
Mc. Cleaner Mikrofiber Temizlik Bezi 3'lü,Deterjan ve Temizlik,"43,50"
Molfıx Izotonik Sulu Hassas Ciltler Islak Havlu 60'lı,Deterjan ve Temizlik,"45,90"
Mr Muscle Aqua Blue Tuvalet Bloğu 2*40 Gr,Deterjan ve Temizlik,"84,95"
Mr Muscle Banyo Temizleyici Sprey 750 Ml,Deterjan ve Temizlik,"119,95"
Mr Muscle Lavabo Açıcı 2*50 Gr,Deterjan ve Temizlik,"99,95"
Mr Muscle Lavabo Açıcı 50 Gr,Deterjan ve Temizlik,"54,95"
Mr Muscle Limon Kokulu Mutfak Temizleyici Sprey 750 Ml,Deterjan ve Temizlik,"119,95"
Mr Muscle Mutfak Temizleyicisi 750 Ml,Deterjan ve Temizlik,"119,95"
Mr Muscle Rezervuar Tuvalet Bloğu 2'li,Deterjan ve Temizlik,"84,95"
Mr. Muscle Active Clean Çam Kokulu Tuvalet Bloğu 2Lİ,Deterjan ve Temizlik,"109,95"
Mr. Muscle Active Clean Marine Tuvalet Bloğu 2'Lİ,Deterjan ve Temizlik,"109,95"
Mr. Muscle Jel Lavabo Açıcı 1000 Ml,Deterjan ve Temizlik,"144,95"
Mr. Muscle Kireç Sökücü Jel Tuvalet Temizleyici 750 ML,Deterjan ve Temizlik,"109,90"
Mr. Muscle Okyanus Serinliği Tuvalet Bloğu,Deterjan ve Temizlik,"59,95"
Mr. Muscle Orman Esintisi Tuvalet Bloğu,Deterjan ve Temizlik,"59,95"
Mr.Muscle Glade Floral Buket Yüzey Temizleyicisi 1000 Ml,Deterjan ve Temizlik,"99,95"
Mr.Muscle Süper Çok Amaçlı Temizlik 750 Ml,Deterjan ve Temizlik,"79,95"
Mr.Muscle Süper Güç Banyo 750 Ml,Deterjan ve Temizlik,"79,95"
Mr.Muscle Süper Güç Mutfak 750 Ml,Deterjan ve Temizlik,"79,95"
Off Max Kene ve Sinek Kovucu Sprey 100 Ml,Deterjan ve Temizlik,"114,95"
Off Sinek Kovucu Aerosol Sprey,Deterjan ve Temizlik,"98,95"
Off Sinek Kovucu Losyon,Deterjan ve Temizlik,"149,90"
"Omo Active Oxygen Beyazlar için Toz Deterjan 1,2 Kg",Deterjan ve Temizlik,"169,90"
"Omo Active Oxygen Beyazlar için Toz Deterjan 4,5 Kg",Deterjan ve Temizlik,"359,90"
Omo Active Oxygen Toz 6 Kg,Deterjan ve Temizlik,"325,90"
Omo Çamaşır Makinesi Temizleyicisi 200 Ml,Deterjan ve Temizlik,"125,90"
Omo Çamaşır Makinesi Temizleyicisi 200 Ml 2'li,Deterjan ve Temizlik,"179,90"
Omo Color Toz Çamaşır Deterjanı 3 Kg,Deterjan ve Temizlik,"299,90"
Omo Express Fresh Beyazlar Ve Renkliler Sıvı Deterjanlar,Deterjan ve Temizlik,"249,90"
Omo Express Fresh Renkliler Ve Siyahlar Sıvı Deterjanlar,Deterjan ve Temizlik,"249,90"
Omo Express Fresh Ultra Beyaz Sıvı Deterjan 1480 Ml,Deterjan ve Temizlik,"249,90"
Omo Hipoalerjenik Parfümlü 15 Dakika Yıkama Sıvı Deterjan 1480 Ml,Deterjan ve Temizlik,"249,90"
Omo Matik Sık Yıkananlar Çamaşır Deterjanı 5 Kg,Deterjan ve Temizlik,"299,90"
"Omomatik Active Fresh Toz Çamaşır Deterjanı 1,5 Kg",Deterjan ve Temizlik,"179,90"
Omomatik Active Fresh Toz Çamaşır Deterjanı 3 Kg,Deterjan ve Temizlik,"299,90"
"Omomatik Active Fresh Toz Çamaşır Deterjanı 5,5 Kg",Deterjan ve Temizlik,"499,90"
"Omomatik Color Toz Çamaşır Deterjanı 1,5 Kg",Deterjan ve Temizlik,"179,90"
"Omomatik Color Toz Çamaşır Deterjanı 5,5 Kg",Deterjan ve Temizlik,"499,90"
Papia 3 Katlı Kağıt Havlu 12'li,Deterjan ve Temizlik,"279,90"
Papia 3 Katlı Tuvalet Kağıdı 16'lı,Deterjan ve Temizlik,"199,90"
Papia 3 Katlı Tuvalet Kağıdı 32'li,Deterjan ve Temizlik,"399,90"
Papia Bio Dev Rulo Havlu 1=2,Deterjan ve Temizlik,"49,90"
Papia Bo Care Havlu Kagıt 6'Lı,Deterjan ve Temizlik,"129,90"
Papia Bo Care Tuvalet Kağıdı 16'Lı,Deterjan ve Temizlik,"199,90"
Papia Desenli Kağıt Havlu 12'li,Deterjan ve Temizlik,"279,90"
Papia İpek Özlü Tuvalet Kağıdı 40'lı,Deterjan ve Temizlik,"449,90"
Papia Kağıt Havlu 8'li,Deterjan ve Temizlik,"159,90"
Papia Parfümlü 3 Katlı Tuvalet Kağıdı 32'li,Deterjan ve Temizlik,"399,90"
Papia Parfümlü Tuvalet Kağıdı 8'lı,Deterjan ve Temizlik,"69,90"
Papia Peteçe 100 Adet,Deterjan ve Temizlik,"79,90"
Parex Canlı Renkler Oluklu Sünger 3'lü,Deterjan ve Temizlik,"49,90"
Parex Extra Power Temizlik Seti,Deterjan ve Temizlik,"699,90"
Parex Klasik Yeşil Bulaşık Süngeri 5'li,Deterjan ve Temizlik,"59,90"
Parex Klasik Yeşil Oluklu Bulaşık Süngeri 5'li,Deterjan ve Temizlik,"59,90"
Parex Klasik Yeşil Oluklu Sünger 2'li,Deterjan ve Temizlik,"49,90"
Parex Mega Rulo Temizlik Bezi 2'li,Deterjan ve Temizlik,"299,90"
Parex Mikrofiber Etkin Yer Temizlik Sistemi,Deterjan ve Temizlik,"999,90"
Parex Mikrofiber Etkin Yer Temizlik Sistemi Yedek,Deterjan ve Temizlik,"399,90"
Parex Mikrofiber Havlu Paspas Yedek Başlığı,Deterjan ve Temizlik,"299,90"
Parex Mikrofiber Havlu Temizlik Bezi 2 Adet,Deterjan ve Temizlik,"79,90"
Parex Mikrofiber Komfort Temizlik Bezi 3 Al 2 Öde,Deterjan ve Temizlik,"249,90"
Parex Ouick Temizlik Seti,Deterjan ve Temizlik,"890,00"
Parex Pamuk&Mikrofiber Paspas Yedek Başlığı,Deterjan ve Temizlik,"199,90"
Parex Standart Büyük Boy Temizlik Eldiveni,Deterjan ve Temizlik,"149,90"
Parex Standart Küçük Boy Eldiven,Deterjan ve Temizlik,"149,90"
Parex Standart Paspas Yedek Başlığı,Deterjan ve Temizlik,"169,90"
Parex Temizlik Bezi 5'li,Deterjan ve Temizlik,"119,90"
Parex Tornado Mikrofiber Yedek Mop Başlığı 2'li,Deterjan ve Temizlik,"299,90"
Parex Trend Mikrofiber Temizlik Bezi 4'lü,Deterjan ve Temizlik,"179,90"
Parex Trend Temizlik Bezi 9'lu,Deterjan ve Temizlik,"119,90"
Parex Twister Yedek Mop,Deterjan ve Temizlik,"109,90"
Persil Color 26 Yıkama Sıvı Deterjan,Deterjan ve Temizlik,"279,90"
"Persil Color Toz Çamaşır Deterjanı 1,5 Kg",Deterjan ve Temizlik,"137,90"
Persil Gül Çamaşır Deterjanı 5 Kg,Deterjan ve Temizlik,"399,90"
Persil Gül Çamaşır Deterjanı 7 Kg,Deterjan ve Temizlik,"325,90"
Persil Jel Color Sıvı Deterjan 38 Yıkama,Deterjan ve Temizlik,"289,90"
Persil Jel Expert Color Sıvı Çamaşır Deterjanı 15 Yıkama,Deterjan ve Temizlik,"175,90"
"Persil Jel Gül 26 Yıkama Sıvı Deterjan 1,680 Lt",Deterjan ve Temizlik,"279,90"
Persil Jel Gülün Büyüsü Sıvı Deterjan 38 Yıkama,Deterjan ve Temizlik,"289,90"
Persil Jel Sık Yıkananlar İçin 38 Yıkama,Deterjan ve Temizlik,"289,90"
Persil Power Gülün Büyüsü Beyazlar için Jel Deterjan 15 Yıkama,Deterjan ve Temizlik,"175,90"
Perwoll Hassas Bakım Sıvı Çamaşır Deterjanı Renkli Yenileme 3960 Ml,Deterjan ve Temizlik,"379,90"
"Perwoll Yenileme Renkliler İçin Sıvı Çamaşır Deterjanı 2,97 lt",Deterjan ve Temizlik,"299,90"
"Perwoll Yenileme Siyahlar İçin Sıvı Çamaşır Deterjanı 2,97 lt",Deterjan ve Temizlik,"299,90"
Perwoll Yenileme Yünlüler & Narinler Sıvı Çamaşır Deterjanı 27 Yıkama 1.485 Ml,Deterjan ve Temizlik,"185,95"
"Perwoll Yenileme Yünlüler & Narinler Sıvı Çamaşır Deterjanı 54 Yıkama 2,97 Ml",Deterjan ve Temizlik,"299,90"
Porçöz Banyo Temizleyici Sprey 750 Ml,Deterjan ve Temizlik,"109,95"
Porçöz Bulaşık Makinesi Deterjanı 900 Ml,Deterjan ve Temizlik,"239,95"
Porçöz Bulaşık Makinesi Parlatıcı 500 Ml,Deterjan ve Temizlik,"114,95"
Porçöz Bulaşık Makinesi Temizleyici 250 Ml,Deterjan ve Temizlik,"129,95"
Porçöz Çam Kokulu Tuvalet Temizleyici 750 Ml,Deterjan ve Temizlik,"114,95"
Porçöz Cam Temizleyici Sprey 750 Ml,Deterjan ve Temizlik,"69,95"
Porçöz Çamaşır Makinesi Temizleyici 250 Ml,Deterjan ve Temizlik,"89,95"
Porçöz Çamaşır Suyu Bahar Tazeliği 750 Ml,Deterjan ve Temizlik,"64,95"
Porçoz Çamaşır Suyu Yaz Yağmuru 750 Ml,Deterjan ve Temizlik,"64,95"
Porçöz Ekstra Güçlü Leke Çıkarıcı 1 Lt,Deterjan ve Temizlik,"179,95"
Porçöz Granül Lavabo Açıcı 2*50 Gr,Deterjan ve Temizlik,"69,95"
Porçöz Kireç ve Pas Çözücü 750 Ml,Deterjan ve Temizlik,"114,95"
Porçöz Lavabo Açıcı Jel 1 Lt,Deterjan ve Temizlik,"142,95"
Porçöz Leke Çıkarıcı Sprey 750 Ml,Deterjan ve Temizlik,"149,95"
Porçöz Mutfak Spreyi 750 Ml,Deterjan ve Temizlik,"109,95"
Porçöz Pas ve Kireç Çözücü 2 Lt,Deterjan ve Temizlik,"167,95"
Porçöz Tuvalet Temizleyici Jel Orkide Kokulu 750 Ml,Deterjan ve Temizlik,"114,95"
Porçöz Yağ Çözücü Sprey 1 Lt,Deterjan ve Temizlik,"94,95"
Porçöz Yağ Çözücü Sprey 750 Ml,Deterjan ve Temizlik,"114,95"
Pril Sirke Karışımlı Bulaşık Deterjanı 1100 GR,Deterjan ve Temizlik,"84,95"
Pril Bulaşık Makinası Parlatıcısı 750 Ml,Deterjan ve Temizlik,"149,90"
Pril Bulaşık Makinesi Kapsül Temizleyici 3 Yıkama,Deterjan ve Temizlik,"189,90"
Pril Bulaşık Makinesi Koruyucusu,Deterjan ve Temizlik,"199,90"
Pril Bulaşık Makinesi Tuzu 2 Kg,Deterjan ve Temizlik,"125,90"
Pril Deo-Perls Limon Kokulu Koku Giderici 17 Gr,Deterjan ve Temizlik,"189,90"
Pril Elma Kokulu Sıvı Bulaşık Deterjanı 1350 Ml,Deterjan ve Temizlik,"159,90"
Pril Elma Kokulu Sıvı Bulaşık Deterjanı 675 Ml,Deterjan ve Temizlik,"59,90"
Pril Excellence Tablet 22 Kapsül,Deterjan ve Temizlik,"159,90"
Pril Gold Yağ Çözücü Bulaşık Makinesi Jel Deterjanı 50 Yıkama 1000 Ml,Deterjan ve Temizlik,"323,90"
Pril Hijyen Gold Bulaşık Makinesi Jel Deterjanı 900 Ml,Deterjan ve Temizlik,"323,90"
Pril Limon Kokulu Sıvı Bulaşık Deterjanı 1350 Ml,Deterjan ve Temizlik,"159,90"
Pril Limon Kokulu Sıvı Bulaşık Deterjanı 675 Ml,Deterjan ve Temizlik,"59,90"
Pril Losyon Aloe Vera Özlü Sıvı Bulaşık Deterjanı 720 Ml,Deterjan ve Temizlik,"59,90"
Prima Sensitive Islak Havlu 52'li,Deterjan ve Temizlik,"149,90"
Prima Temiz ve Ferah Islak Havlu 52'li,Deterjan ve Temizlik,"149,90"
Pronto Ahşap Yüzey Temizleyicisi (Avantaj Paket) 750 Ml*2,Deterjan ve Temizlik,"314,95"
"Pronto Ahşap Yüzey Temizleyicisi 2,5 Lt",Deterjan ve Temizlik,"373,90"
Pronto Classic Ahşap Yüzey Temizleyicisi 300 Ml,Deterjan ve Temizlik,"124,90"
Pronto Portakal Kokulu Ahşap Yüzey Temizleyicisi 750 Ml,Deterjan ve Temizlik,"179,90"
Raid Elektro Likit Makine,Deterjan ve Temizlik,"175,95"
Raid Elektro Likit Yedek Şişe,Deterjan ve Temizlik,"249,90"
Raid Elektro Mat Cihazı + 10 Adet Mat Tablet,Deterjan ve Temizlik,"109,95"
Raid Elektro Mat Tablet 20'li,Deterjan ve Temizlik,"87,45"
Raid Gece & Gündüz Sistem Sinek Koruyucu Yedek 240 Saat,Deterjan ve Temizlik,"219,90"
Raid Pure Kokusuz Sinek Öldürücü Sprey 300 ml,Deterjan ve Temizlik,"109,95"
Raid Sinek Kovucu Gece Gündüz Sistem + Yedek,Deterjan ve Temizlik,"159,95"
Raid Sivrisineklere Karşı Ayarlanabilir Elektro Likit 30 Gece,Deterjan ve Temizlik,"349,90"
Rinso Beyaz Sirke&Soda Toz Çamaşır Deterjanı 8 Kg,Deterjan ve Temizlik,"379,90"
Rinso Deniz Mineralleri Toz Çamaşır Deterjanı 6 Kg,Deterjan ve Temizlik,"299,90"
"Rinso Limon&Karbonat Toz Çamaşır Deterjanı 1,5 Kg",Deterjan ve Temizlik,"99,95"
Rinso Limon&Karbonat Toz Çamaşır Deterjanı 4 Kg,Deterjan ve Temizlik,"225,90"
Selpak Dev Rulo Havlu 1=2,Deterjan ve Temizlik,"39,90"
Selpak Dev Rulo Havlu 2=4,Deterjan ve Temizlik,"99,90"
Selpak Dört Katlı Tuvalet Kağıdı 32'li,Deterjan ve Temizlik,"329,90"
Selpak El Ve Yüz Havlusu 100'lü,Deterjan ve Temizlik,"105,90"
Selpak Extra Banyo Ferahlatma Tuvalet kağıdı 16'Lı,Deterjan ve Temizlik,"299,90"
Selpak Extra Emici Havlu 8 Adet,Deterjan ve Temizlik,"199,95"
Selpak Extra Pamuksu Doku Tuvalet Kağıdı 16'Lı,Deterjan ve Temizlik,"299,90"
Selpak Extra Yağ Emici Havlu Kağıt 6lı,Deterjan ve Temizlik,"165,90"
Selpak Go Çek Al Havlu,Deterjan ve Temizlik,"21,90"
Selpak Klasik Kutu Mendil 100'lü,Deterjan ve Temizlik,"72,90"
Selpak Kutu Mendil 50 Adet,Deterjan ve Temizlik,"59,90"
Selpak Peçete 75'li,Deterjan ve Temizlik,"89,90"
Selpak Tuvalet Kağıdı 24'lü,Deterjan ve Temizlik,"359,90"
Selpak Tuvalet Kağıdı Extra Pamuklu 32'li,Deterjan ve Temizlik,"329,90"
Sera Çöp Torbası Battal Boy 10'lu,Deterjan ve Temizlik,"138,90"
Sera Çöp Torbası Büyük Boy 10'lu,Deterjan ve Temizlik,"52,50"
Sera Çöp Torbası Küçük Boy 30'lu,Deterjan ve Temizlik,"50,95"
Sera Çöp Torbası Orta Boy 15'li,Deterjan ve Temizlik,"50,75"
Servis Ekonomik Peçete 100 Adet,Deterjan ve Temizlik,"22,90"
Servis Ekonomik Peçete 200 Adet,Deterjan ve Temizlik,"39,90"
Silen Beyaz Sabun Kokulu Yüzey Temizlik Havlusu 100'lü,Deterjan ve Temizlik,"79,90"
Silen Dev Rulo Havlu,Deterjan ve Temizlik,"69,90"
Silen Tuvalet Kağıdı 16'lı,Deterjan ve Temizlik,"129,90"
Silen Ultra Kağıt Havlu 6'lı,Deterjan ve Temizlik,"99,90"
Silen Ultra Tuvalet Kağıdı 32'li,Deterjan ve Temizlik,"175,90"
Sitil Special Koyu Kahve Krem Ayakkabı Boyası 60 Gr,Deterjan ve Temizlik,"39,95"
Sleepy Güllü Islak Havlu 90'lı,Deterjan ve Temizlik,"39,90"
Sleepy Natural Ultra Junior Islak Havlu 78'Li,Deterjan ve Temizlik,"449,90"
Sleepy Natural Ultra XXL Islak Havlu 48'Li,Deterjan ve Temizlik,"449,90"
Sleepy Naturel Ultra Midi Islak Havlu 108'Lİ,Deterjan ve Temizlik,"449,90"
Sleepy Sensitive Islak Bebek Havlusu 3*50'li,Deterjan ve Temizlik,"79,90"
Sleepy Yer Temizlik Havlusu Lilyum 20'li,Deterjan ve Temizlik,"125,90"
Sleepy Yüzey Temizleme Havlusu Kireç Çözücü 30'Lu,Deterjan ve Temizlik,"119,90"
Sleepy Yüzey Temizleme Havlusu Yağ Çözücü 30'Lu,Deterjan ve Temizlik,"119,90"
Solo Bambu Havlu Kağıt 8'li,Deterjan ve Temizlik,"109,90"
Solo Bambu Tuvalet Kağıdı 32'li,Deterjan ve Temizlik,"299,90"
Solo Bambu Tuvalet Kağıdı 40'lı,Deterjan ve Temizlik,"425,90"
Solo Beyaz Sabun Yüzey Temizlik Havlusu 100'lü,Deterjan ve Temizlik,"99,90"
Solo Beyaz Sabunlu Mop Uyumlu Yer Temizlik Havlusu 50 Adet,Deterjan ve Temizlik,"149,90"
Solo Dev Rulo Havlu,Deterjan ve Temizlik,"49,90"
Solo Islak Havlu 90'lı,Deterjan ve Temizlik,"39,90"
Solo Kağıt Havlu 12'li,Deterjan ve Temizlik,"225,90"
Solo Kağıt Havlu 6'lı,Deterjan ve Temizlik,"125,90"
Solo Kağıt Peçete 100'lü,Deterjan ve Temizlik,"69,90"
Solo Kağıt Peçete 200'lü,Deterjan ve Temizlik,"99,90"
Solo Okaliptus&Çam Esintisi Yüzey Temizlik Havlusu 100'lü,Deterjan ve Temizlik,"99,90"
Solo Okyanus Ferahlığı Islak Havlu 90'lı,Deterjan ve Temizlik,"39,90"
Solo Sedir&Yasemin Esintisi Yüzey Temizlik Havlusu 100'lü,Deterjan ve Temizlik,"99,90"
Solo Ultra Güç Cam Yüzey Temizleyici Havlu 30 Adet,Deterjan ve Temizlik,"79,90"
Tena Ultra Tuvalet Kağıdı 32'li,Deterjan ve Temizlik,"199,90"
Teno Kağıt Havlu 12'li,Deterjan ve Temizlik,"159,90"
Teno Kağıt Havlu 6'lı,Deterjan ve Temizlik,"89,90"
Teno Kağıt Peçete 100'lü,Deterjan ve Temizlik,"16,90"
Teno Ultra Çift Katlı Tuvalet Kağıdı 16'lı,Deterjan ve Temizlik,"109,90"
Trend Klasik Yeşil Sünger 5'li,Deterjan ve Temizlik,"69,90"
Tursil Leylak Kokulu Jel 53 Yıkama,Deterjan ve Temizlik,"299,90"
Tursil Power Jel Leylak Bahçesi Sıvı Çamaşır Deterjanı 33 Yıkama,Deterjan ve Temizlik,"225,90"
"Tursilmatik Lavanta&Paçuli Toz Çamaşır Deterjanı 1,5 Kg",Deterjan ve Temizlik,"125,90"
"Tursilmatik Leylak Bahçesi Toz Çamaşır Deterjanı 4,5 Kg",Deterjan ve Temizlik,"166,90"
Uni Baby Aile Islak Mendil 90'Lı,Deterjan ve Temizlik,"49,90"
Uni Baby Simple Clean Islak Bebek Mendili 72'li,Deterjan ve Temizlik,"49,90"
Uni Baby Yenidoğan Islak Mendil 40'lı,Deterjan ve Temizlik,"69,90"
Uni Baby Yenidoğan Islak Pamuk Mendil 3'lü,Deterjan ve Temizlik,"179,90"
Unibaby Aktif Sensetive Islak Mendil 52'li 3lü,Deterjan ve Temizlik,"125,90"
Unibaby Aktif Cep Mendili 3lü 15li,Deterjan ve Temizlik,"69,90"
Vanish Kosla Elde Yıkama Halı Şampuanı 800 Ml,Deterjan ve Temizlik,"249,90"
Vanish Kosla Makinede Yıkama Halı Şampuanı 850 Ml,Deterjan ve Temizlik,"249,90"
Vanish Kosla Multipower Toz Pembe Deterjan 480 Gr,Deterjan ve Temizlik,"344,90"
Vanish Kosla Oxi Action Halı ve Döşemeler İçin Leke Çıkarıcı Sprey 500 Ml,Deterjan ve Temizlik,"289,90"
Vernel Aroma Therapy Relax Yumuşatıcı 50 Yıkama 5 Lt,Deterjan ve Temizlik,"214,95"
Vernel İpek Özü Günün Büyüsü Yumuşatıcı 5 Lt,Deterjan ve Temizlik,"214,95"
Vernel İpek Özü Hassas ve Yumuşak Yumuşatıcı 5 Lt,Deterjan ve Temizlik,"214,95"
Vernel Max Fresh Çiçek Ferahlığı Yumuşatıcı 1200 Ml,Deterjan ve Temizlik,"129,90"
Vernel Max Nergiz Çiçeği&Lavanta Konsantre Yumuşatıcı 1440 Ml,Deterjan ve Temizlik,"129,90"
Vernel Max Sensitive Konsantre Yumuşatıcı 1440 Ml,Deterjan ve Temizlik,"129,90"
Vernel Max Taze Gül Konsantre Yumuşatıcıları 1440 Ml,Deterjan ve Temizlik,"129,90"
Vernel Max Taze Lale Konsantre Yumuşatıcı 1440 Ml,Deterjan ve Temizlik,"129,90"
Vernel Max Yasemin&Aloe Vera Konsantre Yumuşatıcıları 1440 Ml,Deterjan ve Temizlik,"129,90"
Viking Allstar Konsantre Yumuşatıcı 1440 Ml,Deterjan ve Temizlik,"120,00"
Viking Banyo Temizleyici Sprey 750 Ml,Deterjan ve Temizlik,"79,90"
Viking Çamaşır Suyu 4 Lt,Deterjan ve Temizlik,"139,90"
Viking Düet Konsantre Yumuşatıcı 1440 Ml,Deterjan ve Temizlik,"120,00"
Viking Dynamic Konsantre Yumuşatıcı 1440 Ml,Deterjan ve Temizlik,"120,00"
Viking Fashion Konsantre Yumuşatıcı 1440 Ml,Deterjan ve Temizlik,"120,00"
"Viking Floral Yüzey Temizleyicisi 2,5 Lt",Deterjan ve Temizlik,"99,90"
"Viking Fresh Yüzey Temizleyicisi 2,5 Lt",Deterjan ve Temizlik,"99,90"
Viking Gül Zambak Yumuşatıcı 5 Lt,Deterjan ve Temizlik,"139,90"
"Viking Gül& Zambak Ultra Soft Yumuşatıcı 1,4 Lt",Deterjan ve Temizlik,"49,90"
Viking Hassas Ciltler ve Tüm Renkliler İçin Çamaşır Deterejanı Aloe Vera Özlü 2700 Ml,Deterjan ve Temizlik,"179,90"
Viking Kireç Çözücü 750 Ml,Deterjan ve Temizlik,"62,50"
Viking Klasik Cam Temizleyicisi 750 Ml,Deterjan ve Temizlik,"55,90"
Viking Lavabo Açıcı,Deterjan ve Temizlik,"39,90"
"Viking Leylak& Lavanta Ultra Soft Yumuşatıcı 1,4 Lt",Deterjan ve Temizlik,"49,90"
Viking Mutfak Spreyi 750 Ml,Deterjan ve Temizlik,"79,90"
Viking Premium Dağ Nanesi Banyo Temizleyici Sprey 750 Ml,Deterjan ve Temizlik,"79,90"
Viking Premium Nergis&Bergamot Kokulu Sıvı Bulaşık Deterjanı 750 Ml,Deterjan ve Temizlik,"79,90"
Viking Premium Orman Meyveli Sıvı Bulaşık Deterjanı 750 Ml,Deterjan ve Temizlik,"79,90"
Viking Premium Şeker Çamı Tuvalet Temizleyici 750 Ml,Deterjan ve Temizlik,"109,90"
Viking Premium Turunç Bahçesi Mutfak Temizleyici Sprey 750 Ml,Deterjan ve Temizlik,"79,90"
Viking Premium Yasemin&Vanilya Çok Amaçlı Temizleyici 750 Ml,Deterjan ve Temizlik,"79,90"
Viking Relax Konsantre Yumuşatıcı 1440 Ml,Deterjan ve Temizlik,"120,00"
Viking Sensitive Konsantre Yumuşatıcı 1440 Ml,Deterjan ve Temizlik,"120,00"
"Viking Sensitive Yüzey Temzileyicisi 2,5 Lt",Deterjan ve Temizlik,"99,90"
Viking Sıvı Arap Sabunu 1000 Ml,Deterjan ve Temizlik,"89,90"
Viking Siyah ve Koyu Çamaşırlar İçin Sıvı Çamaşır Deterjanı 2700 Ml,Deterjan ve Temizlik,"179,90"
Viking Soft Leylak Lavanta Yumuşatıcı 5 Lt,Deterjan ve Temizlik,"139,90"
Viking Soft Romantik Çamaşır Yumuşatıcısı 3 Lt,Deterjan ve Temizlik,"125,90"
Viking Soft Sensitive Çamaşır Yumuşatıcısı 3 Lt,Deterjan ve Temizlik,"125,90"
Viking Soft Sensitive Yumuşatıcı 5 Lt,Deterjan ve Temizlik,"139,90"
Viking Soft Tutkulu Çamaşır Yumuşatıcısı 3 Lt,Deterjan ve Temizlik,"125,90"
Viking Summer Konsantre Renkliler İçin Yumuşatıcı 1440ML,Deterjan ve Temizlik,"120,00"
Viking Technopower Capcanlı Sıvı Çamaşır Deterjanı 1.4 L,Deterjan ve Temizlik,"99,90"
Viking Technopower Hassas Sıvı Çamaşır Deterjanı 1.4 L,Deterjan ve Temizlik,"99,90"
Viking Technopower Kara İncir Sıvı Bulaşık Deterjanı 750 Ml,Deterjan ve Temizlik,"69,90"
Viking Technopower Misket Limonu Sıvı Bulaşık Deterjanı 750 Ml,Deterjan ve Temizlik,"69,90"
Viking Technopower Rahat Ütü Sıvı Çamaşır Deterjanı 1.4 L,Deterjan ve Temizlik,"99,90"
Viking Techpower Sıvı Çamaşır Deterjanı 2700 Ml,Deterjan ve Temizlik,"179,90"
Viking Ultra Çamaşır Suyu 3.5 Kg,Deterjan ve Temizlik,"79,90"
"Viking Ultra Soft Sensitive Yumuşatıcı 1,4 Lt",Deterjan ve Temizlik,"49,90"
Viking Ultra Yoğun Ada Çamaşır Suyu 810 Gr,Deterjan ve Temizlik,"59,90"
Viking Ultra Yoğun Deniz Çamaşır Suyu 810 Gr,Deterjan ve Temizlik,"59,90"
Viking Yasemin&Vanilya Yüzey Temizleyicisi 2.5 Lt,Deterjan ve Temizlik,"99,90"
Vileda %30 Mikrofiber Cam Bezi 2'li,Deterjan ve Temizlik,"299,90"
Vileda %30 Mikrofiberli Temizlik Bezi 3'lü,Deterjan ve Temizlik,"99,90"
Vileda Aktif Mikrofiber Temizlik Bezi 2'li,Deterjan ve Temizlik,"256,90"
Vileda Bezzy Temizlik Bezi 10'lu,Deterjan ve Temizlik,"259,90"
Vileda Candy Pink Eldiven Büyük,Deterjan ve Temizlik,"181,90"
Vileda Candy Pink Sensitive Orta Boy Eldiven,Deterjan ve Temizlik,"181,90"
Vileda Çelik Bulaşık Teli,Deterjan ve Temizlik,"169,90"
Vileda Colors Mikrofiber Temizlik Bezi 4'lü,Deterjan ve Temizlik,"365,00"
Vileda Comfort&Care L(3) Beden Mavi Bulaşık Eldiveni,Deterjan ve Temizlik,"274,50"
Vileda Glitzi Power Inox 2'li,Deterjan ve Temizlik,"199,90"
Vileda Hijyenik Bulaşık Süngeri 5'li,Deterjan ve Temizlik,"109,90"
Vileda Kırmızı Yedek Mop Sopası,Deterjan ve Temizlik,"252,90"
Vileda Klasik Başlık 3 Al 2 Öde,Deterjan ve Temizlik,"465,00"
Vileda Klasik Yedek Başlığı,Deterjan ve Temizlik,"215,90"
Vileda Klasik Yedek Başlığı +Temizlik Sopası Seti,Deterjan ve Temizlik,"425,90"
Vileda Microfiber Colors Bez 8'li,Deterjan ve Temizlik,"499,90"
Vileda Mikrofiber Mutfak Bezi,Deterjan ve Temizlik,"135,90"
Vileda Oluklu Çizmez Sünger 2'li,Deterjan ve Temizlik,"179,90"
Vileda Parlak Konfor Ekstra Emici Sünger 2'li,Deterjan ve Temizlik,"142,90"
Vileda Rainbow Sünger Bezi 2li,Deterjan ve Temizlik,"25,90"
Vileda Spino Otomatik Temizlik Seti Yedek Başlığı,Deterjan ve Temizlik,"209,90"
Vileda Spino Ultra Otomatik Temizlik Seti,Deterjan ve Temizlik,"1.890,00"
Vileda Sprey Max Mop,Deterjan ve Temizlik,"1.990,90"
Vileda Standart Büyük Boy(L) Temizlik Eldiveni,Deterjan ve Temizlik,"167,90"
Vileda Standart Küçük Boy(S) Temizlik Eldiveni,Deterjan ve Temizlik,"167,90"
Vileda Standart Orta Boy(M) Temizlik Eldiveni,Deterjan ve Temizlik,"167,90"
Vileda Style Mikrofiber Bez 3'lü,Deterjan ve Temizlik,"319,90"
Vileda Style Mikrofiber Bez 4'lü,Deterjan ve Temizlik,"435,50"
Vileda Sünger Bez 3'lü,Deterjan ve Temizlik,"249,90"
Vileda Süper Mocio Soft %30 Mikrofiber Yedek Başlığı,Deterjan ve Temizlik,"199,90"
Vileda Süper Mocio Temizlik Seti,Deterjan ve Temizlik,"990,90"
Vileda SuperMocio Soft Yedek Başlığı + Vileda Klasik Yedek Başlığı 2'li,Deterjan ve Temizlik,"329,90"
Vileda Temizlik Bezi 4'lü,Deterjan ve Temizlik,"209,90"
Vileda Temizlik Bezi 5'li,Deterjan ve Temizlik,"99,90"
Vileda Turbo Pedallı Temizlik Seti,Deterjan ve Temizlik,"2.350,90"
Vileda Turbo Pedallı Temizlik Sistemi Yedek Başlığı,Deterjan ve Temizlik,"265,00"
Vileda Yeşil Oluklu Bulaşık Süngeri 1+1,Deterjan ve Temizlik,"54,90"
Vileda Yeşil Oluklu Bulaşık Süngeri 1+1,Deterjan ve Temizlik,"54,90"
Vileda Yeşil Oluklu Bulaşık Süngeri 8'li,Deterjan ve Temizlik,"199,90"
Yumoş Ekstra 1440 Ml,Deterjan ve Temizlik,"199,90"
Yumoş Ekstra Lotus Yumuşatıcı 1440 Ml,Deterjan ve Temizlik,"199,90"
Yumoş Extra Amber Kokulu Yumuşatıcı 1440 Ml,Deterjan ve Temizlik,"199,90"
Yumoş Extra Beyaz Koruma Konsantre Yumuşatıcı 1200 Ml,Deterjan ve Temizlik,"135,90"
Yumoş Extra Lilyum&Lotus Çiçeği Konsantre Yumuşatıcı 1440 Ml,Deterjan ve Temizlik,"199,90"
Yumoş Extra Manolya Yumuşatıcı 1440 Ml,Deterjan ve Temizlik,"99,90"
Yumoş Extra Sakura Yumuşatıcı 1440 Ml,Deterjan ve Temizlik,"199,90"
Yumoş Extra Yabani Orkide Konsantre Yumuşatıcı 1440 Ml,Deterjan ve Temizlik,"199,90"
Yumoş Extra Yumuşatıcı Manolya 1440 Ml,Deterjan ve Temizlik,"199,90"
Yumoş Jet Fresh Lilyum Giysi Spreyi 200 Ml,Deterjan ve Temizlik,"99,90"
Yumoş Jet Fresh Lilyum Giysi Spreyi 450 Ml,Deterjan ve Temizlik,"125,90"
Yumoş Jet Fresh Orkide Giysi Spreyi 200 Ml,Deterjan ve Temizlik,"99,90"
Yumoş Jet Fresh Orkide Giysi Spreyi 450 Ml,Deterjan ve Temizlik,"125,90"
Yumoş Sprey Amber 450 ml,Deterjan ve Temizlik,"125,90"
Yumoş Sprey Sakura 450 ml,Deterjan ve Temizlik,"125,90"
Yumoş Uzman Kırışıklık Karşıtı Konsantre Yumuşatıcı 1200 Ml,Deterjan ve Temizlik,"135,90"
Yumoş Uzman Renk Koruma Konsantre Yumuşatıcı 1200 Ml,Deterjan ve Temizlik,"135,90"
A.Lalin Disk Makyaj Pamuğu 70'li,Kişisel Bakım,"44,95"
A.Lalin Hidrofil Pamuk 100 Gr,Kişisel Bakım,"49,95"
A.Lalin Hidrofil Pamuk 50 Gr,Kişisel Bakım,"29,95"
"Activex Aktif Koruma Antibakteriyel Sıvı Sabun 1,5 Lt",Kişisel Bakım,"299,90"
Activex Antibakteriyel Aktif Koruma Sıvı Sabun 500 Ml,Kişisel Bakım,"89,90"
Activex Antibakteriyel Hassas Sıvı Sabun 500 Ml,Kişisel Bakım,"89,90"
Activex Hassas Koruma Antibakteriyel Sıvı Sabun 1 Lt,Kişisel Bakım,"135,90"
"Activex Hassas Koruma Antibakteriyel Sıvı Sabun 1,5 Lt",Kişisel Bakım,"299,90"
Alalin Makyaj Düzeltme Pamuğu 80'li,Kişisel Bakım,"32,50"
Arko Berber Tıraş Sabunu 75 Gr,Kişisel Bakım,"99,90"
Arko Black Edition Tıraş Kolonyası 225 Ml,Kişisel Bakım,"169,95"
Arko Classic Yağlı Krem 20 Ml,Kişisel Bakım,"39,90"
Arko Gold Power Tıraş Kolonyası 225 Ml,Kişisel Bakım,"169,95"
Arko Mavi Cool Tıraş Kolonyası 225 Ml,Kişisel Bakım,"169,95"
Arko Men Anti-Irritation Tıraş Jeli 200 Ml,Kişisel Bakım,"220,00"
Arko Men Anti-Irritation Tıraş Köpüğü 200 Ml,Kişisel Bakım,"169,95"
Arko Men Banyo-Body Tıraş Bıçağı 5'li,Kişisel Bakım,"115,90"
Arko Men Black Tıraş Jeli 200 Ml,Kişisel Bakım,"220,00"
Arko Men Cool Tıraş Jeli 200 Ml,Kişisel Bakım,"220,00"
Arko Men Cool Tıraş Köpüğü 200 Ml,Kişisel Bakım,"169,95"
Arko Men Extra Sensitive Tıraş Jeli 200 Ml,Kişisel Bakım,"220,00"
Arko Men Sensitive Tıraş Köpüğü 200 Ml,Kişisel Bakım,"169,95"
Arko Men Sensitive Tıraş Krem 90 Gr,Kişisel Bakım,"79,90"
Arko Nem Klasik Nemlendirici Krem 250 ml,Kişisel Bakım,"149,90"
Arko Nem Değerli Yağlar Avokado Yağı Özlü Sprey Krem 150 Ml,Kişisel Bakım,"169,90"
Arko Nem Değerli Yağlar Avokado Yağlı Nemlendirici 250 Ml,Kişisel Bakım,"169,90"
Arko Nem Değerli Yağlar Avokado Yağlı Nemlendirici 60 Ml,Kişisel Bakım,"89,90"
Arko Nem Değerli Yağlar Zeytinyağlı Nemlendirici 250 Ml,Kişisel Bakım,"169,90"
Arko Nem Krem Değerli Yağlar Serisi Hindistan Cevizi 250 Ml,Kişisel Bakım,"169,90"
Arko Nem Krem Değerli Yağlar Serisi Hindistan Cevizi 60 Ml,Kişisel Bakım,"89,90"
Arko Nem Krem Değerli Yağlar Zeytinyağlı Nemlendirici 60 Ml,Kişisel Bakım,"89,90"
Arko Nem Yulaf Sütü Prebiyotik Krem Serisi 60 Ml,Kişisel Bakım,"89,90"
Arko New Soft Krem 250 Ml,Kişisel Bakım,"149,90"
Arko New Soft Krem 60 Ml,Kişisel Bakım,"79,90"
Axe Africa Erkek Deodorant 150 Ml,Kişisel Bakım,"239,90"
Axe Apollo Sprey Deodorant,Kişisel Bakım,"239,90"
AXE Aqua Bergamot Erkek Deodorant 150 Ml,Kişisel Bakım,"319,90"
Axe Bergamot 3 in 1 Duş Jeli 300 ML,Kişisel Bakım,"129,90"
Axe Black Sprey Deodorant,Kişisel Bakım,"239,90"
Axe Black Vanilla Deodorant 150 Ml,Kişisel Bakım,"319,90"
Axe Copper Santal 3 in 1 Duş Jeli 300 ML,Kişisel Bakım,"129,90"
Axe Dark Temptation Sprey Deodorant 150 Ml,Kişisel Bakım,"239,90"
Axe Dark Temptation Sprey Deodorant+Clear Sport Şampuan,Kişisel Bakım,"319,90"
Axe Epic Fresh Deodorant,Kişisel Bakım,"239,90"
Axe Ice Chill Fresh Sprey Deodorant 150 Ml,Kişisel Bakım,"239,90"
Axe Leather&Cookies Sprey Deodorant 150 Ml,Kişisel Bakım,"239,90"
Bioblas Botanic Oils Argan Yağlı Sıvı Saç Kremi 200 Ml,Kişisel Bakım,"219,90"
Blade Deep Chıll Deodorant,Kişisel Bakım,"189,90"
Blade Green Dream Deodorant 150 Ml,Kişisel Bakım,"189,90"
Blade Montain Fresh Deodorant 150 Ml,Kişisel Bakım,"189,90"
Blade Self Confidence 150 Ml,Kişisel Bakım,"189,90"
Blade Star Night Fire Deodorant 150 Ml,Kişisel Bakım,"189,90"
Blendax Erkekler İçin Kepeğe Karşı Etkili Şampuan 470 ml,Kişisel Bakım,"129,90"
Blendax Erkekler İçin Mentollü Şampuan 470 ml,Kişisel Bakım,"129,90"
Blendax Güçlendirici Bakım Badem Yağı Özlü Şampuan 500 Ml,Kişisel Bakım,"129,90"
Blendax Isırgan Otu Özlü Şampuan 500 Ml,Kişisel Bakım,"129,90"
Blendax Kepeğe Karşı Şampuan 500 Ml,Kişisel Bakım,"129,90"
Blendax Kiraz Çiçeği Özlü Şampuan 470 ml,Kişisel Bakım,"129,90"
Blendax Yasemin Özlü Şampuan 500 Ml,Kişisel Bakım,"129,90"
Çam Sakızı Ağda,Kişisel Bakım,"69,00"
Canped Belbantlı L Büyük Boy Yetişkin Hasta Bezi 7'li,Kişisel Bakım,"239,95"
Canped Belbantlı M Orta Boy Yetişkin Hasta Bezi 9'lu,Kişisel Bakım,"239,95"
Canped Belbantlı XL Büyük Boy Yetişkin Hasta Bezi 7'li,Kişisel Bakım,"274,95"
Canped Büyük Boy Emici Külot 8'li,Kişisel Bakım,"274,95"
Canped Büyük Boy Mesane Pedi,Kişisel Bakım,"162,95"
Canped Ekonomik Hasta Bezi 14'lü,Kişisel Bakım,"476,95"
Canped Ekstra Large Emici Külot,Kişisel Bakım,"274,95"
Canped M Orta Boy Emici Külot 9'lu,Kişisel Bakım,"274,95"
Canped Orta Boy Mesane Pedi,Kişisel Bakım,"162,95"
Canped Ultra Large Mesane Pedi,Kişisel Bakım,"178,95"
Canped Ultra Medium Mesane Pedi,Kişisel Bakım,"178,95"
Canped Yatak Koruyucu Örtü 60x90 cm 10'lu,Kişisel Bakım,"119,95"
Carefree % 100 Pamuk Günlük Ped 24'lü,Kişisel Bakım,"159,90"
Carefree % 100 Pamuk Günlük Ped 30'lu,Kişisel Bakım,"159,90"
Carefree Original Fresh Günlük Hijyenik Ped 20'li,Kişisel Bakım,"99,90"
Carefree Plus Large Günlük Ped 20'li,Kişisel Bakım,"119,90"
Clear Man Ultra Legends Vini Jr 350 Ml,Kişisel Bakım,"195,90"
Clear Men 2'si 1 Arada Şampuan ve Saç Kremi Kolay Şekil Alan Saçlar 350 ml,Kişisel Bakım,"195,90"
Clear Men Şampuan 350 Ml Men Cool Sport,Kişisel Bakım,"229,90"
Clear Men Yağlı Saç Derisine Özel Şampuan 350 ml,Kişisel Bakım,"195,90"
Clear Men Yoğun Arındırıcı Kömür Etkili Şampuan 350 ml,Kişisel Bakım,"229,90"
Clear Women Saç Dökülmesine Karşı Şampuan 350 Ml + 180 Ml,Kişisel Bakım,"195,90"
Colgate 360 Diş Fırçası 1+1,Kişisel Bakım,"149,90"
Colgate 360 Optik Beyaz Orta Boy Diş Fırçası (1+1),Kişisel Bakım,"379,90"
Colgate 360 Optik Beyaz Orta Sertlikte Diş Fırçası 1+1,Kişisel Bakım,"379,95"
Colgate 360 Siyah Tekli Diş Fırçası,Kişisel Bakım,"99,00"
Colgate 360 Visible White Beyazlatıcı Orta Diş Fırçası,Kişisel Bakım,"99,00"
Colgate Barbie&Batman Özel Seri Extra Yumuşak Çocuk Diş Fırçası,Kişisel Bakım,"229,95"
Colgate Barbie&Batman&Spiderman Özel Çocuk Diş Macunu 75 Ml,Kişisel Bakım,"149,50"
Colgate Çocuk Diş Fırçası 2+ Yaş,Kişisel Bakım,"184,95"
Colgate Çürüklere Karşı Etkili Diş Macunu 125 Ml,Kişisel Bakım,"95,90"
Colgate Diş Macunu Üçlü Etki Nane Fer. 150Ml,Kişisel Bakım,"135,00"
Colgate Extra Clean Colors Orta Diş Fırçası 2+1,Kişisel Bakım,"169,90"
Colgate Extra Clean Dil Temizleyicili Orta Sertlikte Diş Fırçası 2+1,Kişisel Bakım,"199,95"
Colgate Extra Clean Diş Fırçası (1+1),Kişisel Bakım,"149,95"
Colgate Gentle Clean Diş Fırçası 2+1,Kişisel Bakım,"209,95"
Colgate Hassasiyet Beyazlatıcı Diş Macunu 75 Ml,Kişisel Bakım,"360,00"
Colgate Maksimum Anti Çürük Diş Macunu 75 ml,Kişisel Bakım,"120,00"
Colgate Max White Purple Diş Macunu 75 Ml,Kişisel Bakım,"170,50"
Colgate Mikro Hassas Siyah Diş Fırçası (1+1),Kişisel Bakım,"315,00"
Colgate Misvak Özlü Anti Çürük Diş Macunu 75 ml,Kişisel Bakım,"150,00"
Colgate Optic White Aktif Kömür 75 Ml,Kişisel Bakım,"384,95"
Colgate Optic White Anında Beyazlık 75 Ml,Kişisel Bakım,"384,95"
Colgate Optic White Anında Beyazlık Diş Macunu 50 Ml,Kişisel Bakım,"210,00"
Colgate Optic White Diş Macunu 50 Ml*2,Kişisel Bakım,"159,90"
Colgate Optic White Kahve+Çay ve Tütün Kullananlar İçin 75 Ml,Kişisel Bakım,"384,95"
Colgate Optıc Whıte Purple Reveal 75 Ml,Kişisel Bakım,"384,95"
Colgate Optik Beyaz Parıldayan Beyazlık Diş Macunu 75 Ml,Kişisel Bakım,"349,95"
"Colgate Optik White Kahve, Çay, Tütün Tüketime Özel Diş Macunu 50 Ml",Kişisel Bakım,"210,00"
Colgate Plax Çay&Limon Aromalı Ağız Bakım Suyu 500 Ml,Kişisel Bakım,"251,95"
Colgate Plax Nane Ferahlığı Ağız Bakım Suyu 500 Ml,Kişisel Bakım,"299,95"
Colgate Sensitive Pro-Relief Anında Rahatlama Beyazlatıcı Diş Macunu 75 Ml,Kişisel Bakım,"360,00"
Colgate Total Beyazlık Diş Macunu 50 ML+ 360 Siya Diş Fırçası,Kişisel Bakım,"199,95"
Colgate Total Beyazlık Diş Macunu 50 ML+ Optik Beyaz Parıldayan Beyazlık 50 ML,Kişisel Bakım,"199,90"
Colgate Total Foamıng Clean Diş Fırçası 1+1,Kişisel Bakım,"330,00"
Colgate Total Gelişmiş Beyazlık Diş Macunu 75 Ml,Kişisel Bakım,"239,90"
Colgate Total Gelişmiş Nane Temizliği Diş Macunu 75 Ml,Kişisel Bakım,"239,95"
Colgate Total Profesyonel Beyazlık Diş Macunu 50 Ml,Kişisel Bakım,"274,95"
Colgate Üçlü Etki Orta Sertlikte Diş Fırçası,Kişisel Bakım,"125,00"
Colgate Zig Zag Charcoal Orta Diş Fırçası 1+1,Kişisel Bakım,"174,95"
Colgate Zig Zag Diş Fırçası,Kişisel Bakım,"139,90"
Corega Diş Protezi Temizleyici Tablet 30 Adet,Kişisel Bakım,"199,95"
Corega Super Diş Protezi Yapıştırıcı Krem 40 Ml,Kişisel Bakım,"199,95"
Dalan Antik Banyo Sabunu Doğal Avokado Yağı 4x150 Gr,Kişisel Bakım,"139,90"
Dalan Antik Geleneksel Zeytinyağlı Sabun 5*180 Gr,Kişisel Bakım,"125,90"
Dalan Antik Zeytinyağlı Banyo Sabunu 170 Gr,Kişisel Bakım,"35,90"
Dalan Botanica Lotus Banyo Sabunu 4*150 Gr,Kişisel Bakım,"135,90"
Dalan Botanica Lotus Sıvı Sabun 500 Ml,Kişisel Bakım,"61,90"
Dalan Botanica Şakayık Banyo Sabunu 4*150 Gr,Kişisel Bakım,"135,90"
Dalan Botanica Şakayık Banyo ve Duş Jeli 500 Ml,Kişisel Bakım,"79,90"
Dalan Botanica Şakayık Sıvı Sabun 500 Ml,Kişisel Bakım,"61,90"
Dalan Dökülme Karşıtı Şampuan 450 Ml,Kişisel Bakım,"69,90"
Dalan D'olive Aloe Vera Özlü Kapaklı Kavanoz Krem 250+150 Ml,Kişisel Bakım,"159,90"
Dalan d'Olive Avokado Özlü Onarıcı Besleyici Bakım Kremi 250+150 Ml,Kişisel Bakım,"159,90"
Dalan D'olive Besleyici Sıvı Sabun 1.5 litre,Kişisel Bakım,"129,90"
Dalan D'olive Hindistan Cevizli Kapaklı Kavanoz Krem 250+150 Ml,Kişisel Bakım,"159,90"
Dalan D'olive Zeytinyağı Özlü Kapaklı Kavanoz Krem 250+150 Ml,Kişisel Bakım,"159,90"
Dalan D'Olive Zeytinyağlı Sıvı Sabun 400 Ml,Kişisel Bakım,"69,90"
Dalan d'Olive Zeytinyağlı Yoğun Bakım Kremi 20 Ml,Kişisel Bakım,"25,90"
Dalan Family Bahar Kokulu Sabun 4*75 Gr,Kişisel Bakım,"72,90"
Dalan Family Leylak Buketi Sıvı Sabun 3 Lt,Kişisel Bakım,"125,90"
Dalan Family Leylak Kokulu Sabun 4*75 Gr,Kişisel Bakım,"72,90"
Dalan Family Leylak Sıvı Sabun 400 Ml,Kişisel Bakım,"39,90"
Dalan Family Menekşe Kokulu Sabun 4*75 Gr,Kişisel Bakım,"72,90"
Dalan Family Zeytin Mucizesi Sıvı Sabun 400 Ml,Kişisel Bakım,"39,90"
Dalan Family Zeytin Sabun 4*75 Gr,Kişisel Bakım,"72,90"
Dalan Fresh & Minerals Aloe Vera Duş Sabunu 4*110 Gr,Kişisel Bakım,"89,90"
Dalan Fresh & Minerals Deniz Tuzu Duş Sabunu 4*110 Gr,Kişisel Bakım,"89,90"
Dalan Fresh & Minerals Pembe Greyfurt Özlü Sabun 4*110 Gr,Kişisel Bakım,"89,90"
Dalan Fresh Aloe Vera Duş Jeli 500 Ml,Kişisel Bakım,"79,90"
Dalan Fresh Deniz Minerali Duş Jeli 500 Ml,Kişisel Bakım,"79,90"
Dalan Fresh&Care Kremsi Dokunuş 4*90 Gr,Kişisel Bakım,"89,90"
Dalan Fresh&Care Orman Meyveli Güzellik Sabunu 4*90 Gr,Kişisel Bakım,"89,90"
Dalan Fresh&Minerals Üzüm Çekirdeği Banyo Sabunu 4'lü 150 Gr,Kişisel Bakım,"135,90"
Dalan Gliserinli Organik Argan Yağlı Banyo Sabunu 4 x 150 gr,Kişisel Bakım,"139,90"
Dalan Gliserinli Zeytinyağlı Banyo Sabunu 4'lü 150 Gr,Kişisel Bakım,"135,90"
Dalan Granül Matik Sabun Lavanta Esintisi 1 kg,Kişisel Bakım,"199,90"
Dalan Güçlü ve Parlak Saçlar İçin Şampuan 450 Ml,Kişisel Bakım,"69,90"
Dalan Gül Özlü Beyaz Banyo Sabunu 4'lü 150 Gr,Kişisel Bakım,"125,50"
Dalan Kepeğe Karşı Etkili Şampuan 450 Ml,Kişisel Bakım,"69,90"
Dalan Klasik Beyaz Banyo Sabunu 4*150 Gr,Kişisel Bakım,"125,50"
Dalan Lavanta Özlü Beyaz Banyo Sabunu 4'lü 150 Gr,Kişisel Bakım,"125,50"
Dalan Leylaklı Family Sıvı Sabun 1.5 litre,Kişisel Bakım,"39,90"
Dalan Onarıcı Bakım Şampuanı 450 Ml,Kişisel Bakım,"69,90"
Dalan Organik Yağlar Fresh Mineral Banyo Sabunu 4*150 Gr,Kişisel Bakım,"135,90"
Dalan Zeytinyağlı Saf Banyo Sabunu 4*150 Gr,Kişisel Bakım,"125,50"
Dalan Zeytinyağlı Sıvı Sabun 3 Lt,Kişisel Bakım,"125,90"
Deotak Fresh Krem Deodorant 35 Ml,Kişisel Bakım,"169,90"
Deotak Krem Deodorant Klasik 35 Ml,Kişisel Bakım,"169,90"
Deotak Soft Krem Deodorant 35 Ml,Kişisel Bakım,"169,90"
Discreet Tampax Normal Tampon,Kişisel Bakım,"179,90"
Discreet Tampax Süper Ekonomik Tampon 16'lı,Kişisel Bakım,"179,90"
Dove Argan Yağı Özlü Şampuan 400 Ml,Kişisel Bakım,"159,95"
Dove Avokado Yağı ve Kalendula Özlü Nemlendiricili Sıvı Sabun 450 Ml,Kişisel Bakım,"99,90"
Dove Avokado Yağı&Kalendula Özü Duş Jeli 450 Ml,Kişisel Bakım,"215,90"
Dove Besleyici Bakım Şampuanı 400 Ml,Kişisel Bakım,"159,95"
Dove Bond Intense Repair Peptid Kompleksi Durulanmayan Saç Bakım Kremi 150 Ml,Kişisel Bakım,"229,95"
Dove Bond Intense Repair Peptid Kompleksi Saç Maskesi 265 Ml,Kişisel Bakım,"349,95"
Dove Bond Intense Repair Peptid Kompleksi Saç Serumu 80 Ml,Kişisel Bakım,"299,95"
Dove Cream Wash Sıvı Sabun 450 Ml,Kişisel Bakım,"99,90"
Dove Deeply Nourishing Body Wash Duş Jeli 450 Ml,Kişisel Bakım,"215,90"
Dove Evontene Sprey Deodorant 150 Ml,Kişisel Bakım,"269,90"
Dove Hindistan Cevizi Yağı ve Zerdeçal Özlü Şampuan 400 Ml,Kişisel Bakım,"159,95"
Dove Hindistan Cevizi Yağı&Badem Sütü Özü Duş Jeli 450 Ml,Kişisel Bakım,"215,90"
Dove Hindistan Cevizi Yağı&Badem Sütü Özü Nemlendirici Sıvı Sabun 450 Ml,Kişisel Bakım,"99,90"
Dove Hindistan Cevizi&Yasemin Çiçeği Kokulu Roll-On Deodorant 50 Ml,Kişisel Bakım,"269,90"
Dove Invisible Dry Sprey Deodorant 169 Ml,Kişisel Bakım,"269,90"
Dove Işıldayan Bakım Lotus Çiçeği Kokusu Sprey Deodorant 150 Ml,Kişisel Bakım,"269,90"
Dove Kepeğe Karşı Aleo Vera Özlü Şampuan 400 Ml,Kişisel Bakım,"159,95"
Dove Men +Care Clean Comfort Sprey Deodorant,Kişisel Bakım,"269,90"
Dove Men +Care Clean Comfort Stick Deodorant,Kişisel Bakım,"299,90"
Dove Men +Care Invisible Stick Deodorant,Kişisel Bakım,"299,90"
Dove Original Roll-On Deodorant 50 Ml,Kişisel Bakım,"269,90"
Dove Original Sprey Deodorant 150 Ml,Kişisel Bakım,"269,90"
Dove Original Stick Deodorant 50 Ml,Kişisel Bakım,"299,90"
Dove Sabun Cream Bar Fresh Touch 90 Gr,Kişisel Bakım,"49,90"
Dove Sabun Cream Bar Gentle Exfoliating 90 Gr,Kişisel Bakım,"49,90"
Dove Sabun Cream Bar Orıgınal 4*90 Gr,Kişisel Bakım,"159,90"
Dove Sabun Cream Bar Orıgınal 90 Gr,Kişisel Bakım,"49,90"
Dove Sabun Cream Bar Pink 90 Gr,Kişisel Bakım,"49,90"
Dove Sabun Cream Bar Sensitive Micellar 100 Gr,Kişisel Bakım,"49,90"
Dove Uzun Saç Terapisi Bakım Kremi 350 Ml,Kişisel Bakım,"125,90"
Dove Yoğun Onarıcı Bakım Şampuanı 400 Ml,Kişisel Bakım,"159,95"
Dove Yoğun Onarıcı Bakım Şampuanı 400 Ml+200 Ml,Kişisel Bakım,"159,95"
Durex Daha Yakın Hisset Prezervatif 10'lu,Kişisel Bakım,"229,90"
Durex İntense Prezervatif 10'lu,Kişisel Bakım,"420,00"
Durex Klasik Prezervatif 12'li,Kişisel Bakım,"220,00"
Durex Maraton Geciktiricili Prezervatif 10'lu,Kişisel Bakım,"269,90"
Durex Nude 8 li,Kişisel Bakım,"389,90"
Durex Play Aloe Vera Masaj Jeli,Kişisel Bakım,"499,90"
Durex Yakın Hisset 8'Lİ,Kişisel Bakım,"229,90"
Durex Yok Ötesi Ekstra Zevk 10'lu,Kişisel Bakım,"375,90"
Durex Yok Ötesi Slim Fit 10 Adet,Kişisel Bakım,"375,90"
Durex Yok Ötesi Ultra Kaygan Prezervatif 10'lu,Kişisel Bakım,"375,90"
Durex Yok Ötesi XL 10 Adet,Kişisel Bakım,"375,90"
Duru Arıncıdırı&Hacim Veren Şampuan 400 ML,Kişisel Bakım,"78,90"
Duru Avokado Kokulu Sıvı Sabun 500 Ml,Kişisel Bakım,"79,90"
"Duru Avokado Kokulu Sıvı Sabunu 1,5 Lt",Kişisel Bakım,"199,90"
Duru Body Scrub Crystal Duj Jeli,Kişisel Bakım,"139,93"
Duru Body Scrub Gold Duj Jeli,Kişisel Bakım,"139,93"
Duru Dökülme Karşıtı Şampuan 400 ML,Kişisel Bakım,"78,90"
Duru Fresh Sensations Çiçek Tazeliği Duş Sabunu 4'lü 150 Gr,Kişisel Bakım,"137,50"
Duru Fresh Sensations Okyanus Esintisi Duş Sabunu 4'lü 150 Gr,Kişisel Bakım,"137,50"
Duru Güçlü&Parlak Saç Bakım Kremi 385 ML,Kişisel Bakım,"78,90"
"Duru Hindistan Cevizi Kokulu Sıvı Sabun 1,5 Lt",Kişisel Bakım,"149,90"
Duru Hindistan Cevizi Kokulu Sıvı Sabun 500 ML,Kişisel Bakım,"79,90"
Duru Hydro Pure Aloe Vera Kalıp Sabun 270 Gr,Kişisel Bakım,"129,90"
Duru Hydro Pure Sakura Kalıp Sabun 270 Gr,Kişisel Bakım,"129,90"
Duru İlk Hasat Zeytin Yağlı Duş Sabunu 4*12,Kişisel Bakım,"99,90"
Duru Kaktüs Çiçeği Ferahlığı Duş Jeli 450 Ml,Kişisel Bakım,"104,93"
Duru Kepeğe Karşı Şampuan 400 ML,Kişisel Bakım,"78,90"
"Duru Kiraz Çiçeği Kokulu Sıvı Sabun 1,5 Lt",Kişisel Bakım,"149,90"
Duru Kiraz Çiçeği Kokulu Sıvı Sabun 500 ML,Kişisel Bakım,"79,90"
Duru Limon Kolanya Bidon 900 Ml,Kişisel Bakım,"139,95"
Duru Limon Kolonyası Pet 400 Ml,Kişisel Bakım,"99,90"
Duru Limon Kolonyası Sprey 150 Ml,Kişisel Bakım,"99,90"
Duru Mandalina&Greyfurt Kokulu Sıvı Sabun 500 ML,Kişisel Bakım,"79,90"
Duru Moods Deniz Mineralleri ve Aloe Vera Özlü Duş Jeli 450 Ml,Kişisel Bakım,"69,93"
Duru Moods Lavanta ve Yasemin Özlü Duş Jeli 450 Ml,Kişisel Bakım,"69,93"
Duru Natural Olive Zeytinyağı Özlü Banyo Sabunu 4'lü 150 Gr,Kişisel Bakım,"149,90"
Duru Natural Olive Zeytinyağı Özlü Banyo Sabunu 4'lü 150 Gr,Kişisel Bakım,"99,90"
Duru Okyanus Ferahlığı Duş Jeli 450 Ml,Kişisel Bakım,"104,93"
"Duru Okyanus Kokulu Sıvı Sabun 1,5 Lt",Kişisel Bakım,"149,90"
Duru Okyanus Kokulu Sıvı Sabun 500 ML,Kişisel Bakım,"79,90"
Duru Okyanus Kolonyası Pet 400 Ml,Kişisel Bakım,"99,90"
Duru Perfume Lotus Çiçeği Özlü Duş Jeli 450 Ml,Kişisel Bakım,"104,93"
Duru Perfume Orkide Özlü Duş Jeli 450 Ml,Kişisel Bakım,"104,93"
Duru Sabun Diamonds Series 4X90 Gr. Blue,Kişisel Bakım,"129,90"
Duru Sabun Diamonds Series 4X90 Gr. Green,Kişisel Bakım,"129,90"
Duru Sabun Diamonds Series 4X90 Gr. Red,Kişisel Bakım,"129,90"
Duru Sabun Okyanus Ferahlığı 4*100 Gr,Kişisel Bakım,"139,90"
Duru Saf ve Doğal Gül Kokulu Banyo Sabunu 4*150 Gr,Kişisel Bakım,"99,90"
Duru Saf ve Doğal Gül Kokulu Güzellik Sabunu 4*70 Gr,Kişisel Bakım,"49,90"
Duru Saf ve Doğal Klasik Güzellik Sabunu 4*70 Gr,Kişisel Bakım,"49,90"
Duru Saf ve Doğal Lavanta Kokulu Banyo Sabunu 4*150 Gr,Kişisel Bakım,"99,90"
Duru Saf ve Doğal Lavanta Kokulu Güzellik Sabunu 4*70 Gr,Kişisel Bakım,"49,90"
Duru Saf%Doğal Klasik Banyo Sabunu 4*150 Gr,Kişisel Bakım,"99,90"
Duru Yoğun Nem& Onarım Şampuan400 Ml,Kişisel Bakım,"78,90"
"Duru Zeytinyağlı Sıvı Sabun 1,5 Lt",Kişisel Bakım,"149,90"
Duru Zeytinyağlı Sıvı Sabun 500 Ml,Kişisel Bakım,"79,90"
Egos Saç Jölesi Wax 100 ml Islak Sert,Kişisel Bakım,"279,90"
Egos Krem Jöle 150 ml,Kişisel Bakım,"179,90"
Elidor 7/24 Şekillendirici Saç Bakım Kremi Belirgin Bukleler 240 Ml,Kişisel Bakım,"129,90"
Elidor 7/24 Şekillendirici Saç Bakım Kremi Elektriklenme Önleyici Argan Yağı & Bal 265 Ml,Kişisel Bakım,"129,90"
Elidor 7/24 Şekillendirici Saç Bakım Kremi Onarıcı Etki Keratin & Çay Ağacı Yağı 265 Ml,Kişisel Bakım,"129,90"
Elidor Anında Onarıcı Saç Bakım Kremi 350 ml,Kişisel Bakım,"149,90"
Elidor Anında Onarıcı Saç Bakım Maskesi 160 ml,Kişisel Bakım,"99,90"
Elidor Anında Onarıcı Şampuan 400 ml,Kişisel Bakım,"165,90"
Elidor Anında Onarıcı Sıvı Saç Bakım Kremi 200 Ml,Kişisel Bakım,"129,90"
Elidor Argan Yağı & Hibiskus Şampuan 400 Ml,Kişisel Bakım,"99,90"
Elidor Avokado&Castor Oil Nemlendirici Etkili Saç Bakım Kremi 350 ML,Kişisel Bakım,"165,90"
Elidor Avokado&Castor Oil Nemlendirici Etkili Şampuan 400 ML,Kişisel Bakım,"199,90"
Elidor Brezilya Keratin Terapisi Şampuan 400 ml,Kişisel Bakım,"165,90"
Elidor Brezilya Keratin Terapisi Serum Bakım Kremi 350 ml,Kişisel Bakım,"129,90"
Elidor Brezilya Keratin Terapisi Sıvı Saç Bakım Sütü 200 ml,Kişisel Bakım,"199,90"
Elidor Brezilya Keratin Terapisi  Bakım Kürü 90 ml,Kişisel Bakım,"115,90"
Elidor Doğanın Enerjisi Avokado Üzüm Çekirdeği Yağı Bakım Kremi 350 Ml,Kişisel Bakım,"109,90"
Elidor Doğanın Enerjisi Hindistan Cevizi Yağı Sampuan 400 Ml,Kişisel Bakım,"99,90"
Elidor Dökülme Karşıtı Biberiye Özlü Saç Bakım Kremi 350 ML,Kişisel Bakım,"165,90"
Elidor Dökülme Karşıtı Biberiye Özlü Saç Toniği 90 ML,Kişisel Bakım,"269,90"
Elidor Dökülme Karşıtı Biberiye Özlü Şampuan 400 ML,Kişisel Bakım,"165,90"
Elidor Elektriklenme Karşıtı Saç Bakım Yağı 80 ML,Kişisel Bakım,"269,90"
Elidor Esmer Parlaklık Saç Bakım Kremi 350 ml,Kişisel Bakım,"99,90"
Elidor Güçlü & Parlak 2'si 1 Arada Şampuan 400 ml,Kişisel Bakım,"165,90"
Elidor Güçlü & Parlak Şampuan 400 ml,Kişisel Bakım,"165,90"
Elidor Güçlü Parlak Şampuan 400 ML+200 ML,Kişisel Bakım,"225,90"
Elidor Güçlü Ve Parlak Saçlar 1 Dakikada Onarıcı Süper Bakım Kremi 170 Ml,Kişisel Bakım,"99,90"
Elidor Güçlü ve Parlak Saçlar İçin Bakım Şampuanı 500 Ml,Kişisel Bakım,"189,90"
Elidor Güçlü Ve Parlak Sıvı Saç Bakım Kremi 200 Ml,Kişisel Bakım,"129,90"
Elidor İpeksi Yumuşaklık Saç Kremi 350 ML,Kişisel Bakım,"165,90"
Elidor İpeksi Yumuşaklık Saç Şampuanı 400 ML,Kişisel Bakım,"165,90"
Elidor Kepeğe Karşı Etkili 2 si 1 Arada Şampuan 400 ml,Kişisel Bakım,"165,90"
Elidor Keratin Bakım Maske 250 Ml,Kişisel Bakım,"249,95"
Elidor Onarıcı Bakım Şampuanı 500 Ml,Kişisel Bakım,"189,90"
Elidor Saç Dökülmesine Karşı Saç Bakım Kremi 350 ml,Kişisel Bakım,"149,90"
Elidor Sağlıklı Uzayan Saçlar Saç Bakım Kremi 350 ml,Kişisel Bakım,"149,90"
Elidor Sağlıklı Uzayan Saçlar Şampuan 400 ml,Kişisel Bakım,"165,90"
Elidor Ultra Işıltı Saç Bakım Kremi 350 Ml,Kişisel Bakım,"179,90"
Elidor Ultra Işıltı Saç Kurtarıcı Sprey 200 Ml,Kişisel Bakım,"199,90"
Elidor Ultra Işıltı Saç Maskesi 220 Ml,Kişisel Bakım,"249,95"
Elidor Ultra Işıltı Saç Serumu 90 Ml,Kişisel Bakım,"299,95"
Elidor Ultra Işıltı Yoğun Parlaklık Saç Bakım Şampuanı 400 Ml,Kişisel Bakım,"225,90"
Elseve Bukle Belirginleştirici Saç Bakım Kremi 200 Ml,Kişisel Bakım,"419,90"
Elseve Color Vive Turunculaşma Karşıtı Mor Şampuan 200 Ml,Kişisel Bakım,"599,90"
Elseve Extra Ordinary Oil Saç Bakım Yağı 100 Ml,Kişisel Bakım,"699,90"
Elseve Hydra Pure Saç Kremi 250 Ml,Kişisel Bakım,"179,95"
Elseve Mucizevi Yağ Saç Güzelleştirici Krem 150 Gr,Kişisel Bakım,"469,90"
Elseve Mucizevi Yağ Saç Güzelleştirici Krem 150 Ml,Kişisel Bakım,"469,90"
Emotion Bliss Deodorant 150 Ml,Kişisel Bakım,"189,90"
Emotion Deodorant Love 100 Ml,Kişisel Bakım,"189,90"
Emotion Deodorant Ocean Fresh 100 Ml,Kişisel Bakım,"189,90"
Emotion Invisible Fresh Black&White Sprey Deodorant 150 Ml,Kişisel Bakım,"189,90"
Emotion Invısıble Fresh Roll On Deodorant 50 Ml,Kişisel Bakım,"189,90"
Emotion Joy Deodorant 150 Ml,Kişisel Bakım,"189,90"
Emotion Love Sprey Deodorant 150 Ml,Kişisel Bakım,"189,90"
Emotion Naturel Bloom Deo 150 Ml,Kişisel Bakım,"189,90"
Emotion Naturel Breeze Roll On Deodorant 50 Ml,Kişisel Bakım,"189,90"
Emotion Romance Sprey Deodorant 150 Ml,Kişisel Bakım,"189,90"
Emotion Violet Sprey Deodorant 150 Ml,Kişisel Bakım,"189,90"
Evony Mesane Pedi 10 Adet,Kişisel Bakım,"89,90"
Fa Men Roll-On 50 ml Invisible Power,Kişisel Bakım,"127,90"
Fa Roll-On 50 ml Aqua,Kişisel Bakım,"127,90"
Fa Roll-On 50 ml Pink Passion,Kişisel Bakım,"127,90"
Fa Roll-On 50 ml Sport,Kişisel Bakım,"127,90"
Fax Ayvalık Zeytin Yağı EcoPack 70G*4,Kişisel Bakım,"59,90"
Fax Ayvalık Zeytin Yağı Kalıp Sabun 150G*4,Kişisel Bakım,"99,90"
Fax lavanta&Yasemin Kokulu Sıvı Sabun 3 Lt,Kişisel Bakım,"115,90"
"Fax Okyanus Ferahlığı Sıvı Sabun 1,5 Lt",Kişisel Bakım,"89,90"
Fax Okyanus Ferahlığı Sıvı Sabun 500 Ml,Kişisel Bakım,"59,90"
Fax Saf Sabun Beyaz Ecopack 70G*4,Kişisel Bakım,"59,90"
Fax Sıvı Sabun Ayv. Zeytin Bahçesi 500Ml,Kişisel Bakım,"59,90"
Fixodent Professional Protez Diş Yapıştırıcı Krem 40 Gr,Kişisel Bakım,"199,95"
Fixodent Professional Protez Diş Yapıştırıcı Krem(Aroma İçermez) 40 Gr,Kişisel Bakım,"199,95"
Garnier C Vitamini Aydınlatıcı Serum 30 Ml,Kişisel Bakım,"869,90"
Garnier Besleyici Çift Fazlı Micellar Temizleme Suyu 400 Ml,Kişisel Bakım,"639,90"
Garnier C Vitamini Günlük Güneş Koruyucu Işıltılı Doku Yüz Kremi,Kişisel Bakım,"799,90"
Garnier C Vitamini Günlük Güneş Koruyucu Yüz Kremi,Kişisel Bakım,"799,90"
Garnier C Vitamini Parlak Günlük Nemlendirici Jel 50 Ml,Kişisel Bakım,"699,90"
Garnier C Vitamini Süper Aydınlatıcı Gece Serumu,Kişisel Bakım,"899,90"
Garnier Çarpıcı Renkler 3.0 Çarpıcı Kahve Saç Boyası,Kişisel Bakım,"139,90"
Garnier Çarpıcı Renkler 5.0 Parlak Açık Kahve Saç Boyası,Kişisel Bakım,"139,90"
Garnier Çarpıcı Renkler 5.62 Parlak Lal Kırmızı Saç Boyası,Kişisel Bakım,"139,90"
Garnier Çarpıcı Renkler 6.35 Çarpıcı Altın Kahve Saç Boyası,Kişisel Bakım,"139,90"
Garnier Çarpıcı Renkler 8.0 Parlak Koyu Sarı Saç Boyası,Kişisel Bakım,"139,90"
Garnier Çarpıcı Renkler Ekstra Açık Elmas Sarısı,Kişisel Bakım,"139,90"
Garnier Color Naturals 3 Koyu Kahve Saç Boyası,Kişisel Bakım,"139,90"
Garnier Color Naturals 4 Sultan Bakırı Saç Boyası,Kişisel Bakım,"139,90"
Garnier Color Naturals 4.0 Yoğun Kahve Saç Boyası,Kişisel Bakım,"139,90"
Garnier Color Naturals 4.15 Buzlu Kestane Saç Boyası,Kişisel Bakım,"139,90"
Garnier Color Naturals 5 Açık Kahve Saç Boyası,Kişisel Bakım,"139,90"
Garnier Color Naturals 5.52 Çikolata Kahve Saç Boyası,Kişisel Bakım,"139,90"
Garnier Color Naturals 6 Koyu Kumral Saç Boyası,Kişisel Bakım,"139,90"
Garnier Color Naturals 6.0 Çarpıcı Yoğun Koyu Kumral Saç Boyası,Kişisel Bakım,"139,90"
Garnier Color Naturals 6.34 Altın Kumral Saç Boyası,Kişisel Bakım,"139,90"
Garnier Color Naturals 7 Doğal Kumral Saç Boyası,Kişisel Bakım,"139,90"
Garnier Color Naturals 7 Kumral Saç Boyası,Kişisel Bakım,"139,90"
Garnier Color Naturals 7.0 Yoğun Kumral Saç Boyası,Kişisel Bakım,"139,90"
Garnier Color Naturals 7.1 Küllü Kumral Saç Boyası,Kişisel Bakım,"139,90"
Garnier Color Naturals 7.12 İnci Kumral Saç Boyası,Kişisel Bakım,"139,90"
Garnier Color Naturals 7.3 Fındık Kabuğu Saç Boyası,Kişisel Bakım,"139,90"
Garnier Color Naturals 8 Doğal Açık Kumral Saç Boyası,Kişisel Bakım,"139,90"
Garnier Color Naturals 8 Koyu Sarı Saç Boyası,Kişisel Bakım,"139,90"
Garnier Color Naturals No:4 Kahve Saç Boyası,Kişisel Bakım,"139,90"
Garnier Dudak Nemlendiri Bakım Maskesi,Kişisel Bakım,"239,90"
Garnier Hassas Ve Kuru Ciltler Için Nem Bombası Dinlendirici Kağıt Maske 32 Ml,Kişisel Bakım,"239,90"
Garnier Hyaluronik Aloe Micellar Kusursuz Makyaj Temizleme Suyu 400 Ml,Kişisel Bakım,"639,90"
Garnier Hyaluronik Kriyo Jel Yorgunluk Karşıtı Maske 27 Gr,Kişisel Bakım,"259,90"
Garnier Hyaluronik Serum 30 Ml,Kişisel Bakım,"869,90"
Garnier Micellar Kömür Kusursuz Makyaj Temizleyici Jel 400 Ml,Kişisel Bakım,"639,90"
Garnier Mineral Doğal Ferahlık 48 Saat Etkili Pudrasız Sprey Deodorant 150 Ml,Kişisel Bakım,"169,90"
Garnier Mineral Lekesiz Koruma Ferah Koku 48 Saat Etkili Sprey Deodorant 150 Ml,Kişisel Bakım,"169,90"
Garnier Mineral Saf&Temiz 48 Saat Etkili Sprey Deodorant 150 Ml,Kişisel Bakım,"169,90"
Garnier Mineral Termal Koruma 72 Saat Etkili Sprey Deodorant 150 Ml,Kişisel Bakım,"169,90"
Garnier Mineral Ultra Kuru 48 Saat Etkili Roll-On Deodorant 50 Ml,Kişisel Bakım,"169,90"
Garnier Mineral Ultra Kuru 48 Saat Etkili Sprey Deodorant 150 Ml,Kişisel Bakım,"169,90"
Garnier Nem Bombası Karma ve Yağlı Ciltler İçin Ferahlatıcı Kağıt Maske 32 Gr,Kişisel Bakım,"239,90"
Garnier Nem Bombası Normal ve Kuru Ciltler İçin Canlandırıcı Kağıt Maske 32 Gr,Kişisel Bakım,"239,90"
Garnier Nem Bombası Portakal Özlü Göz Altı Torbalarına Karşı Kağıt Maske 6 Gr,Kişisel Bakım,"229,90"
Garnier Saf & Temiz 3'ü 1 Arada Yağlanma Ve Pürüzlere Karşı Temizleme Jeli 150 Ml,Kişisel Bakım,"699,90"
Garnier Saf ve Temiz Bha Niasinamid Günlük Güneş Koruyucu Fluid Yüz Kremi Spf 50+ 40 Ml,Kişisel Bakım,"799,90"
Garnier Saf&Temiz Kusursuz Makyaj Temizleme Suyu 400 Ml,Kişisel Bakım,"449,90"
Garnier Siyah Serum Aha Bha Cilt Kusurları Karşıtı Peeling Etkili Serum 30 Ml,Kişisel Bakım,"899,90"
Gilette Sensor 3 Yedek Bıçak Tıraş Bıçağı,Kişisel Bakım,"439,95"
Gillette Blue 2 Plus Tıraş Bıçağı 10'lu,Kişisel Bakım,"375,90"
Gillette Blue 2 Regular Tıraş Bıçağı 10'lu,Kişisel Bakım,"359,95"
Gillette Blue 2 Regular Tıraş Bıçağı 5'li,Kişisel Bakım,"179,95"
Gillette Blue 3 Cool Comfort Fresh Tıraş Bıçağı 6'lı,Kişisel Bakım,"375,95"
Gillette Blue 3 Hybrid Tıraş Bıçağı 8'li,Kişisel Bakım,"427,95"
Gillette Blue 3 Özel Seri Tıraş Bıçağı 6'lı,Kişisel Bakım,"375,95"
Gillette Blue 3 Slalom 8' Li Poşet,Kişisel Bakım,"427,95"
Gillette Blue 3 Slalom Kullan-At Tıraş Bıçağı 9+3 Adet,Kişisel Bakım,"599,90"
Gillette Blue 3 Tıraş Bıçağı 3'lü,Kişisel Bakım,"199,95"
Gillette Blue 3 Tıraş Bıçağı 6'lı,Kişisel Bakım,"375,95"
Gillette Blue3 Comfort Slalom Tıraş Bıçağı 6+2,Kişisel Bakım,"374,95"
Gillette For Women Venüs Yedekli Kadın Tıraş Makinesi,Kişisel Bakım,"525,95"
Gillette Fusion 5X Sensitive Badem Yağlı Tıraş Jeli 200 Ml,Kişisel Bakım,"299,95"
Gillette Fusion Proglide Yedek Tıraş Bıçağı 2'li,Kişisel Bakım,"619,95"
Gillette Fusion Start Makine+2 Yedek,Kişisel Bakım,"499,95"
Gillette Fusion Tıraş Makinesi Tekli + 2 Yedek Bıçak,Kişisel Bakım,"592,95"
Gillette Fusion Yedek Tıraş Bıçağı 2'li,Kişisel Bakım,"554,95"
Gillette Mach 3 Charcoal,Kişisel Bakım,"529,95"
Gillette Mach 3 Charcoal 2'Li,Kişisel Bakım,"355,95"
Gillette Mach 3 Charcoal 4'Lü,Kişisel Bakım,"645,95"
Gillette Mach 3 Start Makine+3 Yedek,Kişisel Bakım,"539,95"
Gillette Mach3 Authentic Start Yedek Tıraş Bıçağı 2'li,Kişisel Bakım,"279,95"
Gillette Mach3 Authentic Start Yedek Tıraş Bıçağı 4'lü,Kişisel Bakım,"509,95"
Gillette Mach3 Turbo Tıraş Makinesi Tekli + 2 Yedek Bıçak,Kişisel Bakım,"595,90"
Gillette Mach3 Turbo2 Tıraş Bıçağı,Kişisel Bakım,"529,95"
Gillette Mach3 Yedek Tıraş Bıçağı 2'li,Kişisel Bakım,"355,95"
Gillette Mach3 Yedek Tıraş Bıçağı 4'lü,Kişisel Bakım,"555,95"
Gillette Normal Tıraş Köpüğü 200 Ml,Kişisel Bakım,"169,95"
Gillette Permatik Banyo Tıraş Bıçağı 10'lu,Kişisel Bakım,"189,95"
Gillette Permatik Banyo Tıraş Bıçağı 5'li,Kişisel Bakım,"102,95"
Gillette Permatik Tıraş Bıçağı 10'lu,Kişisel Bakım,"189,95"
Gillette Permatik Tıraş Bıçağı 5'li,Kişisel Bakım,"102,95"
Gillette Seeries Tıraş Jeli 200 Ml,Kişisel Bakım,"239,95"
Gillette Sensor 3 Comfort +4 Yedek Tıraş Bıçağı,Kişisel Bakım,"289,95"
Gillette Series Nemlendiricili Tıraş Jeli 200 Ml,Kişisel Bakım,"239,95"
Gillette Simply Venüs 2 Blades Kadın Tıraş Bıçağı 4'lü,Kişisel Bakım,"99,95"
Gillette Simply Venüs 2 Blades Kadın Tıraş Bıçağı 5'li,Kişisel Bakım,"99,95"
Gillette Simply Venüs Basic 4'lü,Kişisel Bakım,"263,95"
Gillette Tıraş Jeli 200 Ml,Kişisel Bakım,"195,90"
Gillette Venüs Breeze Yedekli Kadın Tıraş Makinesi,Kişisel Bakım,"622,95"
Gillette Venüs Kadın Tıraş Bıçağı 2'li,Kişisel Bakım,"459,90"
Gillette Venüs Kadın Tıraş Makinası,Kişisel Bakım,"617,95"
Gliss Aqua Revive Saç Bakım Kremi 360 ML,Kişisel Bakım,"169,95"
Gliss Aqua Revive Şampuan 400 ML,Kişisel Bakım,"125,90"
Gliss Oil Nutritive Şampuan 400 Ml,Kişisel Bakım,"125,90"
Gliss Saç Kremi Color Perfector Renk Koruyucu 360 ml,Kişisel Bakım,"169,95"
Gliss Split Hair Miracle Şampuan 400 Ml,Kişisel Bakım,"125,90"
Gliss Supreme Length Şampuan 400 Ml,Kişisel Bakım,"125,90"
H&S Besleyici Bakım 1in1 Şampuan 330 Ml,Kişisel Bakım,"139,90"
H&S Derinlemesine Nemlendirici Hindistan Cevizi 1in1 Şampuan 330 Ml,Kişisel Bakım,"139,90"
H&S Dermoxpra Nemlendirici Saç Derisi Balsamı 145 Ml,Kişisel Bakım,"159,90"
H&S Dermoxpra Onarıcı Saç Derisi Balsamı 145 Ml,Kişisel Bakım,"159,90"
H&S Ekstra Hacim 1in1 Şampuan 330 Ml,Kişisel Bakım,"139,90"
H&S Kadınlara Özel Saç Dökülmelerine Karşı Etkili 1in1 Şampuan 330 Ml,Kişisel Bakım,"139,90"
H&S Klasik Bakım 1in1 Şampuan 330 Ml,Kişisel Bakım,"139,90"
H&S Limon Ferahlığı 1in1 Şampuan 330 Ml,Kişisel Bakım,"139,90"
H&S Nemlendirici Bakım 1in1 Şampuan 330 Ml,Kişisel Bakım,"139,90"
H&S Saç Dökülme Karşıtı Kafein Etkili Şampuan 330 Ml,Kişisel Bakım,"139,90"
Head & Shoulders Derinlemesine Nemlendirici Saç Bakım Kremi 275 Ml,Kişisel Bakım,"99,90"
Head&Shoulder Dökülme Karşıtı İkisi Bir Arada Şampuan 300 Ml,Kişisel Bakım,"139,90"
Head&Shoulder İpeksi Yumuşaklık İkisi Bir Arada Şampuan 300 Ml,Kişisel Bakım,"139,90"
Head&Shoulder Klasik Bakım İkisi Bir Arada Şampuan 300 Ml,Kişisel Bakım,"139,90"
Head&Shoulder Limon Tazeliği İkisi Bir Arada Şampuan 300 Ml,Kişisel Bakım,"139,90"
Head&Shoulder Mentol Ferahlığı İkisi Bir Arada Şampuan 300 Ml,Kişisel Bakım,"139,90"
Head&Shoulder Saç Derisi Canlandırıcı Etkili Şampuan 300 Ml,Kişisel Bakım,"248,95"
Head&Shoulders Derinlemesine Temiz Kaşıntı Giderici Nane 300ML,Kişisel Bakım,"139,90"
Head&Shoulders Derinlemesine Temiz Yağlanma Kontrolü Limon 300ML,Kişisel Bakım,"139,90"
Head&Shoulders Derinlemesine Temiz Yoğun Ferahlik Deniz Mineralleri 300ML,Kişisel Bakım,"139,90"
Johnson's Baby Morning Kolonya 200 Ml,Kişisel Bakım,"194,90"
Koru Oje Çıkarıcı 200 Ml,Kişisel Bakım,"75,00"
Kotex 2in1 Regl+Mesane Normal Hijyenik Ped 14'lü,Kişisel Bakım,"115,90"
Kotex İnce Günlük Hijyenik Ped 56'lı,Kişisel Bakım,"89,90"
Kotex İnce Günlük Ped 34'lü,Kişisel Bakım,"63,90"
Kotex Natural Ultra Gece Hijyenik Ped 14'lü,Kişisel Bakım,"169,90"
Kotex Natural Ultra Normal Hijyenik Ped 22'li,Kişisel Bakım,"169,90"
Kotex Natural Ultra Uzun Hijyenik Ped 16'lı,Kişisel Bakım,"169,90"
Kotex Regl Gece Külodu 2'li,Kişisel Bakım,"99,90"
Kotex Tampon Normal 16'lı,Kişisel Bakım,"138,95"
Kotex Tampon Süper 16'lı,Kişisel Bakım,"138,95"
Kotex Ultra Kanatlı Gece Hijyenik Ped 22'li,Kişisel Bakım,"204,90"
Kotex Ultra Kanatlı Normal Hijyenik Ped 30'lu,Kişisel Bakım,"204,90"
Kotex Ultra Kanatlı Uzun Hijyenik Ped 28'li,Kişisel Bakım,"204,90"
Kotex Ultra Normal Hijyenik Ped 8'li,Kişisel Bakım,"74,90"
Kotex Ultra Normal Süper Ekonomik Hijyenik Ped 24'lü,Kişisel Bakım,"139,90"
Kotex Ultra Süper Ekonomik Gece Hijyenik Ped 16'lı,Kişisel Bakım,"139,90"
Kotex Ultra Süper Ekonomik Uzun Hijyenik Ped 18'li,Kişisel Bakım,"139,90"
Kotex Ultra Uzun Hijyenik Ped 7'li,Kişisel Bakım,"74,90"
Le Petit Marseillais Akdeniz Çileği Banyo ve Duş Jeli 400 Ml,Kişisel Bakım,"299,90"
Le Petit Marseillais Beyaz Şeftali&Nektarin Banyo ve Duş Jeli 400 Ml,Kişisel Bakım,"299,90"
Le Petit Marseillais Lavanta Balı Duş Jeli 400 Ml,Kişisel Bakım,"299,90"
Le Petit Marseillais Lpm Akdeniz Çileği Duş Jeli 650 ml,Kişisel Bakım,"399,90"
Le Petit Marseillais Lpm Beyaz Şeftali & Nektarin Duş Jeli 650 ml,Kişisel Bakım,"399,90"
Le Petit Marseillais Lpm Çilek Duş Jeli 2*400 ml,Kişisel Bakım,"299,90"
Le Petit Marseillais Lpm Duş Jeli Şeftali 2*400 ml,Kişisel Bakım,"299,90"
Le Petit Marseillais Lpm Organik Mango&Çarkıfelek Meyvesi Duş Jeli 400 Ml,Kişisel Bakım,"299,90"
Le Petit Marseillais Lpm Vanilya Sütü Duş Jeli 650 ml,Kişisel Bakım,"399,90"
Le Petit Marseillais Men Ardıç Ağacı ve Füjer Duş Jeli 400 Ml,Kişisel Bakım,"299,90"
Le Petit Marseillais Men Mineraller ve Sedir Ağacı Duş Jeli 400 Ml,Kişisel Bakım,"299,90"
Le Petit Marseillais Pamuk Sütü Sıvı Sabun 500 Ml,Kişisel Bakım,"199,90"
Le Petit Marseillais Vanilya Sütü Banyo ve Duş Jeli 400 Ml,Kişisel Bakım,"299,90"
Le Petit Marseillais Zeytinyağlı Sıvı Sabun 500 Ml,Kişisel Bakım,"199,90"
Listerine Advanced White Nane Aromalı Ağız Bakım Suyu 500 Ml,Kişisel Bakım,"329,90"
Listerine Cool Mint Ağız Suyu 95 Ml,Kişisel Bakım,"89,90"
Listerine Cool Mint Hafif Tat Ağız Bakım Suyu 500 Ml,Kişisel Bakım,"299,90"
Listerine Cool Mint Nane Aromalı Ağız Bakım Suyu 250 Ml,Kişisel Bakım,"179,90"
Listerine Cool Mint Nane Aromalı Ağız Bakım Suyu 500 Ml,Kişisel Bakım,"299,90"
Listerine Diş ve Diş Eti Koruması Hafif Tat Ağız Bakım Suyu 250 Ml,Kişisel Bakım,"199,90"
Listerine Diş ve Diş Eti Koruması Hafif Tat Ağız Bakım Suyu 500 Ml,Kişisel Bakım,"329,90"
Listerine Fresh Burst Ferah Nane Ağız Bakım Suyu 250 Ml,Kişisel Bakım,"179,90"
Listerine Fresh Burst Ferah Nane Ağız Bakım Suyu 500 Ml,Kişisel Bakım,"299,90"
Listerine Stay White Serinletici Nane Ağız Bakım Suyu 250 Ml,Kişisel Bakım,"199,90"
Listerine Stay White Serinletici Nane Ağız Bakım Suyu 500 Ml,Kişisel Bakım,"329,90"
Listerine Total Care Ağız Bakım Suyu 250 Ml,Kişisel Bakım,"199,90"
Listerine Total Care Hafif Nane Aromalı Ağız Bakım Suyu 500 Ml,Kişisel Bakım,"329,90"
Listerine Total Care Zero Ağız Bakım Suyu 250 Ml,Kişisel Bakım,"199,90"
Loreal Elseve Dream Long Bye-Bye Makas Durulanmayan Saç Bakım Kremi 200 Ml,Kişisel Bakım,"419,90"
L'oreal Paris 30+ Yaş Uzmanı Krem 50 Gr,Kişisel Bakım,"869,90"
L'Oreal Paris Aydınlatıcı Temizleme Jeli,Kişisel Bakım,"899,90"
L'Oreal Paris Bright Reveal Serum İçerikli Temizleme Jeli,Kişisel Bakım,"729,90"
L'Oreal Paris Bright Reveal Yenileyici Peeling Serum,Kişisel Bakım,"729,90"
Loreal Paris Elseve 6 Mucizevi Yağ Besleyici Maske 300 Ml,Kişisel Bakım,"599,90"
Loreal Paris Elseve Bond Repair Saç Bakım Kremi 150 Ml,Kişisel Bakım,"699,90"
Loreal Paris Elseve Bond Repair Şampuan 200 Ml,Kişisel Bakım,"699,90"
L'Oréal Paris Elseve Colorvive Renk Koruyucu Bakım Şampuanı 300 ml,Kişisel Bakım,"139,90"
L'Oréal Paris Elseve Colorvive Renk Koruyucu Saç Bakım Kremi 250 ml,Kişisel Bakım,"139,90"
L'Oreal Paris Elseve Dream Long Kırık Uç Onarıcı Bakım Şampuanı 300ml,Kişisel Bakım,"139,90"
L'Oreal Paris Elseve Dream Long Kırık Uç Onarıcı Saç Bakım Kremi 250ml,Kişisel Bakım,"139,90"
L'Oréal Paris Elseve Dream Long Mükemmel Düz Pürüzsüzleştirici Serum 100 Ml,Kişisel Bakım,"569,90"
L'Oréal Paris Elseve Hydra [Hyaluronic] Nem Dolduran Bakım Şampuanı 300ml,Kişisel Bakım,"179,95"
Loreal Paris Elseve Hydra Hyaluronic 72 Saat Nem ile Dolgunlaştıran Maske 300 Ml,Kişisel Bakım,"649,90"
Loreal Paris Elseve Hydra Hyaluronic Nem İle Dolgunlaştıran Serum 150 Ml,Kişisel Bakım,"569,90"
L'Oréal Paris Elseve Komple Onarıcı 5 Yapılandırıcı Bakım Şampuanı 300 ml,Kişisel Bakım,"139,90"
L'Oréal Paris Elseve Komple Onarıcı 5 Yapılandırıcı Saç Bakım Kremi 250 ml,Kişisel Bakım,"139,90"
L'Oréal Paris Elseve Mucizevi Yağ Besleyici Bakım Şampuanı 300 ml,Kişisel Bakım,"139,90"
Loreal Paris Elseve Uzun Saç Kurtarıcı Maske 300 Ml,Kişisel Bakım,"599,90"
L'Oreal Paris Elvese Saç Bakım Kremi,Kişisel Bakım,"699,90"
L'Oreal Paris Elvese Sülfatsız Şampuan,Kişisel Bakım,"699,90"
L'Oreal Paris Elvive Leave-In Serum,Kişisel Bakım,"569,90"
Loreal Paris Excellence Cool Creme 5.11 Ekstra Küllü Açık Kahve Saç Boyası,Kişisel Bakım,"557,95"
Loreal Paris Excellence Cool Creme 6.11 Ekstra Küllü Koyu Kumral Saç Boyası,Kişisel Bakım,"557,95"
Loreal Paris Excellence Cool Creme 7.11 Ekstra Küllü Kumral Saç Boyası,Kişisel Bakım,"557,95"
Loreal Paris Excellence Cool Creme 8.11 Ekstra Küllü Sarı Saç Boyası,Kişisel Bakım,"557,95"
L'Oreal Paris Excellence Creme 2 Siyah Saç Boyası,Kişisel Bakım,"557,95"
L'Oreal Paris Excellence Creme 3 Koyu Kestane Saç Boyası,Kişisel Bakım,"557,95"
L'Oreal Paris Excellence Creme 6.35 Çikolata Kahve Saç Boyası,Kişisel Bakım,"557,95"
L'Oreal Paris Excellence Creme 6.41 Fındık Kahve Saç Boyası,Kişisel Bakım,"557,95"
L'Oreal Paris Excellence Creme 7 Kumral Saç Boyası,Kişisel Bakım,"557,95"
L'Oreal Paris Excellence Creme 7.1 Küllü Kumral Saç Boyası,Kişisel Bakım,"557,95"
Loreal Paris Excellence Creme 8.1 Koyu Küllü Sarı Saç Boyası,Kişisel Bakım,"557,95"
L'Oreal Paris Excellence Creme Kahve 5 Saç Boyası,Kişisel Bakım,"557,95"
L'Oréal Paris Excellence Creme Nude Renkler 7 Saç Boyası,Kişisel Bakım,"604,95"
L'Oréal Paris Excellence Creme Nude Renkler Saç Boyası 6 Nude Koyu Kumral,Kişisel Bakım,"604,95"
L'Oreal Paris Excellence Creme Nude Renkler Saç Boyası 3 Nude Koyu Kahve,Kişisel Bakım,"604,95"
L'Oreal Paris Excellence Creme Türk Kahvesi 4.15 Saç Boyası,Kişisel Bakım,"557,95"
L'Oreal Paris Excellence Intense 7.43 Tarçın Bakır Saç Boyası,Kişisel Bakım,"557,95"
L'Oreal Paris Nem Terapisi Normalden Karmaya Ciltler Için Aloe Vera Suyu 70 Ml,Kişisel Bakım,"999,90"
Loreal Paris Revitalift Dolgunlaştırıcı Temizleme Jeli 150 Ml,Kişisel Bakım,"899,90"
L'Oreal Paris Serum Maske,Kişisel Bakım,"339,90"
Loreal Paris Yaş Uzmanı +40 Kırışıklık Karşıtı Sıkılaştırıcı Krem 50 Ml,Kişisel Bakım,"889,90"
Marc Çamaşır Makinesi Temizleyici Limon Ferahlığı 2 x 250 Ml,Kişisel Bakım,"179,90"
Molped Aktif Günler Günlük Hijyenik Ped 60'lı,Kişisel Bakım,"129,90"
Molped Extra Hijyen Antibakteriyel Ped Normal 24'lü,Kişisel Bakım,"99,95"
Molped Extra Hijyen Antibakteriyel Ped Uzun 18'li,Kişisel Bakım,"99,95"
Molped Extra Hijyen Süper Ekonomik Gece Ped 16'lı,Kişisel Bakım,"99,95"
Molped Her Gün Ferahlık Günlük Hijyenik Ped 20'li,Kişisel Bakım,"34,90"
Molped Her Gün Ferahlık Günlük Hijyenik Ped 60'lı,Kişisel Bakım,"99,90"
Molped Kanatlı Normal Hijyenik Ped 10'lu,Kişisel Bakım,"49,90"
Molped Kanatlı Uzun Hijyenik Ped 8'li,Kişisel Bakım,"49,90"
Molped Pure & Soft Uzun Hijyenik Ped 18'li,Kişisel Bakım,"99,95"
Molped Pure&Soft İnce Günlük Ped 16'lı,Kişisel Bakım,"39,90"
Molped Pure&Soft İnce Günlük Ped 32'li,Kişisel Bakım,"69,90"
Molped Pure&Soft Uzun Hijyenik Ped 6'lı,Kişisel Bakım,"39,90"
Molped Pure&Soft Uzun Hijyenik Ped 7'li,Kişisel Bakım,"39,90"
Molped Regl İlk&Son Gün Özel Uzun Günlük Hijyenik Ped 16'lı,Kişisel Bakım,"79,90"
Molped Regl İlk&Son Gün Özel Uzun Günlük Hijyenik Ped 28'li,Kişisel Bakım,"99,95"
Molped Super Night Gece Hijyenik Ped 14'lü,Kişisel Bakım,"99,95"
Molped Super Night Gece Hijyenik Ped 16'lı,Kişisel Bakım,"99,95"
Molped Super Night Gece Hijyenik Ped 6'lı,Kişisel Bakım,"39,90"
Molped Super Night Süper Gece Hijyenik Ped 5'li,Kişisel Bakım,"39,90"
Molped Ultra Gece Hijyenik Ped 7'li,Kişisel Bakım,"49,90"
Molped Ultra Normal Hijyenik Ped 10'lu,Kişisel Bakım,"49,90"
Molped Ultra Süper Ekonomik Gece Hijyenik 16' lı Ped,Kişisel Bakım,"99,95"
Molped Ultra Süper Ekonomik Uzun Hijyenik Ped 20'li,Kişisel Bakım,"99,95"
Molped Ultra Uzun Hijyenik Ped 8'li,Kişisel Bakım,"49,90"
Molped Yoğun Koruma Normal Günlük Hijyenik Ped 20'li,Kişisel Bakım,"89,95"
Neutrogena Bakım Kremi 300 Ml,Kişisel Bakım,"279,90"
Neutrogena Besleyici Bakım Kremi 200 Ml,Kişisel Bakım,"225,90"
Neutrogena Collagen Bank SPF 30 Gündüz Kremi,Kişisel Bakım,"989,90"
Neutrogena El Kremi Parfümlü 50 Ml,Kişisel Bakım,"79,90"
Neutrogena El ve Tırnak Bakım Kremi 75 ML,Kişisel Bakım,"179,90"
Neutrogena Hızlı Emilen Yağsız El Kremi 75 ML,Kişisel Bakım,"149,90"
Neutrogena Hydro Boost 3 Etkili Micellar Su 400 ML,Kişisel Bakım,"349,90"
Neutrogena Hydro Boost Jel El Kremi 75 ML,Kişisel Bakım,"269,90"
Neutrogena Hydro Boost Makyaj Temizleme Mendili 25'li,Kişisel Bakım,"279,90"
Neutrogena Hydro Boost Water Gel Nemlendirici Krem 50,Kişisel Bakım,"799,90"
Neutrogena Hydro Boost Water Gel Yüz Temizleyici Jel 200 Ml,Kişisel Bakım,"429,90"
Neutrogena Parfümlü El Kremi 75 ML + Neutrogena Dudak Nemlendiricisi,Kişisel Bakım,"189,90"
Neutrogena Parfümsüz El Kremi 75 ML,Kişisel Bakım,"179,90"
Neutrogena Pembe Greyfurt Günlük Peeling Jel 150 Ml,Kişisel Bakım,"349,90"
Neutrogena Visibly Clear Pore&Shine Yağlı Ciltler İçin Parlama Karşıtı Günlük Peeling 150 Ml,Kişisel Bakım,"349,90"
Neutrogena Visibly Clear Pore&Shine Yağlı Ciltler İçin Temizleme Jeli 200 Ml,Kişisel Bakım,"349,90"
Neutrogena Visibly Clear Siyah Nokta Temizleyici Peeling Jel 150 ML,Kişisel Bakım,"349,90"
Neutrogena Visibly Clear Siyah Nokta Temizleyici Tonik 200 ML,Kişisel Bakım,"349,90"
Neutrogena Visibly Pembe Greyfurt Yüz Temizleme Jeli 200 Ml,Kişisel Bakım,"349,90"
Neutrogena Yağsız Yüz Temizleme Jeli 200 Ml,Kişisel Bakım,"349,90"
Neutrogena Yoğun Bakım Kremi 200 Ml,Kişisel Bakım,"225,90"
Nivea 35+ Yaş Kırışıklık Karşıtı+Nemlendirici Krem 50 Ml,Kişisel Bakım,"277,90"
Nivea 45+ Kırışıklık Karşıtı+Sıkılaştırıcı Krem 50 Ml,Kişisel Bakım,"277,90"
Nivea 55+ Yaş Kırışıklık Karşıtı ve Yenileyici Yüz Bakım Kremi 50 Ml,Kişisel Bakım,"277,90"
Nıvea Aleo Vera Özlü Nemlendirici 400 Ml,Kişisel Bakım,"299,95"
Nivea Aloe Vera&Jojoba Yağı Nemlendirici El Bakım Kremi 75 ML,Kişisel Bakım,"99,95"
Nivea Aqua Rose Kırışıklık Karşıtı Gece Kremi 50 Ml,Kişisel Bakım,"399,90"
Nivea Aqua Rose Kırışıklık Karşıtı Gündüz Kremi 50 Ml,Kişisel Bakım,"399,90"
Nivea Aqua Sensation Canlandırıcı Yüz Bakım Kremi 50 ML,Kişisel Bakım,"299,90"
Nivea Bal Mumu&Gül Kokusu Koruyucu El Bakım Kremi 75 ML,Kişisel Bakım,"65,90"
Nivea Besleyici Vücut Sütü 400 ML,Kişisel Bakım,"279,90"
Nivea Besleyici Yüz Kremi 100 ML,Kişisel Bakım,"357,50"
Nivea Black&White Clear Roll-On Deodorant,Kişisel Bakım,"269,90"
Nivea Black&White Orıgınal Roll-On Deodorant,Kişisel Bakım,"269,90"
Nivea Canlandırıcı Makyaj Temizleme Mendili 25'li,Kişisel Bakım,"149,90"
Nivea Cilt Tonu Eşitleyici Yüz Kremi 100 Ml,Kişisel Bakım,"357,90"
Nivea Creme Nemlendirici El Vücut Bakım Kremi 30 ML,Kişisel Bakım,"62,50"
Nivea Creme Nemlendirici El Vücut Bakım Kremi 75 ML,Kişisel Bakım,"129,90"
Nivea Deep Extreme Erkek Deodorant 150 Ml,Kişisel Bakım,"214,90"
Nivea Deep Extreme Erkek Rollon 50 Ml,Kişisel Bakım,"214,90"
Nivea Değerli Yağlar Kiraz Çiçeği&Jojoba Yağı Özlü Vücut Losyonu 400 Ml,Kişisel Bakım,"299,98"
Nivea Deniz İğdesi Nemlendirici El Bakım Kremi 75 ML,Kişisel Bakım,"99,90"
Nivea Derma Control Clinical Erkek 96 Saat Üstün Koruma Roll-on 50 Ml,Kişisel Bakım,"339,90"
Nivea Derma Control Clinical Kadın 96 Saat Üstün Koruma Roll-on 50 Ml,Kişisel Bakım,"325,90"
Nıvea Derma Control Terlemeye Karşı Etkili Erkek Deodorant,Kişisel Bakım,"289,90"
Nivea Derma Skin Clear Dengeleyici ve Sivilce Karşıtı Serum 30 Ml,Kişisel Bakım,"595,90"
Nivea Derma Skin Clear Sivilceye Eğilimli Ciltler İçin Gece Arındırıcı Kremi,Kişisel Bakım,"275,00"
Nivea Derma Skin Clear Sivilceye Eğilimli Ciltler İçin Peeling,Kişisel Bakım,"214,30"
Nivea Derma Skin Clear Sivilceye Eğilimli Ciltler İçin Tonik,Kişisel Bakım,"167,95"
Nivea Derma Skin Clear Sivilceye Eğilimli Ciltler İçin Yüz Temizleme Jeli,Kişisel Bakım,"214,30"
Nivea Double Effect Roll-On Deodorant 50 ML,Kişisel Bakım,"214,90"
Nivea Double Effect Sprey Deodorant 150 ML,Kişisel Bakım,"214,90"
Nivea Dry Fresh Sprey Deodorant 150 Ml,Kişisel Bakım,"214,90"
Nivea Esssential Care Dudak Bakım Kremi,Kişisel Bakım,"199,90"
Nivea Face Arındırıcı Makyaj Temizleme 400 Ml,Kişisel Bakım,"159,90"
Nivea Freah Sensation Roll on 50 ml,Kişisel Bakım,"214,90"
Nivea Fresh Active Pump Deodorant 75 Ml,Kişisel Bakım,"214,90"
Nivea Fresh Cherry Roll-On Deodorant 50 ML,Kişisel Bakım,"214,90"
Nivea Fresh Cherry Sprey Deodorant 150 ML,Kişisel Bakım,"214,90"
Nivea Fresh Natural Pump Sprey Deodorant 75ML,Kişisel Bakım,"214,90"
Nivea Fresh Natural Roll-on Deodorant 50 Ml,Kişisel Bakım,"214,90"
Nivea Fresh Natural Sprey Deodorant 150 Ml,Kişisel Bakım,"214,90"
Nivea Fresh Orange Roll-On Deodorant 50 ML,Kişisel Bakım,"214,90"
Nivea Fresh Sensation Erkek Deodorant 150 ml,Kişisel Bakım,"214,90"
Nivea Fresh Sensation Erkek Roll On 50 Ml,Kişisel Bakım,"214,90"
Nivea Fresh Sensation Kadın Deodorant 150 ml,Kişisel Bakım,"214,90"
"Nivea Fruity Shine Böğürtlenli Dudak Kremi 4,8GR",Kişisel Bakım,"199,90"
Nivea Fruity Shine Çilekli Dudak Bakım Kremi 4.8 GR,Kişisel Bakım,"199,90"
Nivea Fruity Shine Kirazlı Dudak Bakım Kremi 5 Gr,Kişisel Bakım,"199,90"
Nivea Hassas Ciltler İçin Serinletici Tıraş Sonrası Balsam 100 ML,Kişisel Bakım,"299,90"
Nivea Hassas Ciltler İçin Tıraş Sonrası Balsam 100 ML,Kişisel Bakım,"299,90"
Nivea Intensive Care Besleyici ve Derinlemesine Bakım Kremi 75 Ml,Kişisel Bakım,"149,90"
Nivea Invisible Black&White Clear Roll-On Deodorant 50 Ml,Kişisel Bakım,"214,90"
Nivea Invisible Black&White İpeksi Pürüzsüzlük Roll-On Deodorant 50 ML,Kişisel Bakım,"214,90"
Nivea Invisible Black&White İpeksi Pürüzsüzlük Sprey Deodorant 150 ML,Kişisel Bakım,"214,90"
Nivea Invisible Black&White Pearl&Beauty Sprey Deodorant 150 ML,Kişisel Bakım,"214,90"
Nivea Invisible Black&White Pure Roll-On Deodorant 50 Ml,Kişisel Bakım,"214,90"
Nivea Invisible Black&White Pure Sprey Deodorant 150 Ml,Kişisel Bakım,"214,90"
Nivea Krem 250 Ml,Kişisel Bakım,"224,90"
Nivea Krem Beyaz Kil Maskesi 3'ü 1 arada 150 Ml,Kişisel Bakım,"189,90"
Nivea Kuru ve Hassas Ciltler İçin Makyaj Temizleme Mendili 25'li,Kişisel Bakım,"189,90"
Nivea Kuru-Hassas Ciltler İçin Yatıştırıcı Yüz Yıkama Köpüğü 150 ML,Kişisel Bakım,"199,90"
Nivea Lip Beauty Nude,Kişisel Bakım,"299,90"
Nivea Lip Beauty Pınk,Kişisel Bakım,"299,90"
Nivea Lip Beauty Red,Kişisel Bakım,"299,90"
Nivea Luminous630 Skin Glow Aydınlatıcı Serum 30 ml,Kişisel Bakım,"659,95"
Nivea Med Protection Dudak Bakım Kremi 4.8 GR,Kişisel Bakım,"199,90"
Nivea Men Black&White Fresh Roll-On Deodorant,Kişisel Bakım,"269,90"
Nivea Men Black&White Orıgınal Roll-On Deodorant,Kişisel Bakım,"269,90"
Nivea Men Cool Kick Fresh Erkek Deodorant,Kişisel Bakım,"214,90"
Nivea Men Cool Kick Fresh Erkek Roll-On Deodorant 50 Ml,Kişisel Bakım,"214,90"
Nivea Men Deep Beat Erkek Rollon 50 ML,Kişisel Bakım,"214,90"
Nivea Men Deep Beat Erkek Sprey Deodorant 150 Ml,Kişisel Bakım,"214,90"
Nivea Men Deep Dimension Amazonia Roll-On Deodorant 50 ML,Kişisel Bakım,"214,90"
Nivea Men Deep Dimension Amazonia Sprey Deodorant 150 ML,Kişisel Bakım,"214,90"
Nivea Men Deep Dimension Kusursuz Tıraş Jeli 200 ML,Kişisel Bakım,"280,00"
Nivea Men Deep Dimension Roll-On Deodorant 50 ML,Kişisel Bakım,"214,90"
Nivea Men Deep Dimension Sprey Deodorant 150 ML,Kişisel Bakım,"214,90"
Nivea Men Deep Dimension Tıraş Köpüğü 200 Ml,Kişisel Bakım,"199,90"
Nivea Men Deep Dimension Tıraş Sonrası Losyon 100 Ml,Kişisel Bakım,"299,90"
Nivea Men Deep Roll-On Deodorant,Kişisel Bakım,"269,90"
Nivea Men Dry Fresh Roll-On Deodorant 50 Ml,Kişisel Bakım,"214,90"
Nivea Men Dry Fresh Sprey Deodorant 150 Ml,Kişisel Bakım,"214,90"
Nivea Men Fresh Active Roll-On Deodorant,Kişisel Bakım,"269,90"
Nivea Men Fresh Active Roll-On Deodorant 50 Ml,Kişisel Bakım,"214,90"
Nivea Men Fresh Active Sprey Deodorant 150 Ml,Kişisel Bakım,"214,90"
Nivea Men Fresh Natural Roll-On Deodorant,Kişisel Bakım,"269,90"
Nivea Men Fresh Power Deodorant Sprey 150 ML,Kişisel Bakım,"214,90"
Nivea Men Hassas Tıraş Jeli 200 Ml,Kişisel Bakım,"280,00"
Nivea Men Invisible Black&White Güçlü Etki Roll-On 50 ML,Kişisel Bakım,"214,90"
Nivea Men Invisible Black&White Güçlü Etki Sprey Deodorant 150 ML,Kişisel Bakım,"214,90"
Nivea Men Invisible Black&White Sprey Deodorant 150 Ml,Kişisel Bakım,"214,90"
Nivea Men Invisible For Black&White Roll-On Deodorant 50 Ml,Kişisel Bakım,"214,90"
Nivea Men Invisible Fresh Roll-On Deodorant 50 Ml,Kişisel Bakım,"214,90"
Nivea Men Invisible Fresh Sprey Deodorant 150 Ml,Kişisel Bakım,"214,90"
Nivea Men Protect&Care Koruyucu Tıraş Jeli 200 ML,Kişisel Bakım,"280,00"
Nivea Men Protect&Care Koruyucu Tıraş Köpüğü 200 Ml,Kişisel Bakım,"199,90"
Nivea Men Protect&Care Tıraş Sonrası Balsam 100 ML,Kişisel Bakım,"299,90"
Nivea Men Silver Protect Roll-On Deodorant,Kişisel Bakım,"269,90"
Nivea MicellAir Gül Suyu İçeren Çift Fazlı Temizleme Suyu 400 ML,Kişisel Bakım,"267,90"
Nivea MicellAir Hassas Ciltler İçin Makyaj Temizleme Suyu 400 ML,Kişisel Bakım,"399,90"
Nivea Normal-Karma Ciltler İçin Canlandırıcı Yüz Yıkama Köpüğü 150 Ml,Kişisel Bakım,"199,90"
Nıvea Pearl & Beauty Deodorant,Kişisel Bakım,"214,90"
Nivea Pearl&Beauty Roll On Deodorant 50 Ml,Kişisel Bakım,"214,90"
Nivea Pearl&Beauty Roll-On Deodorant,Kişisel Bakım,"269,90"
Nivea Pearl&Beauty Roll-On Deodorant 50 ML,Kişisel Bakım,"214,90"
Nivea Performance Q10 Losyon Sıkılaştırıcı ve Bronzlaştırıcı 250 ml,Kişisel Bakım,"399,90"
Nivea Powder Touch Roll-On Deodorant 50 Ml,Kişisel Bakım,"214,90"
Nivea Pürüzsüzleştirici El&Vücut Bakım Kremi 400 Ml,Kişisel Bakım,"260,90"
Nivea Q10 Sıkılaştırıcı Vücut Losyonu 400 ML,Kişisel Bakım,"425,90"
Nivea Q10 SPF50 Günlük Yüz Bakım Kremi 40 ml,Kişisel Bakım,"799,95"
Nivea Q10+C Vitaminli Sıkılaştırıcı Vücut Sütü 400 ML,Kişisel Bakım,"425,90"
Nivea Repair Care Onarıcı El Kremi 75 Ml,Kişisel Bakım,"149,90"
Nivea Soft Nemlendirici El Yüz Vücut Bakım Kremi 100 ML,Kişisel Bakım,"99,90"
Nivea Soft Nemlendirici El Yüz Vücut Bakım Kremi 150 Ml,Kişisel Bakım,"179,95"
Nivea Soft Nemlendirici El Yüz Vücut Bakım Kremi 200 Ml,Kişisel Bakım,"189,90"
Nivea Soft Nemlendirici El Yüz Vücut Bakım Kremi 300 Ml,Kişisel Bakım,"229,90"
Nivea Soft Nemlendirici El Yüz Vücut Bakım Kremi 75 Ml,Kişisel Bakım,"82,95"
Nivea Sun Hafif Dokulu Güneş Koruyucu Yüz Kremi 50 Spf 40 Ml,Kişisel Bakım,"1.121,95"
Nivea Sun Luminous630 Leke Karşıtı Güneş Koruyucu Yüz Kremi 50 Spf 40 Ml,Kişisel Bakım,"1.121,95"
Nivea Terlemeye Karşın Ürstün Koruma Kadınlar İçin Roll-On,Kişisel Bakım,"325,90"
Nivea Terlemeye Karşın Üstün Koruma Erkekler İçin Roll-On,Kişisel Bakım,"325,90"
Nivea Visage Çift Etkili Göz Makyajı Temizleme Losyonu 125 Ml,Kişisel Bakım,"159,90"
Nivea Yaşlanma Karşıtı Yüz Kremi 100 Ml,Kişisel Bakım,"357,50"
Nivea Yoğun Bakım El&Vücut Bakım Kremi 400 ML,Kişisel Bakım,"239,90"
Nivea Yüksek Güneş Korumalı Dudak Bakım Kremi 50 Spf,Kişisel Bakım,"219,95"
Nivea Yüz Luminous630 Skin Glow Peeling Etkili Tonik 100 Ml,Kişisel Bakım,"459,95"
Nivea Zeytinyağlı Nemlendirici El Bakım Kremi 75 ML,Kişisel Bakım,"69,90"
O.B Pro-Comfort Normal Tampon 16'lı,Kişisel Bakım,"209,90"
O.B Pro-Comfort Süper Tampon 16'lı,Kişisel Bakım,"209,90"
O.B Pro-Comfort Tampon 16'lı,Kişisel Bakım,"209,90"
OGX Argan Yağı Of Morocco Yenileyici Yağ 100 ML,Kişisel Bakım,"599,90"
OGX Biotin Collagen Şampuan 385 ML,Kişisel Bakım,"599,90"
OGX Brazillian Keratin Saç Kremi 385 ML,Kişisel Bakım,"599,90"
OGX Brazillian Keratin Şampuan 385 ML,Kişisel Bakım,"599,90"
Okey Çifte Haz Prezervatif 10'lu,Kişisel Bakım,"229,90"
Okey Çilek Kayganlaştırıcı Jel 100 Ml,Kişisel Bakım,"329,90"
Okey Klasik Prezervatif 10'lu,Kişisel Bakım,"169,90"
Okey Klasik Prezervatif 20'li,Kişisel Bakım,"289,90"
Okey Nirvana Prezervatif 10'lu,Kişisel Bakım,"279,90"
Okey Nirvana Sens Prezarvatif,Kişisel Bakım,"379,90"
Okey Rötar Geciktirici Etkili Prezervatif 20'li,Kişisel Bakım,"379,90"
Okey Rötar Prezervatif 10'lu,Kişisel Bakım,"229,90"
Okey Zero Aqua Prezervatif 10'lu,Kişisel Bakım,"279,90"
Okey Zero Kokusuz Kayganlaştırıcı Jel 100 Ml,Kişisel Bakım,"329,90"
Okey Zero Prezervatif 10'lu,Kişisel Bakım,"279,90"
Old Spice Bearglove Sprey Deodorant 150 Ml,Kişisel Bakım,"258,95"
Old Spice Captain Duş Jeli 400 Ml,Kişisel Bakım,"249,90"
Old Spice Captain Sprey Deodorant 150 Ml,Kişisel Bakım,"258,95"
Old Spice Cooling Duş Jeli&Şampuan 400 Ml,Kişisel Bakım,"249,90"
Old Spıce Nıght Panther Roll On Deodorant 50 Ml,Kişisel Bakım,"258,95"
Old Spice Strong Slugger Sprey Deodorant 150 Ml,Kişisel Bakım,"258,95"
Old Spice Strong Slugger Stick Deodorant 50 Ml,Kişisel Bakım,"258,95"
Old Spice Whitewater Sprey Deodorant 150 Ml,Kişisel Bakım,"258,95"
Oral B Orta Sert Diş Fırçası,Kişisel Bakım,"195,95"
Oral B Professional Densify Güçlü Koruma Diş Macunu 65 Ml,Kişisel Bakım,"279,95"
Oral B Professional Densify Hassas Diş Macunu 65 Ml,Kişisel Bakım,"279,95"
Oral B Star Wars Temalı 6+ Yaş Diş Macunu,Kişisel Bakım,"229,95"
Oral-B 3D White Brilliance Diş Fırçası,Kişisel Bakım,"219,95"
Oral-B Cavity Defense Black Diş Fırçası,Kişisel Bakım,"109,95"
Oral-B Çocuk Şarjlı/Elektrikli Diş Fırçası Spiderman,Kişisel Bakım,"2.400,00"
Oral-B Complete 7 En İyi Ferahlık Diş Macunu 125 Ml,Kişisel Bakım,"119,95"
Oral-B Cross Action Yedek Başlık,Kişisel Bakım,"699,95"
Oral-B Diş Eti ve Diş Minesi Onarım Ekstra Ferahlık Diş Macunu 75 Ml,Kişisel Bakım,"284,95"
Oral-B Diş Eti Ve Minesi Pro Onarım Orijinal Diş Macunu 50 Ml,Kişisel Bakım,"99,95"
Oral-B Extra Beyazlık Diş Macunu 75 ML,Kişisel Bakım,"99,95"
Oral-B Ferahlık Diş Macunu 75 ML,Kişisel Bakım,"99,95"
Oral-B Mükemmel Parlaklık Diş Macunu 75 ML,Kişisel Bakım,"399,95"
Oral-B Onarım Eksta Ferahlık Diş Macunu 75 Ml,Kişisel Bakım,"229,95"
Oral-B Onarım Original Diş Macunu 75 Ml,Kişisel Bakım,"229,95"
Oral-B Parlak Beyaz Diş Macunu 75 ML,Kişisel Bakım,"399,95"
Oral-B Pro 3D White Advanced Luxe Glamorous White Diş Macunu 75 Ml,Kişisel Bakım,"99,95"
Oral-B Pro 3D White Advanced Luxe Perfection Diş Macunu 75 Ml,Kişisel Bakım,"279,95"
Oral-B Pro 3D White Kömür Özlü Diş Macunu 75 Ml,Kişisel Bakım,"229,95"
Oral-B Pro Expert Clinic Line Diş İpi 25 Mt,Kişisel Bakım,"224,95"
Oral-B Pro Expert Profesyonel Koruma Diş Macunu 75 Ml,Kişisel Bakım,"259,95"
Oral-B Pro Flex 3 Boyutlu Beyazlık Diş Fırçası,Kişisel Bakım,"299,90"
Oral-B Professional Diş Eti ve Diş Minesi Pro-Onarım Hassas Beyazlatıcı 75 Ml,Kişisel Bakım,"284,95"
Oral-B Professional Hassasiyet ve Diş Eti Rahatlama Orijinal Diş Macunu 75 Ml,Kişisel Bakım,"284,90"
Oral-B Profesyonel Hassasiyet Diş Eti Orjinal 75Ml,Kişisel Bakım,"99,95"
Oral-B Stages Çocuk Diş Fırçası 3-5 Yaş,Kişisel Bakım,"219,95"
Oral-B Stages Frozen Özel Diş Fırçası Yedek Başlığı 2'li,Kişisel Bakım,"699,95"
Oral-B Star Wars Yedek Başlık 2'li,Kişisel Bakım,"699,95"
Oral-B Ultrathin Compact Diş Fırçası (1+1),Kişisel Bakım,"219,95"
Orkid Deo Fresh Normal Günlük Hijyenik Ped 40'lı,Kişisel Bakım,"159,90"
Orkid Discreet Profresh Extra Uzun Günlük Hijyenik Ped 18'li,Kişisel Bakım,"179,90"
Orkid Extra Hassas Koruma Normal Hijyenik Ped 9'lu,Kişisel Bakım,"55,90"
Orkid Gece Ekstra Hijyenik Ped 6'lı,Kişisel Bakım,"85,90"
Orkid Platinum Gece Extra Hijyenik Ped 6'lı,Kişisel Bakım,"69,90"
Orkid Platinum Normal Hijyenik Ped 8'li,Kişisel Bakım,"85,90"
Orkid Platinum Tekli Paket Gece Ekstra 5 Adet,Kişisel Bakım,"85,90"
Orkid Platinum Ultra Hijyenik Ped 7'li,Kişisel Bakım,"85,90"
Orkid Ultra Ekstra Dörtlü Paket Gece 24 Adet,Kişisel Bakım,"159,90"
Orkid Ultra Ekstra Dörtlü Paket Normal 32 Adet,Kişisel Bakım,"159,90"
Orkid Ultra Ekstra Dörtlü Paket Uzun 28 Adet,Kişisel Bakım,"159,90"
Orkid Ultra Extra Gece Hijyenik Ped 6'lı,Kişisel Bakım,"69,90"
Orkid Ultra Extra Uzun Hijyenik Ped 7'li,Kişisel Bakım,"69,90"
Orkid Ultra Gece Extra Plus Hijyenik Ped 5' li,Kişisel Bakım,"69,90"
Orkid Ultra Gece Extra Plus Hijyenik Ped 5'li,Kişisel Bakım,"69,90"
Orkid Ultra Normal Hijyenik Ped 8'li,Kişisel Bakım,"69,90"
Orkid Ultra Platinum Ekstra Uzun 16 Adet,Kişisel Bakım,"169,90"
Orkid Ultra Platınum Gece Ekstra Plus 14 Adet,Kişisel Bakım,"169,90"
Orkid Ultra Platinum Normal 24 Adet,Kişisel Bakım,"169,90"
Orkid Ultra Platinum Uzun 18 Adet,Kişisel Bakım,"169,90"
Pakette 6-0 Koyu Kumral Deluxe 50 ML,Kişisel Bakım,"359,90"
Palette 1-0 Siyah Deluxe 50 ML,Kişisel Bakım,"359,90"
Palette 5-889 Şarap Kızılı Deluxe 50 ML,Kişisel Bakım,"359,90"
Palette Deluxe 1.1 Gece Mavisi Saç Boyası,Kişisel Bakım,"359,90"
Palette Deluxe 10.1 Açık Sarı Saç Boyası,Kişisel Bakım,"359,90"
Palette Deluxe 3.0 Koyu Kahve Saç Boyası,Kişisel Bakım,"359,90"
Palette Deluxe 3.65 Çikolata Kahve Saç Boyası,Kişisel Bakım,"359,90"
Palette Deluxe 4.99 Patlıcan Moru Saç Boyası,Kişisel Bakım,"359,90"
Palette DELUXE 6-70 Kahve Bakır Saç Boyası,Kişisel Bakım,"359,90"
Palette Deluxe 7.77 Yoğun Bakır Saç Boyası,Kişisel Bakım,"359,90"
Palette Deluxe 7-0 Kumral Saç Boyası,Kişisel Bakım,"359,90"
Palette Deluxe 7-554 Altın Karamel Saç Boyası,Kişisel Bakım,"299,90"
Palette Deluxe 8.01 Küllü Açık Kumral Saç Boyası,Kişisel Bakım,"359,90"
Palette Deluxe Uil Ultra Yoğun Renk Açıcı,Kişisel Bakım,"359,90"
Palette Göz Alıcı Renkler 10-1 Küllü Açık Sarı Saç Boyası,Kişisel Bakım,"169,90"
Palette Göz Alıcı Renkler 1-1 Gece Mavisi Saç Boyası,Kişisel Bakım,"169,90"
Palette Göz Alıcı Renkler 3-0 Koyu Kahve Saç Boyası,Kişisel Bakım,"169,90"
Palette Göz Alıcı Renkler 5-68 Kestane Saç Boyası,Kişisel Bakım,"169,90"
Palette Göz Alıcı Renkler 7-0 Kumral Saç Boyası,Kişisel Bakım,"169,90"
Palette Göz Alıcı Renkler 7-1 Küllü Kumral Saç Boyası,Kişisel Bakım,"169,90"
Palette Göz Alıcı Renkler 8-0 Koyu Sarı Saç Boyası,Kişisel Bakım,"169,90"
Palette Göz Alıcı Renkler Saç Boyası 6-88 Yoğun Kızıl 50 ml,Kişisel Bakım,"169,90"
Palette Kalıcı Doğal Renkler 1-0 Siyah Saç Boyası,Kişisel Bakım,"169,90"
Palette Kalıcı Doğal Renkler 10-0 Açık Sarı Saç Boyası,Kişisel Bakım,"169,90"
Palette Kalıcı Doğal Renkler 1-1 Gece Mavisi Saç Boyası,Kişisel Bakım,"169,90"
Palette Kalıcı Doğal Renkler 3-0 Koyu Kahve Saç Boyası,Kişisel Bakım,"169,90"
Palette Kalıcı Doğal Renkler 3-68 Kızıl Çikolata Saç Boyası,Kişisel Bakım,"169,90"
Palette Kalıcı Doğal Renkler 4-0 Kahve Saç Boyası,Kişisel Bakım,"169,90"
Palette Kalıcı Doğal Renkler 7-0 Kumral Saç Boyası,Kişisel Bakım,"169,90"
Palette Kalıcı Doğal Renkler 7-60 Fındık Kahve Saç Boyası,Kişisel Bakım,"169,90"
Palette Kalıcı Doğal Renkler 8-0 Bal Köpüğü Saç Boyası,Kişisel Bakım,"169,90"
Palette Tarçın Bakır 8-77 Saç Boyası 50 ML,Kişisel Bakım,"169,90"
Palette U71 Elmas Grisi Deluxe 50 ML,Kişisel Bakım,"359,90"
Palette Yoğun Göz Alıcı Renkler Boya 12-21 Gümüş Sarı 50 ml,Kişisel Bakım,"169,90"
Palette Yoğun Göz Alıcı Renkler Saç Boyası 1-0 Siyah 50 ml,Kişisel Bakım,"169,90"
Palette Yoğun Göz Alıcı Renkler Saç Boyası 3-65 Çikolata Kahve 50 ml,Kişisel Bakım,"169,90"
Palette Yoğun Göz Alıcı Renkler Saç Boyası 7-77 Yoğun Bakır 50 ml,Kişisel Bakım,"169,90"
Palmolive Aroma Sensations Feel the Energy Banyo ve Duş Jeli 500 Ml,Kişisel Bakım,"295,00"
Palmolive Aroma Sensations Feel The Glow Banyo ve Duş Jeli 500 Ml,Kişisel Bakım,"295,00"
Palmolive Aroma Sensations So Relaxed Banyo ve Duş Jeli 500 Ml,Kişisel Bakım,"295,00"
Palmolive Body Butter Böğürtlen Keyfi Banyo ve Duş Jeli 500 Ml,Kişisel Bakım,"295,00"
Palmolive Body Butter Çilek Rüyası Banyo ve Duş Jeli 500 Ml,Kişisel Bakım,"295,00"
Palmolive Body Butter Hindistan Cevizi Cazibesi Banyo ve Duş Jeli 500 Ml,Kişisel Bakım,"295,00"
Palmolıve Duş Jeli Men Pure Artıc 500 Ml,Kişisel Bakım,"295,00"
Palmolive Luminous Oils Makademya Yağı&Şakayık Özleri Duş Jeli 500 Ml,Kişisel Bakım,"295,00"
Palmolive Men Sport Canlandırıcı Duş Jeli 500 Ml,Kişisel Bakım,"295,00"
Palmolive Sleep Duş Jeli 500 Ml,Kişisel Bakım,"295,90"
Palmolive So Firming Duş Jeli 500 ml,Kişisel Bakım,"295,00"
Palmolive Thermal Spa Massage Banyo ve Duş Jeli 500 Ml,Kişisel Bakım,"295,00"
Pantene 3 Minute Miracle Saç Bakım Kremi 200 Ml,Kişisel Bakım,"238,95"
Pantene 7/24 Belirgin Bukleler Yoğun Bakım Kremi 300 Ml,Kişisel Bakım,"311,95"
Pantene 7/24 Onarıcı&Koruyucu Bakım Kremi 300 Ml,Kişisel Bakım,"311,95"
Pantene Aqua Light Saç Bakım Kremi 275 ml,Kişisel Bakım,"169,95"
Pantene Doğal Sentez Güç Ve Parlaklık Saç Bakım Kremi 275 Ml,Kişisel Bakım,"169,95"
Pantene Doğal Sentez Yağ Terapisi Saç Bakım Kremi 275 Ml,Kişisel Bakım,"139,95"
Pantene Dökülme Karşıtı Etkili Şampuan 400 Ml,Kişisel Bakım,"179,95"
Pantene Dökülme Karşıtı Üçü Bir Arada Şampuan 400 Ml,Kişisel Bakım,"179,95"
Pantene Emily İn Paris Keratin Koruyucu Argan Bakım Yağı 100 Ml,Kişisel Bakım,"399,95"
Pantene Güç ve Parlaklık Etkili Şampuan 400 Ml,Kişisel Bakım,"179,95"
Pantene Güç Ve Parlaklık Etkili Üçü Bir Arada Şampuan 400 Ml,Kişisel Bakım,"179,95"
Pantene Kepeğe Karşı Etkili Üçü Bir Arada Şampuan 400 Ml,Kişisel Bakım,"179,95"
Pantene Nem Terapisi Etkili Üçü Bir Arada Şampuan 400 Ml,Kişisel Bakım,"179,95"
Pantene Nem Terapisi Saç Bakım Kremi 275 Ml,Kişisel Bakım,"169,95"
Pantene Nemlendirici Krem 220 Ml,Kişisel Bakım,"238,95"
Pantene Onarıcı Bakım Şampuan 400 Ml,Kişisel Bakım,"179,95"
Pantene Pro-V Argan Yağlı Saç Bakım Serumu 100 Ml,Kişisel Bakım,"399,95"
Pantene Pro-V Miracle Frızz No More Elektriklenme Karşıtı Saç Kremi 325 ML,Kişisel Bakım,"299,90"
Pantene Pro-V Miracle Frızz No More Elektriklenme Karşıtı Şampuan 325 ML,Kişisel Bakım,"235,90"
Pantene Pro-V Onarıcı ve Koruyucu Bakım Kremi 100 Ml,Kişisel Bakım,"399,95"
Pantene Pro-V Onarıcı ve Koruyucu Saç Bakım Kremi 200 Ml,Kişisel Bakım,"238,95"
Pantene Şampuan Pro-V Miracle Hydra Şampuan 325 ML,Kişisel Bakım,"235,90"
Pantene Sonsuz Uzunluk Niacinamide & E Vitamini Güçlendirici Saç Kremi 200 Ml,Kişisel Bakım,"235,90"
Pantene Temel Bakım Saç Bakım Kremi 275 Ml,Kişisel Bakım,"169,95"
Pantene Temel Bakım Şampuan 400 Ml,Kişisel Bakım,"179,95"
Pantene Temel Bakım Üçü Bir Arada Şampuan 400 Ml,Kişisel Bakım,"179,95"
Paradontax Aktif Diş Eti Onarım Beyazlatıcı 75 ML,Kişisel Bakım,"247,46"
Paradontax Aktif Diş Eti Onarım Ferahlık 75 ML,Kişisel Bakım,"239,96"
Paradontax Diş Eti Hassasiyet ve Ferahlık Beyazlık Diş Macunu 75 Ml,Kişisel Bakım,"247,46"
Paradontax Diş Eti Hassasiyet ve Ferahlık Diş Macunu 75 Ml,Kişisel Bakım,"247,46"
Parodontax Diş Eti Uzmanı Diş Fırçası (1+1),Kişisel Bakım,"202,46"
Parodontax Ferahlık Tam Koruma Diş Macunu 50 Gr,Kişisel Bakım,"109,43"
Parodontax Florürlü Diş Macunu 75 Ml,Kişisel Bakım,"187,46"
Parodontax Günlük Diş Eti Bakımı Ağız Çalkalama Suyu,Kişisel Bakım,"179,96"
Parodontax Orijinal Diş Macunu 75 Ml,Kişisel Bakım,"187,46"
Parodontax Tam Koruma Ferahlık Diş Macunu 75 Ml,Kişisel Bakım,"224,96"
Parodontox Beyazlatıcı Diş Macunu 75 Ml,Kişisel Bakım,"202,46"
Parodontox Beyazlık Tam Koruma Diş Macunu 75 Ml,Kişisel Bakım,"247,46"
Parodontox Uzman Bakım (1+1),Kişisel Bakım,"202,46"
Permatik Pro 2 Tıraş Bıçağı 5'li,Kişisel Bakım,"99,90"
Privacy Women Deodarant 2*150 Ml,Kişisel Bakım,"279,90"
Privacy Women Sprey Deodorant 150 Ml,Kişisel Bakım,"189,90"
ProSafe Belbantlı Yetişkin Hasta Bezi M Beden 30 Adet,Kişisel Bakım,"568,95"
ProSafe Belbantlı Yetişkin Hasta Bezi XL Beden 30 Adet,Kişisel Bakım,"678,95"
Prosafe Gece Külodu 2'li,Kişisel Bakım,"99,95"
Rexona Cotton Dry Antiperspirant Kadın Sprey Deodorant 150 ml,Kişisel Bakım,"149,90"
Rexona Cotton Dry Roll-On Deodorant 50 Ml,Kişisel Bakım,"149,90"
Rexona Energize Erkek Deodorant,Kişisel Bakım,"149,90"
Rexona Energize Kadın Deodorant,Kişisel Bakım,"149,90"
Rexona İnvisible Black&White Diamond Stick Deodorant 50 Ml,Kişisel Bakım,"299,90"
Rexona Invisible Black+White Antiperspirant Kadın Sprey Deodorant 150 ml,Kişisel Bakım,"149,90"
Rexona Invisible Fresh Antiperspirant Kadın Sprey Deodorant 150 ml,Kişisel Bakım,"149,90"
Rexona Men Champions Antiperspirant Erkek Sprey Deodorant 150 ml,Kişisel Bakım,"149,90"
Rexona Men Invisible Black&White Roll-On Deodorant,Kişisel Bakım,"149,90"
Rexona Men Invisible Black&White Sprey Deodorant+Clear Men Cool Sport Menthol Şampuan,Kişisel Bakım,"279,90"
Rexona Men Invisible Black+White Antiperspirant Erkek Sprey Deodorant 150 ml,Kişisel Bakım,"149,90"
Rexona Men Invisible Ice Fresh Antiperspirant Erkek Sprey Deodorant 150 ml,Kişisel Bakım,"149,90"
Rexona Men Invisible Ocean Deep Antiperspirant Erkek Sprey Deodorant 150 ml,Kişisel Bakım,"149,90"
Rexona Men Invisible Stick Deodorant,Kişisel Bakım,"299,90"
Rexona Men Kömür Detox Antiperspirant Erkek Sprey Deodorant 150 ml,Kişisel Bakım,"149,90"
Rexona Men Quantum Dry Stick Deodorant,Kişisel Bakım,"299,90"
Rexona Men Xtra Cool Antiperspirant Erkek Sprey Deodorant 150 ml,Kişisel Bakım,"149,90"
Rexona Men Xtra Cool Roll-On Deodorant,Kişisel Bakım,"149,90"
Rexona Musk Kadın Deodorant,Kişisel Bakım,"149,90"
Rexona Mystice Love Kadın Sprey Deodorant,Kişisel Bakım,"149,90"
Rexona Ocean Fresh Kadın Deodorant,Kişisel Bakım,"149,90"
Rexona Passion Kadın Sprey Deodorant,Kişisel Bakım,"149,90"
Rexona Seftali & Limon Otu Antiperspirant Kadın Sprey Deodorant 150 ml,Kişisel Bakım,"149,90"
Rexona Sexy Bouquet Antiperspirant Kadın Sprey Deodorant 150 ml,Kişisel Bakım,"149,90"
Rexona Sexy Bouquet Roll-On Deodorant 50 Ml,Kişisel Bakım,"149,90"
Rexona Sexy Bouquet Sprey Deodorant 150 Ml,Kişisel Bakım,"279,90"
Rexona Shower Clean Roll-On Deodorant 50 Ml,Kişisel Bakım,"149,90"
Rexona Shower Fresh Antiperspirant Kadın Sprey Deodorant 150 ml,Kişisel Bakım,"149,90"
Rexona Ultra Recharge Erkek Roll on,Kişisel Bakım,"149,90"
Rexona Women Cotton Stick Deodorant 50 Ml,Kişisel Bakım,"299,90"
Rexona Women Invisible Dry Diamond Roll-On Deodorant 50 Ml,Kişisel Bakım,"149,90"
Rexona Women Powder Dry Stick Deodorant,Kişisel Bakım,"349,90"
Sebamed Hergün Kullanım Şampuan 400 Ml,Kişisel Bakım,"527,99"
Sebamed Kepeğe Karşı Şampuan 400 Ml,Kişisel Bakım,"527,99"
Sebamed Saç Dökülmesine Karşı Şampuan 400 Ml,Kişisel Bakım,"527,99"
Selin Buz Ferahlığı Kolanya 400 Ml,Kişisel Bakım,"135,90"
Selin Buz Ferahlığı Sprey Kolonya 100 Ml,Kişisel Bakım,"69,90"
Selin Çiçek Buketi Sprey Kolonya 100 Ml,Kişisel Bakım,"69,90"
Selin Kiraz Çiçeği Kolanya 400 Ml,Kişisel Bakım,"135,90"
Selin Kiraz Çiçeği Sprey Kolonya 100 Ml,Kişisel Bakım,"69,90"
Selin Limon Kolonyası 200 Ml,Kişisel Bakım,"79,95"
Selin Limon Kolonyası 400 Ml,Kişisel Bakım,"135,90"
Selin Limon Kolonyası Bidon 900 Ml,Kişisel Bakım,"199,95"
Selin Okyanus Esintisi Sprey Kolonya 100 Ml,Kişisel Bakım,"69,90"
Sensodyne Derin Temizlik Diş Macunu 75 Ml,Kişisel Bakım,"142,43"
Sensodyne Ferah Nefes Diş Macunu 100 Ml,Kişisel Bakım,"164,93"
Sensodyne Florürlü Hassas Dişler için Diş Macunu 100 Ml,Kişisel Bakım,"164,93"
Sensodyne Gentle Floss Diş İpi,Kişisel Bakım,"202,46"
Sensodyne Gentle Yumuşak Diş Fırçası,Kişisel Bakım,"149,96"
Sensodyne Gum Care Hassas Diş ve Diş Eti Bakım Fırçası,Kişisel Bakım,"89,93"
Sensodyne Hassas Diş Eti Koruma Diş Macunu 75 ML,Kişisel Bakım,"254,96"
Sensodyne Hassasiyet&Diş Eti Beyazlatıcı Yumuşak Diş Fırçası,Kişisel Bakım,"179,96"
Sensodyne Hızlı Rahatlama Yumuşak Diş Fırçası 1+1,Kişisel Bakım,"217,43"
Sensodyne Multi Protection Diş Fırçası,Kişisel Bakım,"164,96"
Sensodyne Naneli Diş Macunu 100 Ml,Kişisel Bakım,"164,93"
Sensodyne Onarım ve Koruma Diş Macunu 75 Ml,Kişisel Bakım,"269,96"
Sensodyne Onarım&Koruma Soft Diş Fırçası,Kişisel Bakım,"179,96"
Sensodyne Promine 6 Yaş Ve Üzeri Yumuşak Diş Fırçası,Kişisel Bakım,"172,46"
Sensodyne Promine Aktif Diş Macunu 75 ML,Kişisel Bakım,"254,96"
Sensodyne Promine Aktif Diş Minesi Kalkanı Diş Macunu 75 ML,Kişisel Bakım,"247,46"
Sensodyne Promine Gentle Care Yumuşak Diş Fırçası,Kişisel Bakım,"172,46"
Sensodyne Promine Onarım Beyazlatıcı Diş Macunu 75 Ml,Kişisel Bakım,"254,96"
Sensodyne Promine Yumuşak 3-5 Yaş Diş Fırçası,Kişisel Bakım,"172,46"
Sensodyne Pronamel Çocuklar İçin Diş Macunu 50 Ml,Kişisel Bakım,"224,96"
Sensodyne Tam Koruma Diş Macunu 75 ML + Sensodyne Yumuşak Diş Fırçası,Kişisel Bakım,"149,96"
Sensodyne Tam Koruma ve Beyazlatıcı Diş Macunu 50 ML,Kişisel Bakım,"97,43"
Signal Arındırıcı Beyazlık Diş Macunu 2*75 Ml,Kişisel Bakım,"139,90"
Signal Beyaz Güç Nane Ferahlığı Diş Macunu 100 Ml,Kişisel Bakım,"59,90"
Signal Beyazlatıcı Sistem Diş Macunu 75 Ml,Kişisel Bakım,"139,90"
Signal Clean Action Yumuşak Diş Fırçası (3+1),Kişisel Bakım,"199,90"
Signal Ergonomik Orta Sertlikte Diş Fırçası 1+1,Kişisel Bakım,"119,90"
Signal Nazik Diş Eti Bakımı Yumuşak Diş Fırçası 1+1,Kişisel Bakım,"174,90"
Signal Performance Black Diş Fırçası (1+1),Kişisel Bakım,"199,90"
Signal Performance Diş Fırçası (2+1),Kişisel Bakım,"229,90"
Signal Profesyonel Bakım Diş Fırçası,Kişisel Bakım,"119,90"
Signal Silver Charcoal Diş Fırçası,Kişisel Bakım,"224,90"
Signal Üçlü Koruma Diş Macunu 120 Ml,Kişisel Bakım,"99,90"
Signal Ultra Clean Expert 4D Clean Diş Fırçası,Kişisel Bakım,"269,90"
Signal Ultra Clean Expert 4D Clean Diş Fırçası 1+1 ,Kişisel Bakım,"339,90"
Signal Whıte Advance Karbonat Beyazlığı Diş Macunu 70 Ml,Kişisel Bakım,"120,00"
Signal White AdvanceÇay&Kahve Leke Karşıtı Diş Macunu 70 ML,Kişisel Bakım,"159,90"
Signal White Now Anında Beyazlık Diş Macunu 75 Ml,Kişisel Bakım,"269,90"
Signal White Now Diş Fırçası 1+1,Kişisel Bakım,"229,90"
Signal White Now Extra Fresh 2li Diş Macunu 50 Ml,Kişisel Bakım,"269,90"
Signal White Now Gold Diş Macunu 75 Ml,Kişisel Bakım,"269,90"
Signal White Now Ice Cool Mint Lekelere Etkili Diş Macunu 75 Ml,Kişisel Bakım,"269,90"
Signal White Now Men Diş Macunu 75 Ml,Kişisel Bakım,"269,90"
Signal White Now Sensitive Diş Macunu 75 Ml,Kişisel Bakım,"239,50"
Signal White System Arındırıcı Beyazlık 75 Ml,Kişisel Bakım,"139,90"
Signal White System Güçlü Diş Minesi 75 Ml,Kişisel Bakım,"139,90"
Signal Whitenow Color Correct Diş Macunu 75 Ml,Kişisel Bakım,"299,90"
Sleepy Bio Natural Süper Ekonomik Normal 24'lü,Kişisel Bakım,"99,90"
Sleepy Bio Natural Süper Ekonomik Uzun 20'li,Kişisel Bakım,"99,90"
Sleepy Natural Süper Ekomomik Gece 18'li,Kişisel Bakım,"99,90"
Taft Keratin Ultra Güçlü Saç spreyi 250 Ml,Kişisel Bakım,"199,90"
Taft Kreatin Ultra Güçlü Köpük 150 Ml,Kişisel Bakım,"199,90"
Taft Power Kaşmir Mega Güclü Saç Spreyi 250 Ml,Kişisel Bakım,"199,90"
Taft Spray Power Caffeine 250 ml,Kişisel Bakım,"199,90"
Tariş Limon Kolonyası Sprey 80 Ml,Kişisel Bakım,"79,90"
Uni Baby Bebek Kolonyası Bebeksi Kokular 150 ml,Kişisel Bakım,"79,90"
Vaseline Aloe Vera Ferahlığı Vucüt Losyonu 400 ML,Kişisel Bakım,"399,90"
Vaseline Baby Nemlendirici Jel 100 ML,Kişisel Bakım,"185,90"
Vaseline Cherry Blush Dudak Bakım Kremi 4.8 Gr,Kişisel Bakım,"199,95"
"Vaseline Cocoa Butter Dudak Bakım Kremi 4,8 Gr",Kişisel Bakım,"199,95"
Vaseline Cocoa Butter Nemlendirici Jel 100 ML,Kişisel Bakım,"185,90"
Vaseline Gluta Hya Serum Etliki Leke Karşıtı UV Losyon 200 Ml,Kişisel Bakım,"349,95"
Vaseline Kakao Işıltısı Vucüt Losyonu 400 ML,Kişisel Bakım,"399,90"
Vaseline Nemlendirici Jel 100 ML,Kişisel Bakım,"185,90"
Veet Easy-Gelwax Hassas Ciltler İçin Soğuk Ağda Bandı 12'li,Kişisel Bakım,"339,90"
Veet Hassas Ciltler İçin Duşta Tüy Dökücü Krem 150 Ml,Kişisel Bakım,"615,90"
Veet Hassas Ciltler İçin Tüy Giderici Krem 100 Ml,Kişisel Bakım,"429,90"
Veet Hassas Ciltler İçin Tüy Giderici Sprey Krem 150 Ml,Kişisel Bakım,"850,00"
Veet Men Duşta Tüy Dökücü Krem 150 Ml,Kişisel Bakım,"499,90"
Veet Men Özel Bölgeler İçin Tüy Dökücü Krem 100Ml&50Ml,Kişisel Bakım,"699,90"
Veet Pure Normal Ciltler İçin Duşta Tüy Dökücü Krem 150Ml,Kişisel Bakım,"615,90"
Veet Pure Normal Ciltler İçin Tüy Dökücü Krem 100Ml,Kişisel Bakım,"429,90"
Veet Pure Normal Ciltler İçin Tüy Dökücü Krem 200Ml,Kişisel Bakım,"615,90"
Veet Wax Strips Normal Ciltler İçin Soğuk Ağda Bandı 12'li,Kişisel Bakım,"339,90"
370 Cc Kavanoz Kapağı,Ev ve Yaşam,"1,75"
Borcam Dikdörtgen Tepsi 270*400 mm,Ev ve Yaşam,"325,00"
Borcam Set,Ev ve Yaşam,"395,00"
Borcam Yuvarlak Tepsi 260 mm,Ev ve Yaşam,"289,00"
Büyük Boy Borcam Tepsi,Ev ve Yaşam,"330,00"
Duracell Alkalin 9 Volt Tekli Pil,Ev ve Yaşam,"319,95"
Duracell Alkalin AA Kalem Pil 4'lü,Ev ve Yaşam,"199,95"
Duracell Basic Kalem Pil AA 6'lı,Ev ve Yaşam,"289,95"
Duracell C Beden Alkalin Orta Boy Pil 2'li,Ev ve Yaşam,"339,95"
Duracell D Beden Alkalin Büyük Boy Pil 2'li,Ev ve Yaşam,"399,95"
Duracell Düğme Pil 2016 2'li,Ev ve Yaşam,"159,95"
Duracell Düğme Pil 2025 2'li,Ev ve Yaşam,"159,95"
Duracell Düğme Pil 2032 2'li,Ev ve Yaşam,"159,95"
Duracell Optimum 4' lü AAA İnce Kalem Pil,Ev ve Yaşam,"259,95"
Duracell Optimum 4' lü AAA Kalın Kalem Pil,Ev ve Yaşam,"259,95"
Duracell Optimum 6' lı AAA İnce Kalem Pil,Ev ve Yaşam,"374,95"
Duracell Optimum 6'lı AA Kalın Kalem Pil,Ev ve Yaşam,"374,95"
Glade Flora Buket Hava Tazeleyici Oto Kokusu 70 Gr,Ev ve Yaşam,"94,95"
Glade Lavanta Ferahlığı Hava Tazeleyici Oto Kokusu 70 Gr,Ev ve Yaşam,"94,95"
Glade Mini Jel Temiz Çarşaf Ferahlığı 70 gr,Ev ve Yaşam,"94,95"
Glade Sport Lavanta Ferahlığı Oto Kokusu 7 Ml,Ev ve Yaşam,"249,95"
Glade Yasemin Ferahlığı Hava Tazeleyici Oto Kokusu 70 Gr,Ev ve Yaşam,"94,95"
Kısmet Çubuk Çatal,Ev ve Yaşam,"47,00"
Koroplast Airfryr Pişirime Kağıdı Doğal,Ev ve Yaşam,"152,95"
Koroplast Alüminyum Folyo 8 Mt,Ev ve Yaşam,"172,95"
Koroplast Büyük Boy Buzdolabı Poşeti 20'li,Ev ve Yaşam,"74,95"
Koroplast Buz Torbası,Ev ve Yaşam,"59,95"
Koroplast Dev Ekonomik Büyük Buzdolabı Poşeti 80'li,Ev ve Yaşam,"149,95"
Koroplast Dev Ekonomik Küçük Buzdolabı Poşeti 160'lı,Ev ve Yaşam,"149,95"
Koroplast Dev Ekonomik Orta Buzdolabı Poşeti 80'li,Ev ve Yaşam,"149,95"
Koroplast Doğal Streç Film 25 M,Ev ve Yaşam,"139,90"
Koroplast Fırın Torbası,Ev ve Yaşam,"89,95"
Koroplast Hazır Kesilmiş Pişirme Kağıdı 10 Adet,Ev ve Yaşam,"109,95"
Koroplast Hazır Kesilmiş Pişirme Kağıdı 16'lı,Ev ve Yaşam,"149,95"
Koroplast Küçük Boy Buzdolabı Poşeti,Ev ve Yaşam,"74,95"
Koroplast Orta Boy Buzdolabı Poşeti 20'li,Ev ve Yaşam,"74,95"
Koroplast Pişirme Kağıdı 16'lı 1 Alana 1 Bedava,Ev ve Yaşam,"169,95"
Koroplast Pişirme Kağıdı 32 Adet,Ev ve Yaşam,"149,95"
Koroplast Pişirme Kağıdı 8 Mt,Ev ve Yaşam,"149,95"
Koroplast Sar Pişir Pişirme Kağıdı,Ev ve Yaşam,"199,95"
Koroplast Streç Film 15 Mt,Ev ve Yaşam,"134,90"
Panasonic CR2025 3V Lityum Pil,Ev ve Yaşam,"45,00"
Panasonic CR2032 3V Lityum Pil,Ev ve Yaşam,"59,00"
Panasonic General Purpose CR14 Büyük Pil 2'li,Ev ve Yaşam,"90,00"
Panasonic General Purpose D2 Büyük Pil 2'li,Ev ve Yaşam,"175,90"
Panasonic İnce Kalem Alkalin Pil AAAA 4'lü,Ev ve Yaşam,"130,00"
Panasonic Kalem Alkalin Pil AA 4'lü,Ev ve Yaşam,"130,00"
Panasonic Manganez AA Kalem Pil 4'lü,Ev ve Yaşam,"89,00"
Panasonic Manganez AAA İnce Pil 4'lü,Ev ve Yaşam,"132,90"
Panasonic Power 9 Volt Alkalin Pil Tekli,Ev ve Yaşam,"169,00"
Panasonic Pro Power 4+2 Kalem Pil,Ev ve Yaşam,"259,00"
Paşabahçe Aida Çay Bardağı 6'lı,Ev ve Yaşam,"325,00"
Paşabahçe Alanya Su Bardağı 6'lı,Ev ve Yaşam,"157,50"
Paşabahçe Diamond Ayaklı Kahve Yanı Bardak 6'lı,Ev ve Yaşam,"660,00"
Paşabahçe Heybeli Çay Bardağı 6'lı,Ev ve Yaşam,"310,00"
Paşabahçe Iconic Cam Şişe 0.5 Lt,Ev ve Yaşam,"190,00"
Paşabahçe Iconic Küçük Bardak Seti 3'lü 280 cc,Ev ve Yaşam,"260,00"
Paşabahçe İrem Çay Bardağı 6'lı,Ev ve Yaşam,"190,00"
Paşabahçe Kesme Bardak 6'lı,Ev ve Yaşam,"890,00"
Paşabahçe Nova Kahve Yanı Bardağı 6'lı,Ev ve Yaşam,"420,00"
Paşabahçe Space Su Bardağı 6'lı,Ev ve Yaşam,"155,00"
Paşabahçe Vefa Çay Bardağı 6'lı,Ev ve Yaşam,"140,00"
Piknik Ahşap Kebap Şiş 40 Adet,Ev ve Yaşam,"139,90"
Piknik Airfry Pişirme Kağıdı 25'li,Ev ve Yaşam,"149,90"
Piknik Airfryer Kare Pişirme Kağıdı 25'li,Ev ve Yaşam,"149,90"
Piknik Alüminyum Aşure Sütlaç Kullan At Kabı,Ev ve Yaşam,"69,90"
Piknik Bambo Kürdan,Ev ve Yaşam,"56,90"
Piknik Büyük Boy Buzdolabı Poşeti 20'li 4 Al 3 Öde,Ev ve Yaşam,"139,90"
Piknik Buz Torbası 10'lu,Ev ve Yaşam,"74,90"
Piknik Buzdolabı Poşeti Küçük Boy 30'lu,Ev ve Yaşam,"39,95"
Piknik Buzdolabı Saklama Poşeti Orta 20'li,Ev ve Yaşam,"39,95"
Piknik Hazır Kesilmiş Pişirme Kağıdı 16'lı,Ev ve Yaşam,"99,90"
Piknik Kilitli Büyük Boy Buzdolabı Poşeti 10'lu,Ev ve Yaşam,"79,90"
Piknik Kilitli Orta Boy Buzdolabı Poşeti 12'li,Ev ve Yaşam,"79,90"
Piknik Krıstal Bardak 6 Adet,Ev ve Yaşam,"73,90"
Piknik Küçük Buzdolabı Poşeti 30'lu 4 Al 3 Öde,Ev ve Yaşam,"139,90"
Piknik Mangal Kömürü 1 Kg,Ev ve Yaşam,"99,90"
Piknik Muffin Kalıbı 20'li,Ev ve Yaşam,"139,90"
Piknik Orta Boy Buzdolabı Poşeti 20'li 4 al 3 Öde,Ev ve Yaşam,"139,90"
Piknik Şeffaf Bıçak 10 Adet,Ev ve Yaşam,"19,95"
Piknik Şeffaf Çatal 10 Adet,Ev ve Yaşam,"52,50"
Piknik Şeffaf Eldiven 20 Adet,Ev ve Yaşam,"79,90"
Piknik Streç Film 15 Metre,Ev ve Yaşam,"119,90"
Samatya Çay Bardağı 6'Lı,Ev ve Yaşam,"240,00"
Sera Buzdolabı Poşeti Büyük Boy 20'li,Ev ve Yaşam,"41,90"
Sera Buzdolabı Poşeti Küçük Boy 40'lı,Ev ve Yaşam,"41,50"
Sera Buzdolabı Poşeti Orta Boy 20'li,Ev ve Yaşam,"36,90"
Sera Pişirme Kağıdı Hazır Kesim 16'lı,Ev ve Yaşam,"96,90"
Smyrna Mangal Kömürü,Ev ve Yaşam,"99,95"
Pattex Metal-Plastik-Cam Kontakt Yapıştırıcı 50 Ml,"Kitap, Kırtasiye","149,95"
Wıskas Kuzulu-Tavşan Yaş Mama 85 Gr,Petshop,"38,95"
Dreamies İç Dolgulu Tavuklu Kedi Ödül Bisküvisi 60 Gr,Petshop,"79,95"
Dreamies Mix İç Dolgulu Biftekli ve Peynirli Kedi Ödül Bisküvisi 60 Gr,Petshop,"79,95"
Dreamies Somonlu Yetişkin ve Yavru Kediler için Tamamlayıcı Ödül Bisküvisi 60 Gr,Petshop,"79,95"
Friskies Kümes Hayvanlı Yetişkin Kedi Maması 300 Gr,Petshop,"96,90"
Gourmet Gold Kıyılmış Hindili Yaş Kedi Maması 85 Gr,Petshop,"64,95"
Gourmet Gold Kıyılmış Sığır Etli Yaş Kedi Maması 85 Gr,Petshop,"64,95"
Gourmet Gold Kıyılmış Tavuk Etli Yaş Kedi Maması 85 Gr,Petshop,"64,95"
Gourmet Gold Kıyılmış Tonlu Yaş Kedi Maması 85 Gr,Petshop,"64,95"
Jungle Bentonit İnce Naturel Kedi Kumu 5 Lt,Petshop,"135,45"
Jungle Biftekli Konserve Kedi Maması 415 Gr,Petshop,"89,00"
Jungle Biftekli-Sebzeli Konserve Köpek Maması 400 Gr,Petshop,"89,00"
Jungle Crunch Deri ve Tüy Bakımı Kedi Ödül Maması 60 gr,Petshop,"59,95"
Jungle Crunch Güçlü Kemikler Kedi Ödül Maması 60 gr,Petshop,"59,95"
Jungle Gurme Muhabbet Kuşu Yemi 400 Gr,Petshop,"93,50"
Jungle Kuzu Etli Yetişkin Kedi Maması 1500 Gr,Petshop,"419,95"
Jungle Pouch Tavuklu Yavru Kedi Maması 100 gr,Petshop,"34,50"
Jungle Quik Bentonit Ince Bebek Pudralı Kedi Kumu 5lt,Petshop,"135,45"
Jungle Tavuklu Yavru Kedi Maması 1500 Gr,Petshop,"419,95"
Jungle Yavru Kedi Konserve Mama 400 gr,Petshop,"89,00"
One Sığır Etli Kedi Maması 800 Gr,Petshop,"432,95"
One Sığır Etli Yetişkin Kedi Maması 800 Gr,Petshop,"432,95"
One Somonlu Kısır Kedi Maması 800 Gr,Petshop,"432,95"
One Tavuk Etli Yavru Kedi Maması 800 Gr,Petshop,"432,95"
One Tavuk Etli Yetişkin Kedi Maması 800 Gr,Petshop,"432,95"
Pedigree Biscrok Multi Mix Köpek Ödül Maması 500 Gr,Petshop,"249,90"
Pedigree Biscrok Original Köpek Ödül Bisküvisi 200 Gr,Petshop,"124,95"
Pedigree Dentastix Medium Köpek Ödül Maması 180 Gr,Petshop,"184,95"
Pedigree Junior Tavuk Etli Konserve Yavru Köpek Maması 400 Gr,Petshop,"171,90"
Pedigree Sığır Etli Jöle içinde Yetişkin Köpek Maması 400 Gr,Petshop,"171,90"
Pedigree Sığır Etli&Kuzu Etli ve Hindili&Havuçlı Yetişkin Köpek Maması 4'lü 100 Gr,Petshop,"169,95"
Pedigree Tavuklu Ve Havuçlu Konserve Köpek Maması 400 Gr,Petshop,"171,90"
Petlove Kurabiye & Vanilya Köpük Şampuan 225 Ml,Petshop,"265,90"
Petlove Çikolata Tüy Bakım Spreyi 150 Ml,Petshop,"265,90"
Petlove Çilek Köpük Şampuan 225 Ml,Petshop,"265,90"
Petlove Çilek Şampuan 250 Ml,Petshop,"199,90"
Petlove Çilek Şampuan 500 Ml,Petshop,"265,90"
Petlove Okyanus Şampuan 250 Ml,Petshop,"199,90"
Petlove Okyanus Şampuan 500 Ml,Petshop,"265,90"
Petlove Vanilya Tüy Bakım Spreyi 150 Ml,Petshop,"265,90"
Sheba Pouch Etli Çeşitler Kedi Maması 4*85 Gr,Petshop,"199,95"
Sheba Pouch Sığır Etli Kedi Maması 85 Gr,Petshop,"58,95"
Smile Cat Flowpack 425gr (5*85gr) Yavru Kedi Kuzulu Mama,Petshop,"129,00"
Smile Cat Flowpack 425gr (5*85gr) Yetişkin Kedi Tavuklu Mama,Petshop,"129,00"
Smile Cat Kuzulu Yavru Kedi Maması 1 Kg,Petshop,"238,95"
Smile Cat Kuzulu Yavru Kedi Maması 400 Gr,Petshop,"104,95"
Smile Cat Kuzulu Yetişkin Kedi Maması 400 Gr,Petshop,"104,95"
Smile Cat Multi Color Yetişkin Kedi Maması 400 Gr,Petshop,"104,95"
Smile Cat Tavuklu Kısır Kedi Maması 400 Gr,Petshop,"104,95"
Smile Dog Flowpack 425gr (5*85gr) Yetişkin Köpek Kuzulu Mama,Petshop,"129,00"
Smile Dog Kuzulu Pouch Küçük&Orta Irk Köpek Maması 100 Gr,Petshop,"29,50"
Smile Dog Sığır Etli Yetişkin Konserve Köpek Maması 400 Gr,Petshop,"83,95"
Whiskas Biftek&Havuçlu Kuru Kedi Maması 1400 Gr,Petshop,"579,90"
Whiskas Biftek&Havuçlu Kuru Kedi Maması 300 Gr,Petshop,"139,95"
Whıskas Kuzulu Hindili Mama 85 Gr,Petshop,"38,95"
Whıskas Kuzulu Yaş Mama 85 GR,Petshop,"38,95"
Whiskas Pouch Et Çeşitli Yavru Kedi Maması 340 Gr (4'lü Paket),Petshop,"139,95"
Whiskas Pouch Etli Kedi Maması 85 Gr,Petshop,"38,95"
Whiskas Pouch Etli Yavru Kedi Maması 340 Gr (4'lü Paket),Petshop,"129,90"
Whiskas Pouch Güveç Kedi Maması 4*85 Gr,Petshop,"129,90"
Whiskas Pouch Güveç Sığır Etli Kedi Maması 85 Gr,Petshop,"38,95"
Whiskas Pouch Güveç Tavuk Etli Kedi Maması 85 Gr,Petshop,"38,95"
Whiskas Pouch Kümes Hayvanlı Yaş Yavru Kedi Maması 85 Gr,Petshop,"38,95"
Whiskas Pouch Somonlu Kedi Maması 85 Gr,Petshop,"38,95"
Whiskas Pouch Tavuklu Kedi Maması 85 Gr,Petshop,"38,95"
Whiskas Pouch Ton Balıklı Kedi Maması 85 Gr,Petshop,"38,95"
Whıskas Sheba Somonlu Kedi Maması 85 Gr,Petshop,"58,95"
Whiskas Sığır Etli Konserve Kedi Maması 400 Gr,Petshop,"179,90"
Whıskas Somonlu-Havuçlu Mama 85 Gr,Petshop,"38,95"
Whiskas Steril Tavuklu Kedi Maması 1400 Gr,Petshop,"579,90"
Whiskas Tavuklu Konserve Kedi Maması 400 Gr,Petshop,"179,90"
Whiskas Tavuklu Kuru Yavru Kedi Maması 300 Gr,Petshop,"139,95"
Whiskas Ton Balıklı Konserve Kedi Maması 400 Gr,Petshop,"179,90"
Whiskas Ton Balıklı&Sebzeli Kedi Maması 1400 Gr,Petshop,"579,90"
Whiskas Ton Balıklı&Sebzeli Kuru Kedi Maması 300 Gr,Petshop,"139,95"
