Product Name,Price,Category
Lexus Koltuk Takımı,"63.485,00 TL",Oturma Odası
Tetra Koltuk Takımı,"66.730,00 TL",Oturma Odası
Freya Koltuk Takımı,"37.200,00 TL",Oturma Odası
Mitra S Koltuk Takımı,"57.745,00 TL",Oturma Odası
Alin Koltuk Takımı,"32.495,00 TL",Oturma Odası
Briella X Koltuk Takımı,"56.498,00 TL",Oturma Odası
Shine Koltuk Takımı,"18.964,00 TL",Oturma Odası
Legato Koltuk Takımı,"33.998,00 TL",Oturma Odası
Linus Koltuk Takımı,"44.995,00 TL",Oturma Odası
Briella Lux Koltuk Takımı,"56.498,00 TL",Oturma Odası
Truva Koltuk Takımı,"41.979,00 TL",Oturma Odası
Fiona Koltuk Takımı,"49.990,00 TL",Oturma Odası
Alexa Koltuk Takımı,"49.996,00 TL",Oturma Odası
Borneo Bohem Koltuk Takımı,"52.495,00 TL",Oturma Odası
Lavita Koltuk Takımı,"52.428,00 TL",Oturma Odası
Plato S Koltuk Takımı,"64.993,00 TL",Oturma Odası
Dora Koltuk Takımı,"43.568,00 TL",Oturma Odası
Alya Koltuk Takımı,"58.313,00 TL",Oturma Odası
Aysa X Koltuk Takımı,"67.136,00 TL",Oturma Odası
Vanessa Koltuk Takımı,"69.749,00 TL",Oturma Odası
Aysa Koltuk Takımı,"61.482,00 TL",Oturma Odası
Marven Koltuk Takımı,"46.585,00 TL",Oturma Odası
Monreo Koltuk Takımı,"29.995,00 TL",Oturma Odası
Blanca Koltuk Takımı,"81.665,00 TL",Oturma Odası
Dora Sehpalı Üçlü Koltuk,"38.383,00 TL",Oturma Odası
Elizya S Üçlü Koltuk,"31.275,00 TL",Oturma Odası
Lena Berjer,"14.296,00 TL",Oturma Odası
Mary Köşe Koltuk,"48.079,00 TL",Oturma Odası
Venon Üçlü Koltuk,"36.497,00 TL",Oturma Odası
Lena TV Ünitesi,"24.361,00 TL",Oturma Odası
Elizya S Berjer,"15.216,00 TL",Oturma Odası
Mary Üçlü Koltuk,"40.289,00 TL",Oturma Odası
Mary Berjer,"16.058,00 TL",Oturma Odası
Estilo X Berjer,"15.828,00 TL",Oturma Odası
Talia Üçlü Koltuk,"33.724,00 TL",Oturma Odası
Plato Döner Berjer,"21.593,00 TL",Oturma Odası
Plato Dörtlü Koltuk,"55.799,00 TL",Oturma Odası
Plato Üçlü Koltuk,"47.399,00 TL",Oturma Odası
Plato Koltuk Takımı,"64.993,00 TL",Oturma Odası
Lena Koltuk Takımı,"48.718,00 TL",Oturma Odası
Estilo X Koltuk Takımı,"47.499,00 TL",Oturma Odası
Mary Koltuk Takımı,"56.347,00 TL",Oturma Odası
Lena Üçlü Koltuk,"34.422,00 TL",Oturma Odası
Sandra Koltuk Takımı,"39.995,00 TL",Oturma Odası
Plato S Dörtlü Koltuk,"55.799,00 TL",Oturma Odası
Plato S Üçlü Koltuk,"47.399,00 TL",Oturma Odası
Cansas Üçlü Koltuk,"14.085,00 TL",Oturma Odası
Lavita Üçlü Koltuk,"34.423,00 TL",Oturma Odası
Briella Koltuk Takımı,"56.498,00 TL",Oturma Odası
Legato X Koltuk Takımı,"33.998,00 TL",Oturma Odası
Destina Koltuk Takımı,"59.531,00 TL",Oturma Odası
Lavita İkili Koltuk,"33.109,00 TL",Oturma Odası
Blanca Koltuk Takımı L Ayaklı,"81.665,00 TL",Oturma Odası
Mary X Köşe Koltuk,"48.079,00 TL",Oturma Odası
Mary X Berjer,"16.058,00 TL",Oturma Odası
Cansas Koltuk Takımı,"23.475,00 TL",Oturma Odası
Bella Koltuk Takımı,"47.732,00 TL",Oturma Odası
Arena Koltuk Takımı,"54.995,00 TL",Oturma Odası
Serra Üçlü Koltuk,"39.147,00 TL",Oturma Odası
Serra Koltuk Takımı,"54.499,00 TL",Oturma Odası
Molde S Berjer,"11.614,00 TL",Oturma Odası
Talia Koltuk Takımı,"46.864,00 TL",Oturma Odası
Elizya S Koltuk Takımı,"46.491,00 TL",Oturma Odası
Venon Koltuk Takımı,"49.011,00 TL",Oturma Odası
Talia Köşe Koltuk Takımı,"69.885,00 TL",Oturma Odası
Mitra Uzanmalı Köşe Takımı,"61.821,00 TL",Oturma Odası
Mitra Köşe Koltuk Takımı,"87.488,00 TL",Oturma Odası
Legato X Köşe Koltuk Takımı,"70.723,00 TL",Oturma Odası
Legato Köşe Koltuk Takımı,"59.933,00 TL",Oturma Odası
Bloom Köşe Koltuk,"58.126,00 TL",Oturma Odası
William X Köşe Koltuk,"45.472,00 TL",Oturma Odası
Monreo İkili Uzanmalı Köşe Koltuk,"32.819,00 TL",Oturma Odası
Plato S Uzanmalı Köşe Koltuk Takımı,"58.601,00 TL",Oturma Odası
Plato S Köşe Koltuk Takımı,"83.722,00 TL",Oturma Odası
Senfoni Köşe Koltuk,"63.753,00 TL",Oturma Odası
Valens Köşe Koltuk Takımı,"44.108,00 TL",Oturma Odası
Elizya S İkili Uzanmalı Köşe Koltuk,"46.484,00 TL",Oturma Odası
Lena Köşe Koltuk,"62.014,00 TL",Oturma Odası
Mitra Uzanmalı Sol Köşe,"61.821,00 TL",Oturma Odası
Monreo İkili Sağ Uzanmalı Köşe Koltuk,"32.819,00 TL",Oturma Odası
Monreo İkili Sol Uzanmalı Köşe Koltuk,"32.819,00 TL",Oturma Odası
Legato Uzanmalı Sol Köşe,"41.050,00 TL",Oturma Odası
Legato Uzanmalı Sağ Köşe,"41.050,00 TL",Oturma Odası
Legato X Sağ Köşe,"59.933,00 TL",Oturma Odası
Legato Sol Köşe,"59.933,00 TL",Oturma Odası
Legato Sağ Köşe,"59.933,00 TL",Oturma Odası
Legato X Uzanmalı Köşe Koltuk Takımı,"41.050,00 TL",Oturma Odası
Teddy Köşe Koltuk,"103.669,00 TL",Oturma Odası
William Köşe Koltuk,"45.472,00 TL",Oturma Odası
Legato Uzanmalı Köşe Koltuk Takımı,"41.050,00 TL",Oturma Odası
Legato X Uzanmalı Sağ Köşe,"41.050,00 TL",Oturma Odası
Shine Üçlü Koltuk,"41.024,00 TL",Oturma Odası
Destina Üçlü Koltuk,"44.652,00 TL",Oturma Odası
Tetra Üçlü Koltuk,"48.804,00 TL",Oturma Odası
Freya Üçlü Koltuk,"22.817,00 TL",Oturma Odası
Freya Üçlü Koltuk Kırlentli,"27.779,00 TL",Oturma Odası
Alin Üçlü Koltuk,"20.935,00 TL",Oturma Odası
Briella X Üçlü Koltuk,"40.423,00 TL",Oturma Odası
Legato X Üçlü Koltuk,"23.208,00 TL",Oturma Odası
Legato Üçlü Koltuk,"23.208,00 TL",Oturma Odası
Linus Üçlü Koltuk,"32.217,00 TL",Oturma Odası
Alya Üçlü Koltuk,"42.643,00 TL",Oturma Odası
Alya İkili Koltuk,"39.549,00 TL",Oturma Odası
Vanessa Üçlü Koltuk,"50.525,00 TL",Oturma Odası
Aysa Üçlü Koltuk Sabit,"45.770,00 TL",Oturma Odası
Aysa Üçlü Koltuk Yataklı,"40.116,00 TL",Oturma Odası
Aysa X Üçlü Koltuk Sabit,"45.770,00 TL",Oturma Odası
Marven Üçlü Koltuk,"32.824,00 TL",Oturma Odası
Sandra Üçlü Koltuk,"26.855,00 TL",Oturma Odası
Truva Üçlü Koltuk,"29.390,00 TL",Oturma Odası
Briella Üçlü Koltuk,"40.423,00 TL",Oturma Odası
Alexa Relax Üçlü Koltuk,"37.000,00 TL",Oturma Odası
Alexa Üçlü Koltuk,"37.000,00 TL",Oturma Odası
Borneo Üçlü Koltuk,"37.413,00 TL",Oturma Odası
Dora Üçlü Koltuk,"29.436,00 TL",Oturma Odası
Monreo Üçlü Koltuk,"18.998,00 TL",Oturma Odası
Briella Lux Üçlü Koltuk,"40.423,00 TL",Oturma Odası
Fiona Üçlü Koltuk,"37.059,00 TL",Oturma Odası
Lexus İkili Koltuk,"40.177,00 TL",Oturma Odası
Aysa İkili Koltuk,"38.513,00 TL",Oturma Odası
Monreo İkili Koltuk,"17.198,00 TL",Oturma Odası
Blanca Üçlü Koltuk,"53.748,00 TL",Oturma Odası
Blanca Dörtlü Koltuk,"63.796,00 TL",Oturma Odası
Blanca İkili Koltuk,"50.130,00 TL",Oturma Odası
Talia İkili Koltuk,"29.493,00 TL",Oturma Odası
Aldis Tek Kişilik Yataklı Kanepe,"40.926,00 TL",Oturma Odası
Elizya S İkili Koltuk,"27.938,00 TL",Oturma Odası
Estilo X Yataklı Üçlü Koltuk,"31.671,00 TL",Oturma Odası
Estilo X İkili Koltuk,"26.170,00 TL",Oturma Odası
Lena İkili koltuk,"29.310,00 TL",Oturma Odası
Mary İkili Koltuk,"29.900,00 TL",Oturma Odası
Venon İkili Koltuk,"30.328,00 TL",Oturma Odası
Cansas İkili Koltuk,"12.865,00 TL",Oturma Odası
Destina İkili Koltuk,"42.657,00 TL",Oturma Odası
Briella İkili Koltuk,"38.000,00 TL",Oturma Odası
Briella Lux İkili Koltuk,"38.000,00 TL",Oturma Odası
Fiona İkili Koltuk,"35.050,00 TL",Oturma Odası
Truva İkili Koltuk,"28.037,00 TL",Oturma Odası
Legato İkili Koltuk,"21.207,00 TL",Oturma Odası
Blanca Üçlü Koltuk L Ayaklı,"53.748,00 TL",Oturma Odası
Lexus S İkili Koltuk,"40.177,00 TL",Oturma Odası
Tetra İkili Koltuk,"43.924,00 TL",Oturma Odası
Mitra S Üçlü Koltuk,"41.613,00 TL",Oturma Odası
Aldis Çift Kişilik Yataklı Kanepe,"51.700,00 TL",Oturma Odası
Borneo İkili Koltuk,"35.016,00 TL",Oturma Odası
Jolly Tv Koltuk Takımı,"29.504,00 TL",Oturma Odası
Jolly Tv Koltuğu,"22.155,00 TL",Oturma Odası
Albion TV Koltuğu,"27.989,00 TL",Oturma Odası
Oslo Tv Koltuğu,"30.322,00 TL",Oturma Odası
Lexus S Berjer,"18.843,00 TL",Oturma Odası
Lexus Berjer,"19.836,00 TL",Oturma Odası
Destina Berjer,"14.879,00 TL",Oturma Odası
Tetra Berjer,"18.663,00 TL",Oturma Odası
Freya Berjer,"14.383,00 TL",Oturma Odası
Linus X Berjer,"12.778,00 TL",Oturma Odası
Alin Berjer,"11.560,00 TL",Oturma Odası
Briella X Berjer,"16.075,00 TL",Oturma Odası
Shine Berjer,"18.964,00 TL",Oturma Odası
Legato X Berjer,"10.790,00 TL",Oturma Odası
Legato Berjer,"10.790,00 TL",Oturma Odası
Linus Berjer,"12.778,00 TL",Oturma Odası
Truva Berjer,"12.589,00 TL",Oturma Odası
Fiona Berjer,"12.931,00 TL",Oturma Odası
Briella Berjer,"16.075,00 TL",Oturma Odası
Alexa Berjer,"12.996,00 TL",Oturma Odası
Aysa X Berjer,"21.366,00 TL",Oturma Odası
Borneo Berjer,"16.934,00 TL",Oturma Odası
Borneo S Berjer,"15.082,00 TL",Oturma Odası
Lavita Berjer,"18.005,00 TL",Oturma Odası
Plato S Berjer,"17.594,00 TL",Oturma Odası
Monreo Berjer,"10.997,00 TL",Oturma Odası
Cansas Berjer,"9.390,00 TL",Oturma Odası
Dora Berjer,"14.132,00 TL",Oturma Odası
Alya Berjer,"15.670,00 TL",Oturma Odası
Alya Döner Berjer,"18.568,00 TL",Oturma Odası
Vanessa Berjer,"19.224,00 TL",Oturma Odası
Aysa Berjer,"21.366,00 TL",Oturma Odası
Marven Berjer,"13.761,00 TL",Oturma Odası
Sandra Berjer,"13.140,00 TL",Oturma Odası
Mitra Berjer,"16.132,00 TL",Oturma Odası
Blanca Berjer,"27.917,00 TL",Oturma Odası
Talia Berjer,"13.140,00 TL",Oturma Odası
Lena Deluxe Berjer,"15.544,00 TL",Oturma Odası
Venon Berjer,"12.514,00 TL",Oturma Odası
Teddy Berjer,"15.132,00 TL",Oturma Odası
Teddy Dlx. Berjer,"17.926,00 TL",Oturma Odası
Senfoni Deluxe Berjer,"17.523,00 TL",Oturma Odası
William Berjer,"13.281,00 TL",Oturma Odası
Plato Berjer,"17.594,00 TL",Oturma Odası
Valens Köşe Berjer,"17.052,00 TL",Oturma Odası
Blanca Berjer L ayaklı,"27.917,00 TL",Oturma Odası
William X Berjer,"13.281,00 TL",Oturma Odası
Briella Lux Berjer,"16.075,00 TL",Oturma Odası
Fiona Tv Ünitesi,"13.560,00 TL",Oturma Odası
Lavita TV Ünitesi,"13.295,00 TL",Oturma Odası
Aysa TV Ünitesi,"30.660,00 TL",Oturma Odası
Vista TV Ünitesi,"62.723,00 TL",Oturma Odası
Mitra TV Ünitesi,"48.009,00 TL",Oturma Odası
Platin Orta Sehpa,"12.949,00 TL",Oturma Odası
Fiona Zigon Sehpa,"9.332,00 TL",Oturma Odası
Fiona Çekmeceli Orta Sehpa,"14.087,00 TL",Oturma Odası
Fiona Orta Sehpa,"8.049,00 TL",Oturma Odası
Resta Zigon Sehpa,"7.442,00 TL",Oturma Odası
Truva Orta Sehpa,"11.082,00 TL",Oturma Odası
Truva Büyük Zigon Sehpa,"7.349,00 TL",Oturma Odası
Truva Küçük Zigon Sehpa,"7.349,00 TL",Oturma Odası
Lexus Çekmeceli Orta Sehpa,"23.322,00 TL",Oturma Odası
Lexus Zigon Sehpa,"14.990,00 TL",Oturma Odası
Destina Zigon Sehpa,"11.655,00 TL",Oturma Odası
Destina Orta Sehpa,"9.905,00 TL",Oturma Odası
Linus Zigon Sehpa,"10.266,00 TL",Oturma Odası
Legato Yan Sehpa,"3.397,00 TL",Oturma Odası
Legato Zigon Sehpa,"11.889,00 TL",Oturma Odası
Legato Orta Sehpa,"4.325,00 TL",Oturma Odası
Shine Zigon Sehpa Takımı,"16.268,00 TL",Oturma Odası
Shine Küçük Zigon Sehpa,"7.093,00 TL",Oturma Odası
Shine Büyük Zigon Sehpa,"9.175,00 TL",Oturma Odası
Shine Orta Sehpa,"15.301,00 TL",Oturma Odası
Linus Orta Sehpa Takımı,"9.331,00 TL",Oturma Odası
Linus Çekmeceli Orta Sehpa,"10.266,00 TL",Oturma Odası
Linus Yan Sehpa,"4.199,00 TL",Oturma Odası
Linus Orta Sehpa,"5.132,00 TL",Oturma Odası
Mary X Dikdörtgen Sehpa,"8.023,00 TL",Oturma Odası
Borneo Orta Zigon Sehpa,"7.103,00 TL",Oturma Odası
Briella Yan Sehpa - Küçük,"7.594,00 TL",Oturma Odası
Briella Yan Sehpa - Büyük,"7.961,00 TL",Oturma Odası
Briella Zigon Sehpa,"14.331,00 TL",Oturma Odası
Briella Orta Sehpa,"14.576,00 TL",Oturma Odası
Olivia Yan Sehpa - Küçük,"7.586,00 TL",Oturma Odası
Olivia Yan Sehpa - Büyük,"7.849,00 TL",Oturma Odası
Marven Zigon Sehpa Takımı,"10.264,00 TL",Oturma Odası
Marven Küçük Zigon Sehpa,"5.132,00 TL",Oturma Odası
Marven Büyük Zigon Sehpa,"5.132,00 TL",Oturma Odası
Mitra Çekmeceli Orta Sehpa,"13.299,00 TL",Oturma Odası
Fenton Zigon Sehpa,"8.749,00 TL",Oturma Odası
Borneo Büyük Zigon Sehpa,"7.349,00 TL",Oturma Odası
Borneo Küçük Zigon Sehpa,"9.431,00 TL",Oturma Odası
Borneo Bohem Zigon Sehpa Takımı,"23.883,00 TL",Oturma Odası
Borneo Yan Fiskos Sehpa,"10.534,00 TL",Oturma Odası
Borneo Bohem Orta Sehpa,"11.024,00 TL",Oturma Odası
Fenton Orta Sehpa,"6.066,00 TL",Oturma Odası
Teddy Yan Sehpa,"7.932,00 TL",Oturma Odası
Alya Zigon Sehpa,"9.757,00 TL",Oturma Odası
Alya Orta Sehpa,"9.876,00 TL",Oturma Odası
Lenor Yan Sehpa,"7.849,00 TL",Oturma Odası
Teddy Zigon Sehpa,"4.316,00 TL",Oturma Odası
Teddy Orta Sehpa,"9.216,00 TL",Oturma Odası
Vanessa Yuvarlak Yan Sehpa Küçük,"9.216,00 TL",Oturma Odası
Vanessa Yuvarlak Yan Sehpa Büyük,"9.332,00 TL",Oturma Odası
Vanessa Yan Sehpa,"8.282,00 TL",Oturma Odası
Vanessa 3'lü Zigon Sehpa,"17.382,00 TL",Oturma Odası
Vanessa Orta Sehpa,"14.349,00 TL",Oturma Odası
Aysa 2'li Zigon Sehpa,"12.249,00 TL",Oturma Odası
Platin 3'lü Zigon Sehpa,"10.149,00 TL",Oturma Odası
Mitra Zigon Sehpa,"17.499,00 TL",Oturma Odası
Arena 3'lü Zigon Sehpa,"9.682,00 TL",Oturma Odası
Blanca Zigon Sehpa Takımı,"25.109,00 TL",Oturma Odası
Vista Orta Sehpa,"4.665,00 TL",Oturma Odası
Talia Zigon Sehpa - Küçük,"5.016,00 TL",Oturma Odası
Talia Orta Sehpa - Büyük,"8.982,00 TL",Oturma Odası
Talia Orta Sehpa - Küçük,"7.815,00 TL",Oturma Odası
Talia Zigon Sehpa,"5.016,00 TL",Oturma Odası
Lena Orta Sehpa,"7.349,00 TL",Oturma Odası
Oliver 3'lü Zigon Sehpa,"9.099,00 TL",Oturma Odası
Oliver Orta Sehpa,"4.899,00 TL",Oturma Odası
Lena 3'lü Zigon Sehpa,"10.032,00 TL",Oturma Odası
Green Yan Sehpa,"2.124,00 TL",Oturma Odası
Clara Orta Sehpa,"6.086,00 TL",Oturma Odası
İndigo Orta Sehpa,"5.366,00 TL",Oturma Odası
İndigo 3'lü Zigon Sehpa,"5.599,00 TL",Oturma Odası
Elizya Smart Sehpa,"12.928,00 TL",Oturma Odası
Elizya Oval Sehpa,"6.554,00 TL",Oturma Odası
Mary 3'lü Zigon Sehpa,"8.282,00 TL",Oturma Odası
Elizya Orta Sehpa,"8.407,00 TL",Oturma Odası
Elizya 3'lü Zigon Sehpa,"6.204,00 TL",Oturma Odası
Misty Orta Sehpa,"8.883,00 TL",Oturma Odası
Mary Dikdörtgen Sehpa,"8.023,00 TL",Oturma Odası
Fiona Tv Ünitesi Dolap,"5.203,00 TL",Oturma Odası
Fiona TV Ünitesi Camlı Dolap,"5.063,00 TL",Oturma Odası
Briella Tv Dolaplı Yan Ünite,"26.337,00 TL",Oturma Odası
Alexa TV Ünitesi Yan Modül,"3.385,00 TL",Oturma Odası
Alexa Tv Ünitesi Raf,"1.314,00 TL",Oturma Odası
Alexa Tv Ünitesi Dolap,"3.743,00 TL",Oturma Odası
Teddy Köşe Sol Oval Tekli Relax,"23.474,00 TL",Oturma Odası
Teddy Köşe Sağ Oval Tekli Relax,"23.474,00 TL",Oturma Odası
Teddy Köşe Sağ Oval Tekli,"19.579,00 TL",Oturma Odası
Teddy Köşe Sol Uzanma,"33.370,00 TL",Oturma Odası
Valens Ters Köşe Koltuk,"44.108,00 TL",Oturma Odası
Plato S Uzanmalı Ters Köşe Koltuk,"58.601,00 TL",Oturma Odası
Plato S Köşe Koltuk,"83.722,00 TL",Oturma Odası
Plato S Uzanmalı Köşe Koltuk,"58.601,00 TL",Oturma Odası
Lavita Tv Ünitesi Raf,"2.330,00 TL",Oturma Odası
Lavita Tv Ünitesi Üst Dolap,"5.627,00 TL",Oturma Odası
Lavita Tv Ünitesi Raflı Dolap,"3.417,00 TL",Oturma Odası
Cansas Dolaplı Duvar Rafı,"2.645,00 TL",Oturma Odası
Valens Köşe Koltuk,"44.108,00 TL",Oturma Odası
Teddy Köşe Sağ Uzanma,"33.370,00 TL",Oturma Odası
Teddy Köşe Tekli Relax,"17.474,00 TL",Oturma Odası
Teddy Köşe Tekli Relax,"18.114,00 TL",Oturma Odası
Teddy Köşe Sol Oval Tekli,"19.579,00 TL",Oturma Odası
Aysa TV Ünitesi Dolap Modül,"5.850,00 TL",Oturma Odası
Aysa TV Ünitesi Arka Modül,"3.660,00 TL",Oturma Odası
Talia Köşe,"69.885,00 TL",Oturma Odası
Cross TV Ünitesi Arka Modül,"4.472,00 TL",Oturma Odası
Cross TV Ünitesi Üst Dolap Modül,"6.102,00 TL",Oturma Odası
Arena TV Ünitesi Arka Modül,"13.145,00 TL",Oturma Odası
Nova Yaşam Odası TV Ünitesi Geniş Arka Modül,"2.105,00 TL",Oturma Odası
Lena TV Ünitesi Dolap,"4.662,00 TL",Oturma Odası
Lena TV Ünitesi Arka Modül,"4.662,00 TL",Oturma Odası
Lena TV Ünitesi Raflı,"2.229,00 TL",Oturma Odası
Mitra Köşe Koltuk,"87.488,00 TL",Oturma Odası
Lena Ters Köşe,"62.014,00 TL",Oturma Odası
Lena Köşe,"62.014,00 TL",Oturma Odası
Elizya S Ters Köşe,"46.484,00 TL",Oturma Odası
Elizya S Köşe,"46.484,00 TL",Oturma Odası
Lexus S Üçlü Koltuk,"44.642,00 TL",Oturma Odası
Lexus Üçlü Koltuk,"44.642,00 TL",Oturma Odası
Vanessa ikili Koltuk,"45.426,00 TL",Oturma Odası
Bloom Köşe Berjer,"15.740,00 TL",Oturma Odası
Nova Yaşam Odası TV Ünitesi Raf,"6.117,00 TL",Oturma Odası
Nova Yaşam Ünitesi Yan Modül,"7.749,00 TL",Oturma Odası
Nova Yaşam Odası Dolap Modülü,"7.137,00 TL",Oturma Odası
Mary TV Ünitesi Yan Modül,"10.266,00 TL",Oturma Odası
Mary TV Ünitesi Dolap Ünite,"10.039,00 TL",Oturma Odası
Angelo Zigon Sehpa,"11.899,00 TL",Oturma Odası
Angelo Orta Sehpa,"10.709,00 TL",Oturma Odası
Dora Yan Sehpa,"8.358,00 TL",Oturma Odası
Teddy Orta Sehpa Takımı,"26.246,00 TL",Oturma Odası
Albero Yan Sehpa,"6.977,00 TL",Oturma Odası
Martin Fiskos Sehpa,"5.599,00 TL",Oturma Odası
Aysa Çekmeceli Orta Sehpa,"17.430,00 TL",Oturma Odası
Viola Yan Sehpa,"7.745,00 TL",Oturma Odası
Viola Orta Sehpa,"13.189,00 TL",Oturma Odası
Mitra Orta Sehpa Takımı,"23.448,00 TL",Oturma Odası
Mitra Oval Orta Sehpa,"9.216,00 TL",Oturma Odası
Mitra Köşeli Orta Sehpa,"10.266,00 TL",Oturma Odası
Arena Orta Sehpa,"8.516,00 TL",Oturma Odası
Blanca Orta Sehpa,"24.499,00 TL",Oturma Odası
Vista 3'lü Zigon Sehpa,"7.815,00 TL",Oturma Odası
Serra 3'lü Zigon Sehpa,"10.732,00 TL",Oturma Odası
Serra Orta Sehpa,"8.865,00 TL",Oturma Odası
Molde S Koltuk Takımı,"35.910,00 TL",Oturma Odası
Linus X Üçlü Koltuk,"32.217,00 TL",Oturma Odası
Molde S Üçlü Koltuk,"24.296,00 TL",Oturma Odası
Bella Üçlü Koltuk,"31.345,00 TL",Oturma Odası
Mellow Üçlü Koltuk,"30.097,00 TL",Oturma Odası
Serra İkili Koltuk,"30.048,00 TL",Oturma Odası
Arena Üçlü Koltuk,"38.430,00 TL",Oturma Odası
Arena Üçlü Koltuk Kapitoneli,"38.430,00 TL",Oturma Odası
Bella Berjer,"16.387,00 TL",Oturma Odası
Mellow Berjer,"11.818,00 TL",Oturma Odası
Serra Berjer,"15.352,00 TL",Oturma Odası
Arena Berjer,"16.565,00 TL",Oturma Odası
Alexa TV Ünitesi,"10.934,00 TL",Oturma Odası
Arena TV Ünitesi,"29.927,00 TL",Oturma Odası
Blanca TV Ünitesi,"68.609,00 TL",Oturma Odası
Cross Zigon Orta Sehpa,"2.085,00 TL",Oturma Odası
Misty 3'lü Zigon Sehpa,"8.883,00 TL",Oturma Odası
Marven TV Ünitesi Arka Modül,"2.833,00 TL",Oturma Odası
Marven TV Ünitesi Yan Modül,"9.465,00 TL",Oturma Odası
Marven TV Ünitesi Dolap Modül,"3.780,00 TL",Oturma Odası
Marven TV Ünitesi Uzun Raf,"1.469,00 TL",Oturma Odası
Arena İkili Koltuk,"34.974,00 TL",Oturma Odası
Mary Orta Sehpa,"14.582,00 TL",Oturma Odası
Cross Kare Sehpa,"4.207,00 TL",Oturma Odası
Lexus 8262 2'li Sandalye,"15.986,00 TL",Yemek Odası
Lexus Açılır Masa,"32.417,00 TL",Yemek Odası
Lexus Konsol,"36.092,00 TL",Yemek Odası
Lexus Konsol Aynası,"11.511,00 TL",Yemek Odası
Lexus Yemek Odası Takımı,"100.481,00 TL",Yemek Odası
Destina Yemek Odası Takımı,"69.454,00 TL",Yemek Odası
Destina Konsol,"17.360,00 TL",Yemek Odası
Destina Sabit Masa,"20.500,00 TL",Yemek Odası
Destina Konsol Aynası,"6.941,00 TL",Yemek Odası
Destina Açılır Masa,"25.957,00 TL",Yemek Odası
Destina 8257 2'li Sandalye,"17.365,00 TL",Yemek Odası
Destina 8258 2'li Sandalye,"15.797,00 TL",Yemek Odası
Shine Yemek Odası Takımı,"92.943,00 TL",Yemek Odası
Shine Konsol,"28.753,00 TL",Yemek Odası
Shine Mini Açılır Masa,"32.552,00 TL",Yemek Odası
Shine 8253 2'li Sandalye,"15.819,00 TL",Yemek Odası
Shine Açılır Masa,"35.212,00 TL",Yemek Odası
Shine Konsol Aynası,"8.316,00 TL",Yemek Odası
Legato Konsol,"12.550,00 TL",Yemek Odası
Legato Konsol Aynası,"3.183,00 TL",Yemek Odası
Legato Açılır Masa,"14.895,00 TL",Yemek Odası
Legato Mini Açılır Masa,"13.745,00 TL",Yemek Odası
Legato 8250 2'li Sandalye,"13.112,00 TL",Yemek Odası
Legato 8251 2'li Sandalye,"17.537,00 TL",Yemek Odası
Legato Yemek Odası Takımı,"52.519,00 TL",Yemek Odası
Linus Açılır Masa,"24.094,00 TL",Yemek Odası
Linus Yemek Odası Takımı,"71.022,00 TL",Yemek Odası
Linus 8247 2'li Sandalye,"15.838,00 TL",Yemek Odası
Linus Konsol Aynası,"7.438,00 TL",Yemek Odası
Linus Konsol,"15.252,00 TL",Yemek Odası
Truva Konsol,"13.233,00 TL",Yemek Odası
Fiona Alternatif Konsol,"20.579,00 TL",Yemek Odası
Briella 8245 2'li Sandalye,"11.956,00 TL",Yemek Odası
Truva 8237 2'li Sandalye,"10.573,00 TL",Yemek Odası
Fiona 8235 2'li Sandalye,"16.649,00 TL",Yemek Odası
Truva Sabit Masa,"9.105,00 TL",Yemek Odası
Fiona Sabit Masa,"9.213,00 TL",Yemek Odası
Truva Konsol Aynası,"2.672,00 TL",Yemek Odası
Fiona Konsol Aynası,"9.075,00 TL",Yemek Odası
Fiona Konsol,"17.481,00 TL",Yemek Odası
Destina 8256 1'li Sandalye,"9.446,00 TL",Yemek Odası
Briella Alternatif Mini Açılır Masa,"29.048,00 TL",Yemek Odası
Truva Mini Açılır Masa,"19.833,00 TL",Yemek Odası
Truva Alternatif Konsol,"14.993,00 TL",Yemek Odası
Fiona Açılır Masa,"21.479,00 TL",Yemek Odası
Briella 8244 2'li Sandalye,"18.624,00 TL",Yemek Odası
Briella 8243 2'li Sandalye,"14.220,00 TL",Yemek Odası
Briella 8234 2'li Sandalye,"14.378,00 TL",Yemek Odası
Briella Alternatif Açılır Masa,"30.384,00 TL",Yemek Odası
Linus Mini Açılır Masa,"22.792,00 TL",Yemek Odası
Briella Açılır Masa,"21.779,00 TL",Yemek Odası
Briella 8233 2'li Sandalye,"23.129,00 TL",Yemek Odası
Briella Sabit Masa,"21.779,00 TL",Yemek Odası
Briella Konsol,"27.128,00 TL",Yemek Odası
Briella Konsol Aynası,"7.304,00 TL",Yemek Odası
Alexa 8223 2'li Sandalye,"11.453,00 TL",Yemek Odası
Alexa Sabit Masa,"16.802,00 TL",Yemek Odası
Alexa Konsol,"11.835,00 TL",Yemek Odası
Borneo Sabit Masa,"18.810,00 TL",Yemek Odası
Borneo Bohem Konsol,"19.135,00 TL",Yemek Odası
Borneo Konsol Aynası,"11.876,00 TL",Yemek Odası
Vista Vitrin Krem,"16.307,00 TL",Yemek Odası
Vista Konsol Krem,"15.692,00 TL",Yemek Odası
Cansas Konsol Aynası,"1.625,00 TL",Yemek Odası
Vista Konsol,"15.692,00 TL",Yemek Odası
Vista Vitrin,"16.307,00 TL",Yemek Odası
Alexa 8224 Döner Mekanizmalı 2'li Sandalye,"12.982,00 TL",Yemek Odası
Alexa Açılır Masa,"20.125,00 TL",Yemek Odası
Alexa Mini Konsol,"9.925,00 TL",Yemek Odası
Alexa Konsol Aynası,"8.551,00 TL",Yemek Odası
Marven Konsol Aynası,"7.769,00 TL",Yemek Odası
Marven Konsol,"14.827,00 TL",Yemek Odası
Truva Yemek Odası Takımı,"46.156,00 TL",Yemek Odası
Fiona Yemek Odası Takımı,"69.067,00 TL",Yemek Odası
Briella Yemek Odası Takımı,"72.819,00 TL",Yemek Odası
Borneo Bohem Yemek Odası Takımı,"73.581,00 TL",Yemek Odası
Lavita Yemek Odası Takımı,"50.174,00 TL",Yemek Odası
Vista Yemek Odası Takımı Krem,"52.252,00 TL",Yemek Odası
Alya Yemek Odası Takımı,"54.872,00 TL",Yemek Odası
Aysa Yemek Odası Takımı,"88.920,00 TL",Yemek Odası
Mitra Yemek Odası Takımı,"66.416,00 TL",Yemek Odası
Vista Yemek Odası Takımı,"52.252,00 TL",Yemek Odası
Lena Yemek Odası Takımı,"61.232,00 TL",Yemek Odası
Stage Mutfak Masa Takımı,"58.791,00 TL",Yemek Odası
Ronda Mutfak Masa Takımı,"35.276,00 TL",Yemek Odası
Nora Açılır Mutfak Masa Takımı,"50.957,00 TL",Yemek Odası
Ares Açılır Mutfak Masa Takımı,"52.485,00 TL",Yemek Odası
Ares Mutfak Masa Takımı,"49.979,00 TL",Yemek Odası
Essen Mutfak Masa Takımı Siyah,"26.396,00 TL",Yemek Odası
Essen Mutfak Masa Takımı Beyaz,"26.396,00 TL",Yemek Odası
Aldo Mutfak Masa Takımı,"28.297,00 TL",Yemek Odası
Floyd Mutfak Masa Takımı,"29.895,00 TL",Yemek Odası
Merlin Yuvarlak Mutfak Masa Takımı,"40.912,00 TL",Yemek Odası
Merlin Mutfak Masa Takımı,"43.729,00 TL",Yemek Odası
Merlin Açılır Mutfak Masa Takımı,"46.914,00 TL",Yemek Odası
Halley Mutfak Masa Takımı,"29.547,00 TL",Yemek Odası
Matilda Mutfak Masa Takımı Beyaz,"51.325,00 TL",Yemek Odası
Matilda Mutfak Masa Takımı Yeşil,"51.325,00 TL",Yemek Odası
Cydney Mutfak Masa Takımı,"39.080,00 TL",Yemek Odası
Clark Mutfak Masa Takımı,"29.500,00 TL",Yemek Odası
Melody Mutfak Masa Takımı Beyaz,"43.961,00 TL",Yemek Odası
Melody Mutfak Masa Takımı Antrasit,"43.961,00 TL",Yemek Odası
Marco Mutfak Masa Takımı,"32.703,00 TL",Yemek Odası
Marco Mutfak Açılır Masa Takımı,"38.461,00 TL",Yemek Odası
Marconi Mutfak Masa Takımı,"45.970,00 TL",Yemek Odası
Bien Mutfak Masa Takımı,"45.970,00 TL",Yemek Odası
Ares Açılır Mutfak Masa Takımı - Bej Ayak,"52.485,00 TL",Yemek Odası
Marconi Mutfak Masası,"11.990,00 TL",Yemek Odası
Borneo Açılır Masa,"15.226,00 TL",Yemek Odası
Lavita Açılır Masa,"17.738,00 TL",Yemek Odası
Lavita Sabit Masa,"20.626,00 TL",Yemek Odası
Cansas Sabit Masa,"6.467,00 TL",Yemek Odası
Alya Sabit Masa,"15.839,00 TL",Yemek Odası
Vista Açılır Masa Krem,"18.827,00 TL",Yemek Odası
Vista Alternatif Sabit Masa Krem,"11.926,00 TL",Yemek Odası
Aysa Sabit Masa,"19.850,00 TL",Yemek Odası
Aysa Açılır Masa,"30.770,00 TL",Yemek Odası
Alya Mini Açılır Masa,"13.778,00 TL",Yemek Odası
Lavita Mini Sabit Masa,"14.413,00 TL",Yemek Odası
Alya Açılır Masa,"14.808,00 TL",Yemek Odası
Mitra Mini Açılır Masa,"23.616,00 TL",Yemek Odası
Arena Açılır Masa,"22.872,00 TL",Yemek Odası
Vista Sabit Masa,"15.719,00 TL",Yemek Odası
Lena Mini Açılır Masa,"13.967,00 TL",Yemek Odası
Lena Açılır Masa,"15.311,00 TL",Yemek Odası
Bien Mutfak Masası,"11.990,00 TL",Yemek Odası
Mitra Sabit Masa,"18.695,00 TL",Yemek Odası
Lena Sabit Masa,"13.453,00 TL",Yemek Odası
Vista Açılır Masa,"18.827,00 TL",Yemek Odası
Arena Sabit Masa,"21.809,00 TL",Yemek Odası
Mitra Açılır Masa,"25.067,00 TL",Yemek Odası
Vista Alternatif Sabit Masa,"11.926,00 TL",Yemek Odası
Serra Sabit Masa,"18.424,00 TL",Yemek Odası
Borneo 8230 1'li Sandalye,"11.472,00 TL",Yemek Odası
Borneo 8231 2'li Sandalye,"18.299,00 TL",Yemek Odası
Borneo 8231 1'li Sandalye,"9.149,00 TL",Yemek Odası
Lavita 8220 2'li Sandalye,"17.140,00 TL",Yemek Odası
Lavita 8222 2'li Alternatif Sandalye,"12.070,00 TL",Yemek Odası
Alya 8218 2'li Sandalye,"16.716,00 TL",Yemek Odası
Alya 8219 2'li Sandalye,"13.560,00 TL",Yemek Odası
Aysa 8205 2'li Sandalye,"18.610,00 TL",Yemek Odası
Aysa 8206 2'li Sandalye,"19.340,00 TL",Yemek Odası
Mitra 6280 2'li Sandalye,"18.245,00 TL",Yemek Odası
Vista 6248 2'li Sandalye,"12.317,00 TL",Yemek Odası
Lena 6219 2li Sandalye,"12.539,00 TL",Yemek Odası
Lena 6220 2'li Sandalye,"12.940,00 TL",Yemek Odası
Talia 6261 2'li Sandalye,"14.912,00 TL",Yemek Odası
Betty 6263 Alternatif 2'li Sandalye,"9.217,00 TL",Yemek Odası
Betty 6277 Alternatif 2'li Sandalye,"9.217,00 TL",Yemek Odası
Mitra 6281 2'li Sandalye,"14.792,00 TL",Yemek Odası
Vista 8003 2'li Sandalye,"16.024,00 TL",Yemek Odası
Lavita Konsol,"12.768,00 TL",Yemek Odası
Lavita Mini Konsol,"11.621,00 TL",Yemek Odası
Alya Konsol,"11.913,00 TL",Yemek Odası
Aysa Konsol,"31.850,00 TL",Yemek Odası
Mitra Konsol,"18.137,00 TL",Yemek Odası
Arena Konsol,"25.443,00 TL",Yemek Odası
Serra Konsol,"31.107,00 TL",Yemek Odası
Lena Konsol,"22.187,00 TL",Yemek Odası
Lavita Konsol Aynası,"4.253,00 TL",Yemek Odası
Alya Konsol Aynası,"2.840,00 TL",Yemek Odası
Aysa Konsol Aynası,"14.150,00 TL",Yemek Odası
Albero Konsol Aynası,"4.270,00 TL",Yemek Odası
Mitra Konsol Ayna,"8.990,00 TL",Yemek Odası
Arena Konsol Aynası,"15.644,00 TL",Yemek Odası
Vista Konsol Ayna,"3.532,00 TL",Yemek Odası
Serra Konsol Aynası,"4.601,00 TL",Yemek Odası
Lena Konsol Aynası,"4.905,00 TL",Yemek Odası
Mitra Vitrin,"17.427,00 TL",Yemek Odası
Arena Vitrin,"23.626,00 TL",Yemek Odası
Lena Vitrin,"20.945,00 TL",Yemek Odası
Serra Vitrin,"30.023,00 TL",Yemek Odası
Lena Gümüşlük,"12.817,00 TL",Yemek Odası
Linus Sabit Masa,"21.926,00 TL",Yemek Odası
Fiona Vitrin,"24.992,00 TL",Yemek Odası
Ares Mutfak Masası - Bej Ayak,"18.727,00 TL",Yemek Odası
Ares Açılır Mutfak Masası - Bej Ayak,"21.233,00 TL",Yemek Odası
Stage Mutfak Masası,"19.597,00 TL",Yemek Odası
Ronda Açılır Mutfak Masası,"18.006,00 TL",Yemek Odası
Ronda Mutfak Masası,"13.474,00 TL",Yemek Odası
Nora Açılır Masa,"18.083,00 TL",Yemek Odası
Ares Açılır Mutfak Masası,"21.233,00 TL",Yemek Odası
Merlin Mutfak Masası,"12.861,00 TL",Yemek Odası
Merlin Yuvarlak Mutfak Masası,"10.044,00 TL",Yemek Odası
Merlin Açılır Masa,"16.046,00 TL",Yemek Odası
Floyd Mutfak Masası,"11.899,00 TL",Yemek Odası
Aldo Mutfak Masası,"10.999,00 TL",Yemek Odası
Ares Mutfak Masası,"18.727,00 TL",Yemek Odası
Halley Masa,"14.115,00 TL",Yemek Odası
Matilda Açılır Masa,"18.741,00 TL",Yemek Odası
Melody Açılır Masa,"18.973,00 TL",Yemek Odası
Cydney Masa,"13.416,00 TL",Yemek Odası
Cydney Açılır Masa,"16.566,00 TL",Yemek Odası
Essen Mutfak Masası,"12.190,00 TL",Yemek Odası
Marco Sabit Masa,"10.901,00 TL",Yemek Odası
Marco Açılır Masa,"16.659,00 TL",Yemek Odası
Marble Masa,"5.827,00 TL",Yemek Odası
Marble Açılır Masa,"8.671,00 TL",Yemek Odası
Nevada Açılır Mutfak Masası,"16.799,00 TL",Yemek Odası
Clark Açılır Masa,"12.716,00 TL",Yemek Odası
Marconi 2'li Mutfak Sandalyesi,"16.990,00 TL",Yemek Odası
Ares 2'li Mutfak Sandalyesi - Bej Ayak,"15.626,00 TL",Yemek Odası
Stage 2'li Mutfak Sandalyesi,"19.597,00 TL",Yemek Odası
Ronda 2'li Mutfak Sandalyesi,"10.901,00 TL",Yemek Odası
Nora 2'li Mutfak Sandalyesi,"16.437,00 TL",Yemek Odası
Merlin 2'li Mutfak Sandalyesi,"15.434,00 TL",Yemek Odası
Floyd 2'li Mutfak Sandalyesi,"8.998,00 TL",Yemek Odası
Ares 2'li Mutfak Sandalyesi,"15.626,00 TL",Yemek Odası
Halley 2'li Mutfak Sandalyesi,"7.716,00 TL",Yemek Odası
Matilda 2'li Mutfak Sandalyesi,"16.292,00 TL",Yemek Odası
Melody 2'li Mutfak Sandalyesi,"12.494,00 TL",Yemek Odası
Cydney 2'li Sandalye,"12.832,00 TL",Yemek Odası
Essen 2'li Mutfak Sandalyesi,"7.103,00 TL",Yemek Odası
Marble 2'li Sandalye,"5.759,00 TL",Yemek Odası
Marco 2'li Mutfak Sandalyesi,"10.901,00 TL",Yemek Odası
Clark 2'li Sandalye,"8.392,00 TL",Yemek Odası
Alexa Yemek Odası Takımı,"49.633,00 TL",Yemek Odası
Arena Yemek Odası Takımı,"67.399,00 TL",Yemek Odası
Serra Yemek Odası Takımı,"67.965,00 TL",Yemek Odası
Marven Açılır Masa,"13.121,00 TL",Yemek Odası
Blanca Alternatif Açılır Masa,"19.943,00 TL",Yemek Odası
Arena Mini Açılır Masa,"18.967,00 TL",Yemek Odası
Marven Sabit Masa,"8.922,00 TL",Yemek Odası
Blanca Sabit Masa,"15.958,00 TL",Yemek Odası
Blanca Açılır Masa,"15.832,00 TL",Yemek Odası
Marven 8213 2'li Sandalye,"10.326,00 TL",Yemek Odası
Marven 8214 2'li Sandalye,"14.543,00 TL",Yemek Odası
Arena 6265 2'li Sandalye,"9.542,00 TL",Yemek Odası
Arena 6266 2'li Sandalye,"9.542,00 TL",Yemek Odası
Arena 6270 2'li Sandalye,"10.698,00 TL",Yemek Odası
Blanca 6231 2'li Sandalye,"16.652,00 TL",Yemek Odası
Blanca 6289 2'li Sandalye,"16.652,00 TL",Yemek Odası
Serra 6233 1'li Sandalye,"5.531,00 TL",Yemek Odası
Serra 6234 2'li Sandalye,"15.954,00 TL",Yemek Odası
Serra 6268 2'li Sandalye,"15.954,00 TL",Yemek Odası
Nova 2'li Sandalye,"6.564,00 TL",Yemek Odası
Blanca Konsol,"31.472,00 TL",Yemek Odası
Blanca Konsol Aynası,"11.812,00 TL",Yemek Odası
Aldo Sırtsız Bank,"5.899,00 TL",Yemek Odası
Aldo 2'li Mutfak Sandalyesi,"11.399,00 TL",Yemek Odası
Nevada 2'li Sandalye,"12.099,00 TL",Yemek Odası
Briella Mini Sürgülü Kapaklı Dolap,"45.044,00 TL",Yatak Odası
Lexus Sürgülü Kapaklı Dolap,"69.120,00 TL",Yatak Odası
Lexus 4 Kapaklı Dolap,"48.170,00 TL",Yatak Odası
Lexus 6 Kapaklı Dolap,"69.120,00 TL",Yatak Odası
Lexus 5 Kapaklı Dolap,"58.640,00 TL",Yatak Odası
Lexus Komodin,"13.610,00 TL",Yatak Odası
Lexus Makyaj Masası,"26.970,00 TL",Yatak Odası
Lexus Makyaj Aynası,"10.300,00 TL",Yatak Odası
Lexus Şifonyer,"20.210,00 TL",Yatak Odası
Lexus Başlık,"12.935,00 TL",Yatak Odası
Destina Başlık,"25.100,00 TL",Yatak Odası
Destina Mini Sürgülü Kapaklı Dolap,"37.690,00 TL",Yatak Odası
Destina Sürgülü Kapaklı Dolap,"47.610,00 TL",Yatak Odası
Destina 4 Kapaklı Dolap,"37.690,00 TL",Yatak Odası
Destina 5 Kapaklı Dolap,"45.130,00 TL",Yatak Odası
Destina 6 Kapaklı Dolap,"47.610,00 TL",Yatak Odası
Destina Makyaj Masası,"17.120,00 TL",Yatak Odası
Destina Makyaj Aynası,"3.730,00 TL",Yatak Odası
Destina Komodin,"7.790,00 TL",Yatak Odası
Destina Şifonyer,"12.890,00 TL",Yatak Odası
Destina Small Başlık,"12.620,00 TL",Yatak Odası
Shine Alternatif Başlık,"14.399,00 TL",Yatak Odası
Shine Bazalı Karyola,"23.899,00 TL",Yatak Odası
Shine Makyaj Masası,"23.867,00 TL",Yatak Odası
Shine Sürgülü Kapaklı Dolap,"64.553,00 TL",Yatak Odası
Shine 5 Kapaklı Dolap,"55.154,00 TL",Yatak Odası
Shine Komodin,"12.675,00 TL",Yatak Odası
Shine 6 Kapaklı Dolap,"64.553,00 TL",Yatak Odası
Shine Makyaj Aynası,"7.049,00 TL",Yatak Odası
Shine Başlık,"22.199,00 TL",Yatak Odası
Shine Şifonyer,"20.776,00 TL",Yatak Odası
Legato Başlık,"13.921,00 TL",Yatak Odası
Legato Komodin,"4.061,00 TL",Yatak Odası
Legato Makyaj Masası,"9.936,00 TL",Yatak Odası
Legato 6 Kapaklı Dolap,"37.697,00 TL",Yatak Odası
Legato 5 Kapaklı Dolap,"32.486,00 TL",Yatak Odası
Legato 4 Kapaklı Dolap,"28.544,00 TL",Yatak Odası
Legato Mini Sürgülü Kapaklı Dolap,"35.240,00 TL",Yatak Odası
Legato Sürgülü Kapaklı Dolap,"42.206,00 TL",Yatak Odası
Linus 4 Kapaklı Dolap,"35.464,00 TL",Yatak Odası
Linus 6 Kapaklı Dolap,"45.264,00 TL",Yatak Odası
Linus Sürgülü Kapaklı Dolap,"51.389,00 TL",Yatak Odası
Linus Mini Sürgülü Kapaklı Dolap,"42.814,00 TL",Yatak Odası
Linus Makyaj Masası,"11.490,00 TL",Yatak Odası
Linus Komodin,"5.142,00 TL",Yatak Odası
Linus Şifonyer,"9.474,00 TL",Yatak Odası
Linus Başlık,"13.893,00 TL",Yatak Odası
Truva Başlık,"10.220,00 TL",Yatak Odası
Truva Sürgülü Kapaklı Dolap,"40.863,00 TL",Yatak Odası
Truva 5 Kapaklı Dolap,"30.955,00 TL",Yatak Odası
Truva 6 Kapaklı Dolap,"37.147,00 TL",Yatak Odası
Truva Komodin,"4.941,00 TL",Yatak Odası
Truva Şifonyer,"9.772,00 TL",Yatak Odası
Truva Makyaj Aynası,"2.750,00 TL",Yatak Odası
Truva Makyaj Masası,"9.353,00 TL",Yatak Odası
Fiona Makyaj Masası,"17.007,00 TL",Yatak Odası
Fiona Makyaj Aynası,"9.048,00 TL",Yatak Odası
Fiona Komodin,"8.512,00 TL",Yatak Odası
Fiona Şifonyer,"18.572,00 TL",Yatak Odası
Fiona Başlık,"14.097,00 TL",Yatak Odası
Fiona 6 Kapaklı Dolap,"53.597,00 TL",Yatak Odası
Fiona Sürgülü Kapaklı Dolap,"50.927,00 TL",Yatak Odası
Fiona 5 Kapaklı Dolap,"45.901,00 TL",Yatak Odası
Fiona 4 Kapaklı Dolap,"39.602,00 TL",Yatak Odası
Briella Cam 6 Kapaklı Dolap,"77.239,00 TL",Yatak Odası
Briella Sürgülü Kapaklı Dolap,"53.360,00 TL",Yatak Odası
Briella Komodin,"10.842,00 TL",Yatak Odası
Alexa 4 Kapaklı Dolap,"26.530,00 TL",Yatak Odası
Alexa Mini Makyaj Masası,"9.930,00 TL",Yatak Odası
Borneo Komodin,"6.227,00 TL",Yatak Odası
Borneo Şifonyer,"9.994,00 TL",Yatak Odası
Borneo Makyaj Aynası,"3.489,00 TL",Yatak Odası
Borneo Makyaj Masası,"15.217,00 TL",Yatak Odası
Borneo 6 Kapaklı Dolap,"58.976,00 TL",Yatak Odası
Borneo 5 Kapaklı Dolap,"48.070,00 TL",Yatak Odası
Borneo 4 Kapaklı Dolap,"41.466,00 TL",Yatak Odası
Borneo Sürgülü Kapaklı Dolap,"52.428,00 TL",Yatak Odası
Borneo Mini Sürgülü Kapaklı Dolap,"47.851,00 TL",Yatak Odası
Borneo Başlık,"9.566,00 TL",Yatak Odası
Borneo Puf,"5.132,00 TL",Yatak Odası
Lavita Başlık,"10.485,00 TL",Yatak Odası
Lavita Makyaj Aynası,"4.001,00 TL",Yatak Odası
Lavita Komodin,"6.955,00 TL",Yatak Odası
Lavita Makyaj Masası,"12.521,00 TL",Yatak Odası
Lavita Mini Makyaj Masası,"11.894,00 TL",Yatak Odası
Lavita Şifonyer,"11.613,00 TL",Yatak Odası
Lavita Sürgü Kapaklı Dolap,"50.817,00 TL",Yatak Odası
Lavita Mini Sürgü Kapaklı Dolap,"46.196,00 TL",Yatak Odası
Lavita 6 Kapaklı Dolap,"46.196,00 TL",Yatak Odası
Lavita 5 Kapaklı Dolap,"39.020,00 TL",Yatak Odası
Lavita 4 Kapaklı Dolap,"28.907,00 TL",Yatak Odası
Marven Karyola,"7.911,00 TL",Yatak Odası
Marven Şifonyer,"9.379,00 TL",Yatak Odası
Marven Makyaj Aynası,"2.227,00 TL",Yatak Odası
Marven Makyaj Masası,"12.459,00 TL",Yatak Odası
Marven Sürgü Kapaklı Dolap,"43.296,00 TL",Yatak Odası
Marven 5 Kapaklı Dolap,"30.032,00 TL",Yatak Odası
Alya Komodin,"4.915,00 TL",Yatak Odası
Alya Makyaj Aynası,"2.197,00 TL",Yatak Odası
Alya Makyaj Masası,"9.547,00 TL",Yatak Odası
Alya Şifonyer,"8.969,00 TL",Yatak Odası
Alya 6 Kapaklı Dolap,"37.076,00 TL",Yatak Odası
Alya 5 Kapaklı Dolap,"32.708,00 TL",Yatak Odası
Alya 4 Kapaklı Dolap,"24.931,00 TL",Yatak Odası
Alya Sürgü Kapaklı Dolap,"45.031,00 TL",Yatak Odası
Aysa Alternatif Başlık,"11.673,00 TL",Yatak Odası
Aysa Başlık,"21.570,00 TL",Yatak Odası
Aysa Şifonyer,"18.139,00 TL",Yatak Odası
Aysa Makyaj Aynası,"7.538,00 TL",Yatak Odası
Aysa Makyaj Masası,"17.554,00 TL",Yatak Odası
Aysa 6 Kapaklı Dolap,"76.752,00 TL",Yatak Odası
Aysa 4 Kapaklı Dolap,"43.606,00 TL",Yatak Odası
Aysa Komodin,"10.530,00 TL",Yatak Odası
Aysa 5 Kapaklı Dolap,"51.847,00 TL",Yatak Odası
Mitra 6 Kapaklı Alternatif Dolap,"60.650,00 TL",Yatak Odası
Mitra 5 Kapaklı Alternatif Dolap,"52.040,00 TL",Yatak Odası
Mitra 6 Kapaklı Dolap,"60.650,00 TL",Yatak Odası
Mitra Makyaj Aynası,"3.616,00 TL",Yatak Odası
Mitra Başlık,"18.118,00 TL",Yatak Odası
Mitra Bazalı Karyola,"23.147,00 TL",Yatak Odası
Mitra Makyaj Masası,"14.625,00 TL",Yatak Odası
Mitra Mini Sürgü Kapaklı Dolap,"59.476,00 TL",Yatak Odası
Mitra Komodin,"6.235,00 TL",Yatak Odası
Mitra Şifonyer,"11.196,00 TL",Yatak Odası
Mitra 5 Kapaklı Dolap,"52.270,00 TL",Yatak Odası
Mitra 4 Kapaklı Dolap,"45.613,00 TL",Yatak Odası
Mitra Sürgü Kapaklı Dolap,"65.673,00 TL",Yatak Odası
Arena Komodin Aydınlatma,"6.784,00 TL",Yatak Odası
Arena Karyola,"12.042,00 TL",Yatak Odası
Arena 6 Kapaklı Dolap,"65.835,00 TL",Yatak Odası
Arena 5 Kapaklı Dolap,"49.986,00 TL",Yatak Odası
Arena Sürgü Kapaklı Dolap,"64.322,00 TL",Yatak Odası
Vista Şifonyer Krem,"11.918,00 TL",Yatak Odası
Vista Komodin Krem,"5.982,00 TL",Yatak Odası
Vista Alternatif Makyaj Masası Krem,"10.086,00 TL",Yatak Odası
Vista Makyaj Masası Krem,"12.646,00 TL",Yatak Odası
Vista 4 Kapaklı Dolap Krem,"32.997,00 TL",Yatak Odası
Vista 5 Kapaklı Dolap Krem,"42.637,00 TL",Yatak Odası
Vista 6 Kapaklı Dolap Krem,"47.707,00 TL",Yatak Odası
Vista Sürgü Kapaklı Dolap Krem,"52.742,00 TL",Yatak Odası
Vista Başlık,"7.669,00 TL",Yatak Odası
Vista Sürgü Kapaklı Dolap,"42.906,00 TL",Yatak Odası
Vista 5 Kapaklı Dolap,"42.637,00 TL",Yatak Odası
Vista Sürgü Kapaklı Dolap,"52.742,00 TL",Yatak Odası
Vista Makyaj Masası,"12.646,00 TL",Yatak Odası
Vista Makyaj Aynası,"3.696,00 TL",Yatak Odası
Vista Komodin,"5.982,00 TL",Yatak Odası
Vista Şifonyer,"11.918,00 TL",Yatak Odası
Vista Başlık,"9.984,00 TL",Yatak Odası
Vista Karyola,"12.763,00 TL",Yatak Odası
Vista 6 Kapaklı Dolap,"47.707,00 TL",Yatak Odası
Vista Alternatif Makyaj Masası,"10.086,00 TL",Yatak Odası
Platin Makyaj Aynası,"3.950,00 TL",Yatak Odası
Platin Makyaj Masası,"10.176,00 TL",Yatak Odası
Blanca 5 Kapaklı Dolap,"52.218,00 TL",Yatak Odası
Blanca 5 Kapaklı Aynalı Dolap,"52.218,00 TL",Yatak Odası
Blanca Mini Sürgü Kapaklı Dolap,"45.115,00 TL",Yatak Odası
Blanca 6 Kapaklı Dolap,"61.426,00 TL",Yatak Odası
Serra 6 Kapaklı Dolap,"61.062,00 TL",Yatak Odası
Serra Boy Aynası,"18.814,00 TL",Yatak Odası
Serra Komodin,"9.612,00 TL",Yatak Odası
Serra Makyaj Aynası,"2.051,00 TL",Yatak Odası
Serra Makyaj Masası,"17.184,00 TL",Yatak Odası
Serra Şifonyer,"17.483,00 TL",Yatak Odası
Lena Başlık,"7.299,00 TL",Yatak Odası
Lena 5 Kapaklı Dolap,"46.053,00 TL",Yatak Odası
Lena Sürgü Kapaklı Dolap,"65.652,00 TL",Yatak Odası
Lena 6 Kapaklı Dolap,"65.652,00 TL",Yatak Odası
Lena Karyola,"11.221,00 TL",Yatak Odası
Lena Makyaj Masası,"11.336,00 TL",Yatak Odası
Lena Şifonyer,"9.790,00 TL",Yatak Odası
Lena Makyaj Aynası,"2.907,00 TL",Yatak Odası
Mary Köşe Kapaklı Dolap,"15.900,00 TL",Yatak Odası
Alya Mini Sürgü Kapaklı Dolap,"40.721,00 TL",Yatak Odası
Briella 6 Kapaklı Dolap,"64.977,00 TL",Yatak Odası
Briella Aynalı 6 Kapaklı Dolap,"66.913,00 TL",Yatak Odası
Briella Başlık,"21.070,00 TL",Yatak Odası
Briella Makyaj Aynası,"3.356,00 TL",Yatak Odası
Briella Şifonyer,"15.682,00 TL",Yatak Odası
Briella Makyaj Masası,"20.072,00 TL",Yatak Odası
Briella 5 Kapaklı Dolap,"52.715,00 TL",Yatak Odası
Briella 4 Kapaklı Dolap,"40.581,00 TL",Yatak Odası
Serra 5 Kapaklı Dolap,"51.411,00 TL",Yatak Odası
Borneo Genç Odası Başlık,"7.356,00 TL",Yatak Odası
Shine 4 Kapaklı Dolap,"46.126,00 TL",Yatak Odası
Shine Mini Sürgülü Kapaklı Dolap,"48.971,00 TL",Yatak Odası
Linus 5 Kapaklı Dolap,"40.364,00 TL",Yatak Odası
Briella Small Başlık,"13.254,00 TL",Yatak Odası
Alexa 6 Kapaklı Dolap,"35.700,00 TL",Yatak Odası
Alexa 5 Kapaklı Dolap,"31.880,00 TL",Yatak Odası
Alexa Mini Sürgülü Kapaklı Dolap,"31.880,00 TL",Yatak Odası
Alexa Makyaj Masası,"10.380,00 TL",Yatak Odası
Alexa Komodin,"4.650,00 TL",Yatak Odası
Alexa Başlık,"5.310,00 TL",Yatak Odası
Alexa Şifonyer,"7.760,00 TL",Yatak Odası
Marven Başlık,"9.465,00 TL",Yatak Odası
Marven Komodin,"5.590,00 TL",Yatak Odası
Marven 4 Kapaklı Dolap,"25.295,00 TL",Yatak Odası
Marven 6 Kapaklı Dolap,"39.506,00 TL",Yatak Odası
Arena Başlık,"13.507,00 TL",Yatak Odası
Arena Makyaj Aynası,"5.976,00 TL",Yatak Odası
Arena Şifonyer,"18.331,00 TL",Yatak Odası
Arena Komodin,"9.531,00 TL",Yatak Odası
Arena Makyaj Masası,"25.908,00 TL",Yatak Odası
Blanca 4 Kapaklı Dolap,"42.484,00 TL",Yatak Odası
Blanca Sürgü Kapaklı Dolap,"52.218,00 TL",Yatak Odası
Blanca Başlık,"8.934,00 TL",Yatak Odası
Blanca Komodin Aydınlatma,"4.847,00 TL",Yatak Odası
Blanca Makyaj Aynası,"5.945,00 TL",Yatak Odası
Blanca Komodin,"11.333,00 TL",Yatak Odası
Blanca Şifonyer,"17.426,00 TL",Yatak Odası
Blanca Makyaj Masası,"18.063,00 TL",Yatak Odası
Serra Sürgü Kapaklı Dolap,"61.062,00 TL",Yatak Odası
Serra Bazalı Karyola,"21.378,00 TL",Yatak Odası
Serra Başlık,"6.729,00 TL",Yatak Odası
Mary 2 Kapaklı Camlı Raflı Dolap,"19.106,00 TL",Yatak Odası
Mary Şifonyer,"9.473,00 TL",Yatak Odası
Serez Şifonyer,"6.843,00 TL",Yatak Odası
Alexa Sürgü Kapaklı Dolap,"35.990,00 TL",Yatak Odası
Lexus Yatak Odası Takımı,"125.595,00 TL",Yatak Odası
Destina Yatak Odası Takımı,"86.740,00 TL",Yatak Odası
Shine Yatak Odası Takımı,"117.542,00 TL",Yatak Odası
Legato Yatak Odası Takımı,"60.826,00 TL",Yatak Odası
Linus Yatak Odası Takımı,"71.131,00 TL",Yatak Odası
Truva Yatak Odası Takımı,"55.727,00 TL",Yatak Odası
Fiona Yatak Odası Takımı,"96.778,00 TL",Yatak Odası
Briella Yatak Odası Takımı,"98.947,00 TL",Yatak Odası
Borneo Bohem Yatak Odası Takımı,"82.584,00 TL",Yatak Odası
Lavita Yatak Odası Takımı,"69.824,00 TL",Yatak Odası
Alya Yatak Odası Takımı,"46.505,00 TL",Yatak Odası
Aysa Yatak Odası Takımı,"111.328,00 TL",Yatak Odası
Mitra Yatak Odası Takımı,"94.442,00 TL",Yatak Odası
Vista Yatak Odası Takımı,"66.412,00 TL",Yatak Odası
Lena Yatak Odası Takımı,"78.335,00 TL",Yatak Odası
Smart 3 Kapaklı Aynalı Dolap,"15.719,00 TL",Yatak Odası
Smart 2 Kapaklı Dolap,"9.889,00 TL",Yatak Odası
Smart 3 Kapaklı Dolap,"14.839,00 TL",Yatak Odası
Cansas Makyaj Aynası,"1.379,00 TL",Yatak Odası
Lena Başlık,"8.099,00 TL",Yatak Odası
Legato Şifonyer,"7.549,00 TL",Yatak Odası
Briella Boy Aynası,"7.496,00 TL",Yatak Odası
Aysa Boy Aynası,"4.930,00 TL",Yatak Odası
Truva 4 Kapaklı Dolap,"23.522,00 TL",Yatak Odası
Smart 2 Kapaklı Raflı Dolap,"11.209,00 TL",Yatak Odası
Smart Komodin,"3.949,00 TL",Yatak Odası
Alexa Yatak Odası Takımı,"52.670,00 TL",Yatak Odası
Arena Yatak Odası Takımı,"114.439,00 TL",Yatak Odası
Serra Yatak Odası Takımı,"79.415,00 TL",Yatak Odası
Cansas 5 Kapaklı Aynasız Dolap,"17.132,00 TL",Yatak Odası
Cooler 5 Zone Yatak,"17.699,00 TL",Yatak
Cooler Bohem Yatak,"12.999,00 TL",Yatak
Baby Natural Yatak,"6.699,00 TL",Yatak
Active Life Gold S Yatak,"13.899,00 TL",Yatak
Active Life Bronze S Yatak,"10.399,00 TL",Yatak
Optimal Yatak,"7.559,00 TL",Yatak
Deluxe Premium Yatak,"16.499,00 TL",Yatak
Suit Comfort Yatak,"14.799,00 TL",Yatak
Clima Wool Prime Yatak,"19.932,00 TL",Yatak
Clima Wool Ultra Yatak,"11.899,00 TL",Yatak
Sleepwell Energy S Yatak,"12.699,00 TL",Yatak
Synergy Prime Yatak,"17.699,00 TL",Yatak
Synergy Ultra Yatak,"11.699,00 TL",Yatak
Grand Comfort 5 Zone,"10.099,00 TL",Yatak
Sleepist Yatak,"9.199,00 TL",Yatak
Life Dream Gri Yatak,"20.899,00 TL",Yatak
Life Dream Vizon Yatak,"20.899,00 TL",Yatak
Sleep Connect Yatak,"12.039,00 TL",Yatak
Detox Prime Yatak,"25.299,00 TL",Yatak
Unstress Yatak,"7.899,00 TL",Yatak
Graphene Premium Yatak,"12.419,00 TL",Yatak
Graphene Dream Yatak,"10.799,00 TL",Yatak
Dreamwell Yatak,"5.669,00 TL",Yatak
Dreamwell S Yatak,"5.669,00 TL",Yatak
Ella Katlanır Bebek Yatağı,"3.199,00 TL",Yatak
Cooler Baza Başlık Takımı,"33.798,00 TL",Baza ve Başlık
Bohem Baza Başlık Takımı,"42.398,00 TL",Baza ve Başlık
Synergy Baza,"13.099,00 TL",Baza ve Başlık
Royal Exclusive Baza,"23.299,00 TL",Baza ve Başlık
Alfa Düz Baza,"8.360,00 TL",Baza ve Başlık
Grand Başlık,"6.299,00 TL",Baza ve Başlık
Quantum 2'li Aydınlatma Ünitesi,"19.599,00 TL",Baza ve Başlık
Quantum Başlık + Aydınlatma Ünitesi,"27.298,00 TL",Baza ve Başlık
Life Başlık,"8.299,00 TL",Baza ve Başlık
Universal Baza,"10.699,00 TL",Baza ve Başlık
Klasik Katlanır Somya,"13.699,00 TL",Baza ve Başlık
Lena Başlık,"7.299,00 TL",Baza ve Başlık
Quantum Başlık,"7.699,00 TL",Baza ve Başlık
Diamond Prime Başlık,"11.699,00 TL",Baza ve Başlık
Lena Baza,"12.999,00 TL",Baza ve Başlık
Yoga Katlanır Somya,"19.299,00 TL",Baza ve Başlık
Suit Başlık,"11.699,00 TL",Baza ve Başlık
Deluxe Başlık,"6.699,00 TL",Baza ve Başlık
Sleepwell Başlık,"5.599,00 TL",Baza ve Başlık
Synergy Başlık,"18.799,00 TL",Baza ve Başlık
Ultra Başlık,"6.699,00 TL",Baza ve Başlık
Nova Başlık,"3.199,00 TL",Baza ve Başlık
Sleepist S Başlık,"3.199,00 TL",Baza ve Başlık
Sleepist Y Başlık,"3.199,00 TL",Baza ve Başlık
Lena Başlık,"8.099,00 TL",Baza ve Başlık
Ferro Başlık,"3.799,00 TL",Baza ve Başlık
Life S Başlık,"8.299,00 TL",Baza ve Başlık
Venon Başlık,"10.499,00 TL",Baza ve Başlık
Misty Başlık,"12.299,00 TL",Baza ve Başlık
Aston Başlık,"3.799,00 TL",Baza ve Başlık
Royal Başlık,"12.299,00 TL",Baza ve Başlık
Diego Başlık,"7.699,00 TL",Baza ve Başlık
Connect Başlık,"6.299,00 TL",Baza ve Başlık
Plus Başlık,"4.699,00 TL",Baza ve Başlık
Mitra Başlık,"18.118,00 TL",Baza ve Başlık
Vista Başlık,"9.984,00 TL",Baza ve Başlık
Lexus Baza,"19.795,00 TL",Baza ve Başlık
Alfa Kapitone Baza,"10.460,00 TL",Baza ve Başlık
Alfa Nakışlı Baza,"11.560,00 TL",Baza ve Başlık
Oreo Düz Baza,"11.860,00 TL",Baza ve Başlık
Oreo Nakışlı Baza,"13.060,00 TL",Baza ve Başlık
Synergy Baza - Ultra Başlık,"19.798,00 TL",Baza ve Başlık
Lena Baza,"12.999,00 TL",Baza ve Başlık
Diego Baza,"15.899,00 TL",Baza ve Başlık
Optimal Yavrulu Baza,"26.009,00 TL",Baza ve Başlık
Genç Odası Alfa Düz Baza,"8.360,00 TL",Baza ve Başlık
Ultra Başlık - 160'lık Krem,"9.099,00 TL",Baza ve Başlık
Synergy 2'li Başlık Sehpası,"3.399,00 TL",Baza ve Başlık
Diego Baza,"15.899,00 TL",Baza ve Başlık
Marven Başlık,"9.465,00 TL",Baza ve Başlık
Fiona Genç Odası Takımı,"53.248,00 TL",Genç ve Çocuk Odası
Fiona Çalışma Masası,"13.475,00 TL",Genç ve Çocuk Odası
Fiona Genç Odası Sürgü Kapaklı Dolap,"34.254,00 TL",Genç ve Çocuk Odası
Vista Genç Odası Takımı,"49.204,00 TL",Genç ve Çocuk Odası
Linus Genç Odası Takımı,"52.192,00 TL",Genç ve Çocuk Odası
Linus Çalışma Masası,"11.444,00 TL",Genç ve Çocuk Odası
Linus Genç Odası Sürgü Kapaklı Dolap,"35.920,00 TL",Genç ve Çocuk Odası
Borneo Bohem Genç Odası Takımı,"57.989,00 TL",Genç ve Çocuk Odası
Borneo Çalışma Masası,"17.595,00 TL",Genç ve Çocuk Odası
Borneo Genç Odası Sürgü Kapaklı Dolap,"39.432,00 TL",Genç ve Çocuk Odası
Vista Genç Odası Takımı Krem,"43.171,00 TL",Genç ve Çocuk Odası
Mitra Şifonyer,"11.196,00 TL",Genç ve Çocuk Odası
Daisy Genç Odası Takımı,"33.064,00 TL",Genç ve Çocuk Odası
Beverly Genç Odası Takımı,"54.993,00 TL",Genç ve Çocuk Odası
Vega Genç Odası Takımı,"55.082,00 TL",Genç ve Çocuk Odası
Alya Genç Odası Takımı,"40.003,00 TL",Genç ve Çocuk Odası
Mitra Genç Odası Takımı,"44.888,00 TL",Genç ve Çocuk Odası
Molly Genç Odası Takımı,"49.076,00 TL",Genç ve Çocuk Odası
Hera Genç Odası Takımı,"57.798,00 TL",Genç ve Çocuk Odası
Leo Genç Odası Takımı,"34.171,00 TL",Genç ve Çocuk Odası
Lena Genç Odası Takımı,"39.075,00 TL",Genç ve Çocuk Odası
Lauren Genç Odası Takımı,"33.061,00 TL",Genç ve Çocuk Odası
Mitra Montessori Bebek Odası,"60.043,00 TL",Genç ve Çocuk Odası
Fiona Dolaplı Çalışma Masası,"18.511,00 TL",Genç ve Çocuk Odası
Daisy Çalışma Masası Üst Dolap,"3.913,00 TL",Genç ve Çocuk Odası
Daisy Çalışma Masası Üst Kitaplık,"2.316,00 TL",Genç ve Çocuk Odası
Daisy Çalışma Masası,"7.166,00 TL",Genç ve Çocuk Odası
Vega Çalışma Masası,"15.816,00 TL",Genç ve Çocuk Odası
Vega Çalışma Masası Üst Kitaplık,"4.788,00 TL",Genç ve Çocuk Odası
Beverly Çalışma Masası Üst Kitaplık,"9.056,00 TL",Genç ve Çocuk Odası
Beverly Çalışma Masası,"13.294,00 TL",Genç ve Çocuk Odası
Alya Çalışma Masası,"9.298,00 TL",Genç ve Çocuk Odası
Alya Çalışma Masası Üst Kitaplık,"3.317,00 TL",Genç ve Çocuk Odası
Mitra Çalışma Masası,"14.324,00 TL",Genç ve Çocuk Odası
Mitra Çalışma Masası Üst Kitaplığı,"5.968,00 TL",Genç ve Çocuk Odası
Leo Çalışma Masası,"13.025,00 TL",Genç ve Çocuk Odası
Leo Çalışma Masası Üst Kitaplık,"10.919,00 TL",Genç ve Çocuk Odası
Molly Çalışma Masası,"15.179,00 TL",Genç ve Çocuk Odası
Asia Çalışma Masası,"3.503,00 TL",Genç ve Çocuk Odası
Dolce Kitaplıklı Masa,"5.175,00 TL",Genç ve Çocuk Odası
Vista Çalışma Masası Üst Kitaplığı,"4.828,00 TL",Genç ve Çocuk Odası
Vista Çalışma Masası,"15.097,00 TL",Genç ve Çocuk Odası
Vista Çalışma Masası Üst Dolap,"14.578,00 TL",Genç ve Çocuk Odası
Vista Çalışma Masası Krem,"15.097,00 TL",Genç ve Çocuk Odası
Vista Çalışma Masası Üst Dolap Krem,"14.578,00 TL",Genç ve Çocuk Odası
Fly Çalışma Masası,"15.836,00 TL",Genç ve Çocuk Odası
Hera Çalışma Masası,"18.632,00 TL",Genç ve Çocuk Odası
Hera Çalışma Masası Üst Dolap,"4.367,00 TL",Genç ve Çocuk Odası
Hera Çalışma Masası Üst Kitaplığı,"4.009,00 TL",Genç ve Çocuk Odası
Lena Çalışma Masası,"6.130,00 TL",Genç ve Çocuk Odası
Lena Çalışma Masası Üst Kitaplık,"7.673,00 TL",Genç ve Çocuk Odası
Lauren Çalışma Masası,"6.119,00 TL",Genç ve Çocuk Odası
Lauren Çalışma Masası Üst Kitaplık,"9.290,00 TL",Genç ve Çocuk Odası
Linus Dolaplı Çalışma Masası,"18.676,00 TL",Genç ve Çocuk Odası
Daisy Kitaplık,"7.166,00 TL",Genç ve Çocuk Odası
Vega Kitaplık,"11.712,00 TL",Genç ve Çocuk Odası
Beverly Kitaplık,"14.359,00 TL",Genç ve Çocuk Odası
Alya Kitaplık,"10.715,00 TL",Genç ve Çocuk Odası
Mitra Kitaplık,"15.040,00 TL",Genç ve Çocuk Odası
Linus Kitaplık,"14.322,00 TL",Genç ve Çocuk Odası
Borneo Kitaplık,"15.657,00 TL",Genç ve Çocuk Odası
Hera Genç Odası Triple Ranza,"31.228,00 TL",Genç ve Çocuk Odası
Hera Genç Odası Ranza Alt Karyola,"8.629,00 TL",Genç ve Çocuk Odası
Caprice Çalışma Sandalyesi,"7.496,00 TL",Genç ve Çocuk Odası
Hera Çalışma Sandalye,"9.995,00 TL",Genç ve Çocuk Odası
Lily Çalışma Sandalye,"8.725,00 TL",Genç ve Çocuk Odası
Daisy Keson,"5.954,00 TL",Genç ve Çocuk Odası
Daisy Genç Odası Komodin,"5.347,00 TL",Genç ve Çocuk Odası
Lena Genç Odası Komodin,"5.220,00 TL",Genç ve Çocuk Odası
Molly Genç Odası Komodin,"5.267,00 TL",Genç ve Çocuk Odası
Hera Genç Odası Komodin,"5.738,00 TL",Genç ve Çocuk Odası
Beverly Genç Odası Komodin,"5.813,00 TL",Genç ve Çocuk Odası
Vega Genç Odası Komodin,"8.654,00 TL",Genç ve Çocuk Odası
Vista Komodin Krem,"5.982,00 TL",Genç ve Çocuk Odası
Alya Komodin,"4.915,00 TL",Genç ve Çocuk Odası
Vista Komodin,"5.982,00 TL",Genç ve Çocuk Odası
Fiona 3 Kapaklı Dolap,"29.624,00 TL",Genç ve Çocuk Odası
Daisy 3 Kapaklı Dolap,"17.849,00 TL",Genç ve Çocuk Odası
Vega 4 Kapaklı Dolap,"38.281,00 TL",Genç ve Çocuk Odası
Vega 3 Kapaklı Dolap,"32.014,00 TL",Genç ve Çocuk Odası
Beverly Sürgü Kapaklı Dolap,"34.488,00 TL",Genç ve Çocuk Odası
Beverly 3 Kapaklı Dolap,"33.137,00 TL",Genç ve Çocuk Odası
Alya 3 Kapaklı Dolap,"21.578,00 TL",Genç ve Çocuk Odası
Alya 3 Kapaklı Aynalı Dolap,"22.408,00 TL",Genç ve Çocuk Odası
Alya Sürgü Kapaklı Dolap,"31.546,00 TL",Genç ve Çocuk Odası
Mitra 3 Kapaklı Dolap,"30.564,00 TL",Genç ve Çocuk Odası
Vista 4 Kapaklı Dolap Krem,"32.997,00 TL",Genç ve Çocuk Odası
Vista 4 Kapaklı Dolap,"32.997,00 TL",Genç ve Çocuk Odası
Vista Sürgü Kapaklı Dolap,"42.906,00 TL",Genç ve Çocuk Odası
Molly 3 Kapaklı Dolap,"25.885,00 TL",Genç ve Çocuk Odası
Molly Sürgü Kapaklı Dolap,"33.526,00 TL",Genç ve Çocuk Odası
Hera Sürgü Kapaklı Dolap,"36.787,00 TL",Genç ve Çocuk Odası
Hera 3 Kapaklı Dolap,"30.979,00 TL",Genç ve Çocuk Odası
Emily Sürgü Kapaklı Dolap,"35.892,00 TL",Genç ve Çocuk Odası
Emily 3 Kapaklı Dolap,"35.892,00 TL",Genç ve Çocuk Odası
Leo 2 Kapaklı Dolap,"21.146,00 TL",Genç ve Çocuk Odası
Linus 3 Kapaklı Dolap,"30.407,00 TL",Genç ve Çocuk Odası
Borneo 3 Kapaklı Dolap,"33.038,00 TL",Genç ve Çocuk Odası
Alya 4 Kapaklı Dolap,"24.931,00 TL",Genç ve Çocuk Odası
Daisy Genç Odası Şifonyer,"8.931,00 TL",Genç ve Çocuk Odası
Vega Genç Odası Şifonyer,"14.099,00 TL",Genç ve Çocuk Odası
Beverly Genç Odası Şifonyer,"10.420,00 TL",Genç ve Çocuk Odası
Beverly Şifonyer Üst Modül,"3.866,00 TL",Genç ve Çocuk Odası
Molly Genç Odası Şifonyer,"10.375,00 TL",Genç ve Çocuk Odası
Molly Askılıklı Genç Odası Şifonyer,"15.892,00 TL",Genç ve Çocuk Odası
Leo Genç Odası Şifonyer,"12.343,00 TL",Genç ve Çocuk Odası
Lena Şifonyer,"9.790,00 TL",Genç ve Çocuk Odası
Hera Genç Odası Şifonyer,"11.503,00 TL",Genç ve Çocuk Odası
Emily Genç Odası Şifonyer,"11.846,00 TL",Genç ve Çocuk Odası
Lauren Genç Odası Şifonyer,"9.170,00 TL",Genç ve Çocuk Odası
Alya Şifonyer,"8.969,00 TL",Genç ve Çocuk Odası
Fiona Genç Odası Başlık,"10.149,00 TL",Genç ve Çocuk Odası
Daisy Genç Odası Başlık,"8.049,00 TL",Genç ve Çocuk Odası
Alya Genç Odası Başlık,"9.127,00 TL",Genç ve Çocuk Odası
Molly Genç Odası Başlık,"8.012,00 TL",Genç ve Çocuk Odası
Lena Genç Odası Başlık,"5.309,00 TL",Genç ve Çocuk Odası
Hera Genç Odası Başlık,"8.187,00 TL",Genç ve Çocuk Odası
Beverly Genç Odası Başlık,"8.562,00 TL",Genç ve Çocuk Odası
Vega Genç Odası Başlık,"7.252,00 TL",Genç ve Çocuk Odası
Beverly Cibinlik,"13.289,00 TL",Genç ve Çocuk Odası
Mitra Montessori Karyola,"18.283,00 TL",Genç ve Çocuk Odası
Molly Genç Odası Karyola,"7.984,00 TL",Genç ve Çocuk Odası
Hera Genç Odası Karyola,"23.073,00 TL",Genç ve Çocuk Odası
Beverly Montessori Karyola,"27.194,00 TL",Genç ve Çocuk Odası
Linus Genç Odası Başlık,"10.341,00 TL",Genç ve Çocuk Odası
Smart Çalışma Masası,"3.509,00 TL",Genç ve Çocuk Odası
Vista Kitaplık Krem,"17.485,00 TL",Genç ve Çocuk Odası
Leo Kitaplık,"16.787,00 TL",Genç ve Çocuk Odası
Molly Kitaplık,"17.421,00 TL",Genç ve Çocuk Odası
Hera Kitaplık,"11.885,00 TL",Genç ve Çocuk Odası
Nova Yaşam Ünitesi TV Ünitesi Üst Dolap,"2.445,00 TL",Genç ve Çocuk Odası
Vista Kitaplık,"17.485,00 TL",Genç ve Çocuk Odası
Lauren Kitaplık,"12.839,00 TL",Genç ve Çocuk Odası
Fly Kitaplık,"9.319,00 TL",Genç ve Çocuk Odası
Lena Kitaplık,"11.308,00 TL",Genç ve Çocuk Odası
Lena Genç Odası Ranza Alt Karyola,"6.089,00 TL",Genç ve Çocuk Odası
Lena Genç Odası Triple Ranza,"29.657,00 TL",Genç ve Çocuk Odası
Smart Çalışma Sandalyesi,"9.400,00 TL",Genç ve Çocuk Odası
Smart Komodin,"3.949,00 TL",Genç ve Çocuk Odası
Leo Genç Odası Komodin,"7.137,00 TL",Genç ve Çocuk Odası
Lauren Genç Odası Komodin,"5.277,00 TL",Genç ve Çocuk Odası
Vista Sürgü Kapaklı Dolap Krem,"42.906,00 TL",Genç ve Çocuk Odası
Vista 3 Kapaklı Dolap Krem,"28.074,00 TL",Genç ve Çocuk Odası
Lena 3 Kapaklı Dolap,"27.636,00 TL",Genç ve Çocuk Odası
Leo Genç Sürgü Kapaklı Dolap,"41.668,00 TL",Genç ve Çocuk Odası
Leo 3 Kapaklı Dolap,"25.453,00 TL",Genç ve Çocuk Odası
Lauren 4 Kapaklı Dolap,"37.170,00 TL",Genç ve Çocuk Odası
Leo Köşe Dolap,"27.230,00 TL",Genç ve Çocuk Odası
Lauren 3 Kapaklı Dolap,"26.942,00 TL",Genç ve Çocuk Odası
Vista 3 Kapaklı Dolap,"28.074,00 TL",Genç ve Çocuk Odası
Leo Tek Kapaklı Dolap,"11.861,00 TL",Genç ve Çocuk Odası
Lena Sürgü Kapaklı Dolap,"44.606,00 TL",Genç ve Çocuk Odası
Lauren Genç Sürgü Kapaklı Dolap,"39.882,00 TL",Genç ve Çocuk Odası
Lena 4 Kapaklı Dolap,"37.264,00 TL",Genç ve Çocuk Odası
Vista Genç Odası Başlık Krem,"6.033,00 TL",Genç ve Çocuk Odası
Vista Genç Odası Başlık,"6.033,00 TL",Genç ve Çocuk Odası
Leo Genç Odası Başlık,"5.246,00 TL",Genç ve Çocuk Odası
Vista Genç Odası Karyola,"7.376,00 TL",Genç ve Çocuk Odası
Lena Karyola,"6.461,00 TL",Genç ve Çocuk Odası
Lena Genç Odası Bazalı Karyola,"11.601,00 TL",Genç ve Çocuk Odası
Leo Genç Odası Karyola Kasası,"8.724,00 TL",Genç ve Çocuk Odası
Lauren Genç Odası Karyola,"7.079,00 TL",Genç ve Çocuk Odası
Festa Oyuncu Koltuğu,"22.049,00 TL",Genç ve Çocuk Odası
Emily Genç Odası Takımı,"61.824,00 TL",Genç ve Çocuk Odası
Fly Genç Odası Takımı,"46.495,00 TL",Genç ve Çocuk Odası
Emily Bebek Odası,"81.395,00 TL",Genç ve Çocuk Odası
Emily Sallanan Beşik,"33.657,00 TL",Genç ve Çocuk Odası
Emily Çalışma Masası,"12.484,00 TL",Genç ve Çocuk Odası
Emily Çalışma Masası Üst Kitaplığı,"9.806,00 TL",Genç ve Çocuk Odası
Fly Çalışma Masası Üst Kitaplık,"7.233,00 TL",Genç ve Çocuk Odası
Serez Vitrin,"7.687,00 TL",Genç ve Çocuk Odası
Emily Genç Odası Şifonyer Ayna,"4.274,00 TL",Genç ve Çocuk Odası
Emily Genç Odası Başlık,"6.724,00 TL",Genç ve Çocuk Odası
Emily Genç Odası Karyola,"6.932,00 TL",Genç ve Çocuk Odası
Emily Genç Odası Komodin,"6.982,00 TL",Genç ve Çocuk Odası
Fly Genç Odası Komodin,"4.318,00 TL",Genç ve Çocuk Odası
Fly 3 Kapaklı Dolap,"23.394,00 TL",Genç ve Çocuk Odası
Fly Genç Sürgü Kapaklı Dolap,"28.482,00 TL",Genç ve Çocuk Odası
Fly Genç Odası Başlık,"7.265,00 TL",Genç ve Çocuk Odası
Fly Genç Odası Karyola,"5.981,00 TL",Genç ve Çocuk Odası
Lungo Oyuncu Koltuğu,"24.382,00 TL",Genç ve Çocuk Odası
Dublin Bahçe Orta Sehpa,"8.899,00 TL",Bahçe Mobilyası
Ravel Bahçe Orta Sehpa,"20.899,00 TL",Bahçe Mobilyası
Ravel İkili Bahçe Koltuk,"31.399,00 TL",Bahçe Mobilyası
Ravel Tekli Bahçe Koltuk,"20.899,00 TL",Bahçe Mobilyası
Ravel Mini Takım,"94.096,00 TL",Bahçe Mobilyası
Pablo Mini Takım,"63.896,00 TL",Bahçe Mobilyası
Armin Masa Takımı - Su Yeşili,"83.896,00 TL",Bahçe Mobilyası
Armin Masa Takımı - Vizon,"83.896,00 TL",Bahçe Mobilyası
Dublin Mini Takım,"61.696,00 TL",Bahçe Mobilyası
Helen Mini Takım,"91.096,00 TL",Bahçe Mobilyası
Sofia Mini Takım,"45.262,00 TL",Bahçe Mobilyası
Punto Mini Takım,"44.212,00 TL",Bahçe Mobilyası
Senta Mini Takım,"51.596,00 TL",Bahçe Mobilyası
Sara Salıncak,"31.732,00 TL",Bahçe Mobilyası
Pablo İkili Bahçe Koltuk,"20.699,00 TL",Bahçe Mobilyası
Pablo Tekli Bahçe Koltuk,"11.799,00 TL",Bahçe Mobilyası
Pablo Bahçe Orta Sehpa,"19.599,00 TL",Bahçe Mobilyası
Armin Bahçe Orta Sehpa - Su Yeşili,"16.399,00 TL",Bahçe Mobilyası
Armin Bahçe Orta Sehpa - Vizon,"16.399,00 TL",Bahçe Mobilyası
Armin Tekli Bahçe Koltuk - Su Yeşili,"16.899,00 TL",Bahçe Mobilyası
Armin Tekli Bahçe Koltuk - Vizon,"16.899,00 TL",Bahçe Mobilyası
Armin Üçlü Bahçe Koltuk - Vizon,"33.699,00 TL",Bahçe Mobilyası
Armin Üçlü Bahçe Koltuk - Su Yeşili,"33.699,00 TL",Bahçe Mobilyası
Helen Tekli Bahçe Koltuk,"21.399,00 TL",Bahçe Mobilyası
Helen İkili Bahçe Koltuk,"27.999,00 TL",Bahçe Mobilyası
Helen Bahçe Orta Sehpa,"20.299,00 TL",Bahçe Mobilyası
Dublin Tekli Bahçe Koltuk,"15.399,00 TL",Bahçe Mobilyası
Dublin İkili Bahçe Koltuk,"21.999,00 TL",Bahçe Mobilyası
Punto İkili Bahçe Koltuk,"14.115,00 TL",Bahçe Mobilyası
Punto Tekli Bahçe Koltuk,"9.449,00 TL",Bahçe Mobilyası
Senta Bahçe Orta Sehpa,"8.199,00 TL",Bahçe Mobilyası
Senta İkili Bahçe Koltuk,"17.599,00 TL",Bahçe Mobilyası
Senta Tekli Bahçe Koltuk,"12.899,00 TL",Bahçe Mobilyası
Sofia Bahçe Orta Sehpa,"11.432,00 TL",Bahçe Mobilyası
Sofia İkili Bahçe Koltuk,"13.532,00 TL",Bahçe Mobilyası
Sofia Tekli Bahçe Koltuk,"10.149,00 TL",Bahçe Mobilyası
Punto Bahçe Orta Sehpa,"11.199,00 TL",Bahçe Mobilyası
Vale Kare Bahçe Masa Takımı,"27.878,00 TL",Bahçe Mobilyası
Margo Bahçe Balkon Takımı,"38.996,00 TL",Bahçe Mobilyası
Brante İkili Bahçe Koltuk,"26.499,00 TL",Bahçe Mobilyası
Brante Tekli Bahçe Koltuk,"15.999,00 TL",Bahçe Mobilyası
Margo Mini Bahçe Masası,"9.099,00 TL",Bahçe Mobilyası
Margo İkili Bahçe Koltuk,"12.099,00 TL",Bahçe Mobilyası
Margo Tekli Bahçe Koltuk,"8.899,00 TL",Bahçe Mobilyası
Berta Balkon Masası,"9.899,00 TL",Bahçe Mobilyası
Vale Bahçe Sandalye 2'li,"7.698,00 TL",Bahçe Mobilyası
Vale Bahçe Kare Masa,"12.482,00 TL",Bahçe Mobilyası
Pardus Bahçe Dikdörgen Masa,"14.115,00 TL",Bahçe Mobilyası
Fonte Masa Takımı,"59.950,00 TL",Bahçe Mobilyası
Fonte Bahçe Masa,"10.250,00 TL",Bahçe Mobilyası
Fonte Üçlü Bahçe Koltuk,"24.900,00 TL",Bahçe Mobilyası
Fonte Tekli Bahçe Koltuk,"12.400,00 TL",Bahçe Mobilyası
Aura Mini Takım,"37.950,00 TL",Bahçe Mobilyası
Aura Bahçe Orta Sehpa,"7.300,00 TL",Bahçe Mobilyası
Aura İkili Bahçe Koltuk,"14.550,00 TL",Bahçe Mobilyası
Aura Tekli Bahçe Koltuk,"8.050,00 TL",Bahçe Mobilyası
Berta İkili Balkon Koltuğu,"9.899,00 TL",Bahçe Mobilyası
Marcel Bahçe Sallanır Koltuk,"17.849,00 TL",Bahçe Mobilyası
Pardus Bahçe Sandalyesi 2'li,"7.698,00 TL",Bahçe Mobilyası
Berta Tekli Balkon Koltuğu,"7.499,00 TL",Bahçe Mobilyası
Lexus Puf,"6.125,00 TL",Tamamlayıcı Ürünler
Lexus Dikdörtgen Puf,"12.717,00 TL",Tamamlayıcı Ürünler
Legato Dikdörtgen Puf,"9.799,00 TL",Tamamlayıcı Ürünler
Shine Dikdörtgen Puf,"9.916,00 TL",Tamamlayıcı Ürünler
Borneo Puf,"5.132,00 TL",Tamamlayıcı Ürünler
Borneo Dikdörtgen Puf,"8.632,00 TL",Tamamlayıcı Ürünler
Aysa Dikdörtgen Puf,"12.096,00 TL",Tamamlayıcı Ürünler
Vanessa Dikdörtgen Puf,"7.885,00 TL",Tamamlayıcı Ürünler
Vita Puf,"4.047,00 TL",Tamamlayıcı Ürünler
Mitra Puf,"3.966,00 TL",Tamamlayıcı Ürünler
Blanca Dikdörtgen Puf,"10.184,00 TL",Tamamlayıcı Ürünler
Teddy Puf,"4.199,00 TL",Tamamlayıcı Ürünler
Mary Puf,"8.532,00 TL",Tamamlayıcı Ürünler
Lena Puf,"8.694,00 TL",Tamamlayıcı Ürünler
Shine Puf,"2.565,00 TL",Tamamlayıcı Ürünler
Mary X Puf,"8.532,00 TL",Tamamlayıcı Ürünler
Briella Dikdörtgen Puf,"11.082,00 TL",Tamamlayıcı Ürünler
Vista Portmanto Dolap,"20.712,00 TL",Tamamlayıcı Ürünler
Vista Askılık,"19.190,00 TL",Tamamlayıcı Ürünler
Lena Portmanto,"23.527,00 TL",Tamamlayıcı Ürünler
Vista Portmanto Takımı,"39.902,00 TL",Tamamlayıcı Ürünler
Lexus TV Sehpası,"25.660,00 TL",Tamamlayıcı Ürünler
Destina TV Sehpası,"12.453,00 TL",Tamamlayıcı Ürünler
Shine TV Sehpası,"22.817,00 TL",Tamamlayıcı Ürünler
Legato TV Sehpası,"9.887,00 TL",Tamamlayıcı Ürünler
Linus TV Sehpası,"12.542,00 TL",Tamamlayıcı Ürünler
Truva TV Sehpası,"8.656,00 TL",Tamamlayıcı Ürünler
Fiona TV Sehpası,"13.560,00 TL",Tamamlayıcı Ürünler
Briella TV Sehpası,"19.836,00 TL",Tamamlayıcı Ürünler
Alexa TV Sehpası,"10.460,00 TL",Tamamlayıcı Ürünler
Alexa Mini TV Sehpası,"9.620,00 TL",Tamamlayıcı Ürünler
Borneo TV Sehpası,"13.972,00 TL",Tamamlayıcı Ürünler
Lavita Mini TV Sehpası,"9.878,00 TL",Tamamlayıcı Ürünler
Lavita TV Sehpası,"10.569,00 TL",Tamamlayıcı Ürünler
Alya TV Sehpası,"9.720,00 TL",Tamamlayıcı Ürünler
Aysa TV Sehpası,"21.150,00 TL",Tamamlayıcı Ürünler
Mitra TV Sehpası,"14.015,00 TL",Tamamlayıcı Ürünler
Mitra Yüksek TV Sehpası,"13.469,00 TL",Tamamlayıcı Ürünler
Arena TV Sehpası,"16.782,00 TL",Tamamlayıcı Ürünler
Arena Şömineli TV Sehpası,"25.046,00 TL",Tamamlayıcı Ürünler
Vista TV Sehpası,"12.038,00 TL",Tamamlayıcı Ürünler
Serra TV Sehpası,"25.554,00 TL",Tamamlayıcı Ürünler
Serra Mini TV Sehpası,"24.758,00 TL",Tamamlayıcı Ürünler
Lena TV Sehpası,"12.808,00 TL",Tamamlayıcı Ürünler
Briella TV Ünitesi,"19.836,00 TL",Tamamlayıcı Ürünler
Mitra Dresuar Takım,"19.513,00 TL",Tamamlayıcı Ürünler
Briella Dresuar Takım,"21.266,00 TL",Tamamlayıcı Ürünler
Quantum Puf,"7.999,00 TL",Tamamlayıcı Ürünler
Diamond Prime Puf,"6.699,00 TL",Tamamlayıcı Ürünler
Platin Orta Sehpa,"12.949,00 TL",Tamamlayıcı Ürünler
Fiona Çekmeceli Orta Sehpa,"14.087,00 TL",Tamamlayıcı Ürünler
Fiona Orta Sehpa,"8.049,00 TL",Tamamlayıcı Ürünler
Truva Orta Sehpa,"11.082,00 TL",Tamamlayıcı Ürünler
Teddy Orta Sehpa,"9.216,00 TL",Tamamlayıcı Ürünler
Briella Orta Sehpa,"14.576,00 TL",Tamamlayıcı Ürünler
Borneo Bohem Orta Sehpa,"11.024,00 TL",Tamamlayıcı Ürünler
Fenton Orta Sehpa,"6.066,00 TL",Tamamlayıcı Ürünler
Alya Orta Sehpa,"9.876,00 TL",Tamamlayıcı Ürünler
Vanessa Orta Sehpa,"14.349,00 TL",Tamamlayıcı Ürünler
Vista Orta Sehpa,"4.665,00 TL",Tamamlayıcı Ürünler
Talia Orta Sehpa - Büyük,"8.982,00 TL",Tamamlayıcı Ürünler
Talia Orta Sehpa - Küçük,"7.815,00 TL",Tamamlayıcı Ürünler
Lena Orta Sehpa,"7.349,00 TL",Tamamlayıcı Ürünler
Oliver Orta Sehpa,"4.899,00 TL",Tamamlayıcı Ürünler
Clara Orta Sehpa,"6.086,00 TL",Tamamlayıcı Ürünler
İndigo Orta Sehpa,"5.366,00 TL",Tamamlayıcı Ürünler
Elizya Smart Sehpa,"12.928,00 TL",Tamamlayıcı Ürünler
Elizya Oval Sehpa,"6.554,00 TL",Tamamlayıcı Ürünler
Elizya Orta Sehpa,"8.407,00 TL",Tamamlayıcı Ürünler
Misty Orta Sehpa,"8.883,00 TL",Tamamlayıcı Ürünler
Mary Dikdörtgen Sehpa,"8.023,00 TL",Tamamlayıcı Ürünler
Mitra Çekmeceli Orta Sehpa,"13.299,00 TL",Tamamlayıcı Ürünler
Lexus Çekmeceli Orta Sehpa,"23.322,00 TL",Tamamlayıcı Ürünler
Destina Orta Sehpa,"9.905,00 TL",Tamamlayıcı Ürünler
Legato Orta Sehpa,"4.325,00 TL",Tamamlayıcı Ürünler
Shine Orta Sehpa,"15.301,00 TL",Tamamlayıcı Ürünler
Linus Orta Sehpa Takımı,"9.331,00 TL",Tamamlayıcı Ürünler
Linus Çekmeceli Orta Sehpa,"10.266,00 TL",Tamamlayıcı Ürünler
Linus Orta Sehpa,"5.132,00 TL",Tamamlayıcı Ürünler
Mary X Dikdörtgen Sehpa,"8.023,00 TL",Tamamlayıcı Ürünler
Briella Yan Sehpa - Büyük,"7.961,00 TL",Tamamlayıcı Ürünler
Briella Yan Sehpa - Küçük,"7.594,00 TL",Tamamlayıcı Ürünler
Borneo Yan Fiskos Sehpa,"10.534,00 TL",Tamamlayıcı Ürünler
Lenor Yan Sehpa,"7.849,00 TL",Tamamlayıcı Ürünler
Teddy Yan Sehpa,"7.932,00 TL",Tamamlayıcı Ürünler
Vanessa Yuvarlak Yan Sehpa Küçük,"9.216,00 TL",Tamamlayıcı Ürünler
Vanessa Yan Sehpa,"8.282,00 TL",Tamamlayıcı Ürünler
Vanessa Yuvarlak Yan Sehpa Büyük,"9.332,00 TL",Tamamlayıcı Ürünler
Green Yan Sehpa,"2.124,00 TL",Tamamlayıcı Ürünler
Borneo Büyük Zigon Sehpa,"7.349,00 TL",Tamamlayıcı Ürünler
Borneo Küçük Zigon Sehpa,"9.431,00 TL",Tamamlayıcı Ürünler
Borneo Orta Zigon Sehpa,"7.103,00 TL",Tamamlayıcı Ürünler
Olivia Yan Sehpa - Küçük,"7.586,00 TL",Tamamlayıcı Ürünler
Olivia Yan Sehpa - Büyük,"7.849,00 TL",Tamamlayıcı Ürünler
Legato Yan Sehpa,"3.397,00 TL",Tamamlayıcı Ürünler
Linus Yan Sehpa,"4.199,00 TL",Tamamlayıcı Ürünler
Fiona Zigon Sehpa,"9.332,00 TL",Tamamlayıcı Ürünler
Resta Zigon Sehpa,"7.442,00 TL",Tamamlayıcı Ürünler
Truva Büyük Zigon Sehpa,"7.349,00 TL",Tamamlayıcı Ürünler
Truva Küçük Zigon Sehpa,"7.349,00 TL",Tamamlayıcı Ürünler
Teddy Zigon Sehpa,"4.316,00 TL",Tamamlayıcı Ürünler
Briella Zigon Sehpa,"14.331,00 TL",Tamamlayıcı Ürünler
Borneo Bohem Zigon Sehpa Takımı,"23.883,00 TL",Tamamlayıcı Ürünler
Fenton Zigon Sehpa,"8.749,00 TL",Tamamlayıcı Ürünler
Alya Zigon Sehpa,"9.757,00 TL",Tamamlayıcı Ürünler
Vanessa 3'lü Zigon Sehpa,"17.382,00 TL",Tamamlayıcı Ürünler
Aysa 2'li Zigon Sehpa,"12.249,00 TL",Tamamlayıcı Ürünler
Platin 3'lü Zigon Sehpa,"10.149,00 TL",Tamamlayıcı Ürünler
Mitra Zigon Sehpa,"17.499,00 TL",Tamamlayıcı Ürünler
Arena 3'lü Zigon Sehpa,"9.682,00 TL",Tamamlayıcı Ürünler
Blanca Zigon Sehpa Takımı,"25.109,00 TL",Tamamlayıcı Ürünler
Talia Zigon Sehpa - Küçük,"5.016,00 TL",Tamamlayıcı Ürünler
Talia Zigon Sehpa,"5.016,00 TL",Tamamlayıcı Ürünler
Oliver 3'lü Zigon Sehpa,"9.099,00 TL",Tamamlayıcı Ürünler
Lena 3'lü Zigon Sehpa,"10.032,00 TL",Tamamlayıcı Ürünler
İndigo 3'lü Zigon Sehpa,"5.599,00 TL",Tamamlayıcı Ürünler
Mary 3'lü Zigon Sehpa,"8.282,00 TL",Tamamlayıcı Ürünler
Elizya 3'lü Zigon Sehpa,"6.204,00 TL",Tamamlayıcı Ürünler
Marven Zigon Sehpa Takımı,"10.264,00 TL",Tamamlayıcı Ürünler
Marven Küçük Zigon Sehpa,"5.132,00 TL",Tamamlayıcı Ürünler
Marven Büyük Zigon Sehpa,"5.132,00 TL",Tamamlayıcı Ürünler
Lexus Zigon Sehpa,"14.990,00 TL",Tamamlayıcı Ürünler
Destina Zigon Sehpa,"11.655,00 TL",Tamamlayıcı Ürünler
Linus Zigon Sehpa,"10.266,00 TL",Tamamlayıcı Ürünler
Legato Zigon Sehpa,"11.889,00 TL",Tamamlayıcı Ürünler
Shine Zigon Sehpa Takımı,"16.268,00 TL",Tamamlayıcı Ürünler
Shine Küçük Zigon Sehpa,"7.093,00 TL",Tamamlayıcı Ürünler
Shine Büyük Zigon Sehpa,"9.175,00 TL",Tamamlayıcı Ürünler
Blanca Zigon Sehpa S,"8.206,00 TL",Tamamlayıcı Ürünler
Blanca Zigon Sehpa M,"8.329,00 TL",Tamamlayıcı Ürünler
Blanca Zigon Sehpa L,"8.574,00 TL",Tamamlayıcı Ürünler
Jolly Puf,"7.349,00 TL",Tamamlayıcı Ürünler
Smart TV Sehpası,"5.159,00 TL",Tamamlayıcı Ürünler
Mitra Dresuar,"15.897,00 TL",Tamamlayıcı Ürünler
Angelo Orta Sehpa,"10.709,00 TL",Tamamlayıcı Ürünler
Teddy Orta Sehpa Takımı,"26.246,00 TL",Tamamlayıcı Ürünler
Aysa Çekmeceli Orta Sehpa,"17.430,00 TL",Tamamlayıcı Ürünler
Viola Orta Sehpa,"13.189,00 TL",Tamamlayıcı Ürünler
Mitra Orta Sehpa Takımı,"23.448,00 TL",Tamamlayıcı Ürünler
Mitra Oval Orta Sehpa,"9.216,00 TL",Tamamlayıcı Ürünler
Mitra Köşeli Orta Sehpa,"10.266,00 TL",Tamamlayıcı Ürünler
Arena Orta Sehpa,"8.516,00 TL",Tamamlayıcı Ürünler
Blanca Orta Sehpa,"24.499,00 TL",Tamamlayıcı Ürünler
Serra Orta Sehpa,"8.865,00 TL",Tamamlayıcı Ürünler
Dora Yan Sehpa,"8.358,00 TL",Tamamlayıcı Ürünler
Albero Yan Sehpa,"6.977,00 TL",Tamamlayıcı Ürünler
Martin Fiskos Sehpa,"5.599,00 TL",Tamamlayıcı Ürünler
Viola Yan Sehpa,"7.745,00 TL",Tamamlayıcı Ürünler
Angelo Zigon Sehpa,"11.899,00 TL",Tamamlayıcı Ürünler
Vista 3'lü Zigon Sehpa,"7.815,00 TL",Tamamlayıcı Ürünler
Serra 3'lü Zigon Sehpa,"10.732,00 TL",Tamamlayıcı Ürünler
Linus Puf,"5.132,00 TL",Tamamlayıcı Ürünler
Marven TV Sehpası,"10.866,00 TL",Tamamlayıcı Ürünler
Blanca TV Sehpası,"20.383,00 TL",Tamamlayıcı Ürünler
Cross Zigon Orta Sehpa,"2.085,00 TL",Tamamlayıcı Ürünler
Misty 3'lü Zigon Sehpa,"8.883,00 TL",Tamamlayıcı Ürünler
Mary Orta Sehpa,"14.582,00 TL",Tamamlayıcı Ürünler
Cross Kare Sehpa,"4.207,00 TL",Tamamlayıcı Ürünler
