product_name,price
Nilüfer / Görükle - 2+1,11.000 TL
Nilüfer / Görükle - 1+1,11.000 TL
Nilüfer / Görükle - 1+1,11.000 TL
Nilüfer / Görükle - Stüdyo (1+0),9.000 TL
Nilüfer / Görükle - 1+1,11.000 TL
Nilüfer / Görükle - 2+1,11.000 TL
Nilüfer / Görükle - 1+1,11.000 TL
Nilüfer / Akçalar - 1+1,10.000 TL
Osmangazi - 3+1,10.000 TL
Gürsu - 2+1,8.000 TL
Osmangazi / Maksem - 2+1,10.000 TL
Nilüfer / Görükle - 1+1,11.000 TL
İznik - 3+1,10.000 TL
Gürsu - 1+1,7.000 TL
Osmangazi / Tayakadın - Stüdyo (1+0),10.000 TL
Osmangazi / Kovukçınar - 2+1,11.000 TL
Nilüfer / Görükle - Stüdyo (1+0),8.500 TL
Osmangazi / Kovukçınar - 2+1,10.250 TL
Osmangazi / Tayakadın - Stüdyo (1+0),9.500 TL
Yıldırım - Stüdyo (1+0),10.000 TL
Gemlik - 1+1,8.000 TL
Osmangazi / Maksem - 2+1,11.000 TL
Gürsu - 2+1,6.500 TL
Yıldırım / Duaçınarı - 2+1,11.000 TL
Yıldırım / Emirsultan - 2+1,10.000 TL
Osmangazi / Kovukçınar - 1+1,10.000 TL
Osmangazi / Çirişhane - 2+1,10.000 TL
Yıldırım / Ertuğrulgazi - 3+1,10.000 TL
Osmangazi - 2+1,10.000 TL
Nilüfer / Görükle - 1+1,10.000 TL
Yıldırım / Esenevler - 2+1,10.000 TL
Osmangazi / Kovukçınar - 2+0,10.000 TL
Nilüfer / Görükle - Stüdyo (1+0),10.000 TL
Osmangazi / Çekirge - 2+1,11.000 TL
Yıldırım / Esenevler - 2+1,10.850 TL
Karacabey - 2+1,10.000 TL
Nilüfer / Görükle - 2+1,11.000 TL
Osmangazi / Çirişhane - 2.5+1,10.000 TL
Gürsu - 2+1,11.000 TL
Yıldırım - Stüdyo (1+0),11.000 TL
Osmangazi - Stüdyo (1+0),11.000 TL
Yıldırım / Duaçınarı - 1+1,11.000 TL
Yıldırım / Hacıvat - 2+1,11.500 TL
Gürsu / Köyler - 1+1,10.000 TL
Osmangazi / Demirtaş - 2+1,10.000 TL
Gemlik - Stüdyo (1+0),10.000 TL
İznik / Çeltikçi - 3+1,7.500 TL
Nilüfer / Görükle - 2+1,11.500 TL
Yıldırım / Emirsultan - 2+1,9.500 TL
Osmangazi / Tayakadın - Stüdyo (1+0),11.000 TL
Nilüfer / Görükle - 2+1,10.000 TL
Kestel / Köyler - 3+1,10.500 TL
Osmangazi / Kovukçınar - Stüdyo (1+0),10.000 TL
Kestel - Stüdyo (1+0),11.000 TL
Osmangazi / Tayakadın - Stüdyo (1+0),10.000 TL
Yıldırım / Eğitim - 2+1,10.000 TL
Yıldırım / Eğitim - 3+1,11.000 TL
Osmangazi / Emek - 2+1,10.000 TL
Yıldırım / Yeşilyayla - 2+1,7.500 TL
Yıldırım / Emirsultan - 3+1,10.000 TL
Osmangazi / Soğanlı - Stüdyo (1+0),7.000 TL
Gemlik - 3+1,2.000 TL
Nilüfer / Görükle - 2+1,11.000 TL
İnegöl / Tahtaköprü - 2+1,11.000 TL
Yıldırım / Emirsultan - 2+1,10.000 TL
Osmangazi / Soğanlı - 3+1,11.000 TL
Osmangazi / Altıparmak - 2+1,11.000 TL
Osmangazi / Çirişhane - 2+1,11.999 TL
Nilüfer / Görükle - 1+1,10.500 TL
Gemlik - 1+1,10.000 TL
Osmangazi / Kovukçınar - 2+1,9.500 TL
Nilüfer / Görükle - 1+1,10.000 TL
Nilüfer / Görükle - 1+1,10.500 TL
Osmangazi - Stüdyo (1+0),10.000 TL
Osmangazi - 2+1,11.000 TL
Gürsu - 2+1,9.500 TL
Osmangazi / Altıparmak - 2+1,11.000 TL
Nilüfer / Görükle - 2+0,11.500 TL
Osmangazi - 3+1,10.000 TL
Yıldırım / Arabayatağı - 2+1,11.000 TL
Osmangazi / Emek - 2+1,11.500 TL
Nilüfer / Görükle - 2+1,11.500 TL
Gemlik - 1+1,10.000 TL
Nilüfer / Görükle - 1+1,11.500 TL
Osmangazi / Soğanlı - 2+1,10.000 TL
Yıldırım / Ertuğrulgazi - 2+1,10.000 TL
İnegöl / Tahtaköprü - 2+1,11.000 TL
Osmangazi / Altıparmak - Stüdyo (1+0),10.000 TL
Nilüfer / Görükle - 1+1,11.750 TL
Yıldırım / Emirsultan - 1.5+1,10.000 TL
Nilüfer / Görükle - Stüdyo (1+0),8.250 TL
Nilüfer / Görükle - Stüdyo (1+0),8.000 TL
Nilüfer / Görükle - 1+1,10.000 TL
Nilüfer / Ertuğrul - Stüdyo (1+0),9.000 TL
Osmangazi / Tayakadın - Stüdyo (1+0),11.000 TL
Osmangazi / Soğanlı - 2+1,10.000 TL
Mustafakemalpaşa - Stüdyo (1+0),8.500 TL
Yıldırım / Eğitim - 1+1,10.000 TL
Osmangazi / Çekirge - 2+1,11.000 TL
İnegöl - 2+1,11.500 TL
İnegöl - 2+1,10.000 TL
Osmangazi / Çirişhane - 2+1,11.000 TL
Gürsu - 2+1,9.500 TL
Yıldırım / Emirsultan - 2+1,9.500 TL
Nilüfer / Görükle - Stüdyo (1+0),6.000 TL
Gemlik - 2+1,11.000 TL
Osmangazi / Demirtaş - 1+1,11.000 TL
Gemlik - 2+1,10.250 TL
Osmangazi / Soğanlı - 3+1,10.000 TL
İnegöl - 1+1,11.000 TL
Osmangazi / Bağlarbaşı - 1+1,11.000 TL
Osmangazi / Çirişhane - 3+1,10.000 TL
İnegöl / Köyler - 2+1,11.000 TL
Nilüfer / Görükle - 2+1,11.000 TL
Yıldırım / Emirsultan - 2+1,10.000 TL
İnegöl - 3+1,11.500 TL
Osmangazi / Çekirge - 1+1,10.000 TL
Gemlik - 2+1,10.000 TL
Yıldırım / Yeşilyayla - 3+1,10.750 TL
Nilüfer / Görükle - Stüdyo (1+0),11.000 TL
Nilüfer / Görükle - 1+1,10.000 TL
Nilüfer / Beşevler - Stüdyo (1+0),10.500 TL
Nilüfer / Görükle - Stüdyo (1+0),8.000 TL
Osmangazi / Bağlarbaşı - 2+1,10.000 TL
Osmangazi / Çirişhane - Stüdyo (1+0),11.000 TL
Nilüfer / İhsaniye - Stüdyo (1+0),10.000 TL
Osmangazi / Maksem - 2+1,10.000 TL
Nilüfer / Görükle - 1+1,11.500 TL
Osmangazi / Maksem - 1+1,9.000 TL
Yıldırım / Hacıvat - 2+1,11.000 TL
Osmangazi / Çirişhane - 2+1,10.000 TL
Osmangazi / Kovukçınar - 3+1,10.500 TL
Yıldırım / Yeşilyayla - 2+1,9.000 TL
Nilüfer / Görükle - Stüdyo (1+0),10.500 TL
Yıldırım - 2+1,11.000 TL
Gemlik - 1+1,9.000 TL
Nilüfer / Görükle - 1+1,11.000 TL
Osmangazi - 2+1,10.000 TL
Gemlik - 1+1,10.000 TL
Nilüfer / İhsaniye - 1+1,9.250 TL
Nilüfer / Görükle - 1+1,11.000 TL
Osmangazi / Bağlarbaşı - 2+1,11.250 TL
Osmangazi / Altıparmak - 2+1,11.000 TL
İnegöl - 2+1,10.000 TL
Osmangazi / Kovukçınar - 2+1,11.000 TL
İnegöl - Stüdyo (1+0),10.000 TL
Gemlik - 2+1,11.000 TL
Nilüfer / Beşevler - Stüdyo (1+0),9.500 TL
Yıldırım / Ertuğrulgazi - 2+1,10.500 TL
Yıldırım / Ertuğrulgazi - 1.5+1,10.000 TL
Yıldırım / Eğitim - 2+1,7.500 TL
Yıldırım / Duaçınarı - 2+1,11.000 TL
Nilüfer / Görükle - 2+1,10.000 TL
İnegöl / Alanyurt - 3+1,11.500 TL
Karacabey - 2+1,10.000 TL
Osmangazi / Maksem - 2+1,8.000 TL
Yıldırım / Hacıvat - 3+1,11.000 TL
Osmangazi / Çirişhane - 1+1,10.000 TL
Yenişehir - 2+1,10.000 TL
Nilüfer / Görükle - 1+1,10.000 TL
Yıldırım - 2+1,10.000 TL
Gürsu - 2+1,8.500 TL
Nilüfer / Görükle - 2+1,11.000 TL
Yıldırım / Arabayatağı - 2+1,10.500 TL
Osmangazi / Maksem - 2+1,10.000 TL
Nilüfer / Görükle - Stüdyo (1+0),11.000 TL
Nilüfer / Görükle - 1+1,11.000 TL
Osmangazi / Çirişhane - 2+1,8.000 TL
Osmangazi / Bağlarbaşı - 2+1,10.000 TL
Gürsu - 2+1,10.000 TL
İnegöl / Alanyurt - 1+1,11.500 TL
Mudanya / Zeytinbağı - 1.5+1,10.000 TL
İnegöl / Alanyurt - 1+1,11.000 TL
Osmangazi / Tayakadın - 2+1,11.000 TL
Yıldırım / Duaçınarı - Stüdyo (1+0),7.500 TL
Nilüfer / Görükle - 1+1,10.500 TL
Gürsu - 2+1,7.500 TL
Osmangazi / Altıparmak - 2+1,11.000 TL
Yıldırım - 3+1,11.000 TL
İnegöl / Alanyurt - 2+1,10.000 TL
Gemlik - 2+1,10.000 TL
Yıldırım / Arabayatağı - 2+1,9.000 TL
İnegöl / Tahtaköprü - 2+1,8.500 TL
Osmangazi / Ovaakça - 3+1,11.000 TL
Yıldırım / Eğitim - Stüdyo (1+0),7.000 TL
Nilüfer / Görükle - 2+1,10.000 TL
Nilüfer / Ataevler - 2+1,10.000 TL
Yıldırım / Eğitim - 2+1,9.000 TL
Yıldırım / Hacıvat - 2+1,10.000 TL
Nilüfer / Görükle - 1+1,11.000 TL
Osmangazi / Ovaakça - 2+1,10.500 TL
Osmangazi / Çirişhane - 1+1,10.000 TL
Yıldırım / Arabayatağı - 3+1,10.000 TL
Nilüfer / Görükle - Stüdyo (1+0),10.000 TL
Osmangazi / Emek - 2+1,8.750 TL
Nilüfer / Görükle - 2+0,10.000 TL
Keles - 3+1,7.000 TL
Osmangazi / Altıparmak - 2+1,10.000 TL
Nilüfer / Görükle - 1+1,11.000 TL
Nilüfer / Ataevler - 2+1,11.000 TL
Yıldırım / Hacıvat - 2+1,10.000 TL
Yıldırım / Emirsultan - 3+1,8.000 TL
Gemlik - 2+1,10.000 TL
Mustafakemalpaşa - 2+0,8.500 TL
Nilüfer / Görükle - 1+1,11.000 TL
Yıldırım / Emirsultan - 2+1,10.000 TL
Nilüfer / Görükle - 1+1,11.000 TL
Nilüfer / Akçalar - 1+1,10.950 TL
İnegöl / Alanyurt - 2+1,10.000 TL
Yıldırım / Eğitim - 2+1,10.000 TL
Nilüfer / Beşevler - Stüdyo (1+0),7.500 TL
Nilüfer / Görükle - 2+1,10.000 TL
Nilüfer / Görükle - Stüdyo (1+0),9.500 TL
Gemlik - 2+1,10.000 TL
Orhangazi - 2+1,10.000 TL
Osmangazi / Tayakadın - Stüdyo (1+0),9.000 TL
Karacabey - 2+1,10.000 TL
Yıldırım / Yeşilyayla - 2+1,10.000 TL
Yıldırım / Yeşilyayla - 2+1,10.500 TL
Nilüfer / Görükle - 2+1,11.000 TL
Osmangazi / Bağlarbaşı - 2+1,11.000 TL
Yıldırım / Emirsultan - Stüdyo (1+0),9.000 TL
Osmangazi / Çekirge - 1+1,11.000 TL
Nilüfer / Görükle - Stüdyo (1+0),10.000 TL
Nilüfer / Görükle - 2+0,9.500 TL
Yıldırım - 1+1,11.000 TL
Yıldırım / Eğitim - 2+1,11.500 TL
Nilüfer / Ataevler - 1+1,11.000 TL
Nilüfer / Görükle - 1+1,10.000 TL
Nilüfer / Görükle - 2+1,10.000 TL
Osmangazi - 2+1,10.000 TL
Osmangazi / Çirişhane - 2+1,11.000 TL
Osmangazi / Çirişhane - 3+1,11.000 TL
Mustafakemalpaşa - 2+1,11.000 TL
Nilüfer / Görükle - 2+1,10.000 TL
Gemlik - Stüdyo (1+0),10.000 TL
Yıldırım / Emirsultan - 2+1,11.000 TL
Gürsu - 2+1,10.000 TL
İnegöl / Köyler - 2+1,11.500 TL
Osmangazi / Demirtaş - 2+1,10.000 TL
İnegöl - 1+1,10.500 TL
Yıldırım / Arabayatağı - 2+1,10.000 TL
Nilüfer / Görükle - 1+1,10.900 TL
Nilüfer / Görükle - 2+1,11.000 TL
Osmangazi / Altıparmak - 2+1,9.000 TL
Osmangazi / Çirişhane - 2+1,11.000 TL
Nilüfer / Köyler - 2+1,11.000 TL
Yıldırım / Emirsultan - 2+1,10.000 TL
Osmangazi / Tayakadın - 2+1,10.000 TL
Yıldırım / Arabayatağı - 2+1,8.000 TL
Yenişehir - 2+1,10.000 TL
Gemlik - 2+1,11.000 TL
Nilüfer / Görükle - Stüdyo (1+0),9.000 TL
Nilüfer / Görükle - 2+1,11.500 TL
Nilüfer / Görükle - 2+1,10.000 TL
Yıldırım / Emirsultan - 2+1,11.000 TL
Gürsu - 2+1,7.500 TL
Yenişehir - 2+1,7.000 TL
Nilüfer / Görükle - 2+1,11.000 TL
Osmangazi / Çirişhane - 3+1,7.500 TL
Gürsu - 2+1,11.000 TL
Nilüfer / Görükle - 2+1,11.000 TL
Nilüfer / Görükle - 1+1,11.000 TL
Nilüfer / Görükle - 2+1,11.000 TL
Gemlik - 2+1,9.000 TL
İnegöl / Tahtaköprü - 2+1,10.500 TL
Nilüfer / Görükle - 2+1,12.000 TL
Nilüfer / Görükle - 2+1,13.500 TL
Nilüfer / Görükle - 2+1,12.000 TL
Nilüfer / Görükle - 2+1,12.000 TL
Nilüfer / Görükle - 2+1,13.500 TL
Nilüfer / Akçalar - 2+1,13.000 TL
Yıldırım / Yeşilyayla - 2+1,12.000 TL
Nilüfer / Görükle - 1+1,13.000 TL
Osmangazi / Emek - 2+1,13.000 TL
İnegöl - 2+1,12.000 TL
Gürsu - Stüdyo (1+0),12.500 TL
Osmangazi - 2+1,13.500 TL
Nilüfer / Görükle - 1+1,13.000 TL
İnegöl / Köyler - 3+1,12.000 TL
Nilüfer / Görükle - 1+1,13.000 TL
Osmangazi / Kovukçınar - 3+1,13.000 TL
Nilüfer / Görükle - 2+1,13.000 TL
Nilüfer / Görükle - 2+1,12.500 TL
Nilüfer / Görükle - 1+1,13.000 TL
Osmangazi / Emek - 3+1,12.000 TL
Yıldırım / Duaçınarı - 3+1,13.500 TL
Gemlik - 2+1,12.000 TL
Osmangazi / Kovukçınar - 2+1,12.000 TL
Nilüfer / Görükle - 1+1,13.500 TL
Nilüfer / Görükle - 1+1,13.500 TL
Nilüfer / Görükle - 1+1,13.000 TL
Yıldırım / Esenevler - 3+1,12.500 TL
Osmangazi / Kovukçınar - Stüdyo (1+0),12.000 TL
Osmangazi / Kovukçınar - 2+1,12.000 TL
Yıldırım / Ertuğrulgazi - 2+1,13.000 TL
Yıldırım / Arabayatağı - 2+1,12.000 TL
Nilüfer / Görükle - 2+1,13.000 TL
Yıldırım / Eğitim - 2+1,13.000 TL
Nilüfer / Görükle - 1+1,13.000 TL
İnegöl - 2+1,13.000 TL
İnegöl - 1+1,13.000 TL
Osmangazi / Soğanlı - 3+1,12.000 TL
İnegöl - 2+1,12.400 TL
Nilüfer / Görükle - 2+1,13.000 TL
Nilüfer / Görükle - 2+1,13.000 TL
Nilüfer / Görükle - 2+1,13.000 TL
Nilüfer / Görükle - 1+1,12.000 TL
Nilüfer / Görükle - 2+1,12.000 TL
Nilüfer / Görükle - 2+1,13.000 TL
Osmangazi / Bağlarbaşı - 2+1,13.500 TL
Osmangazi / Kovukçınar - 2+1,13.500 TL
Osmangazi / Soğanlı - 2+1,12.500 TL
Osmangazi / Bağlarbaşı - 2+1,13.000 TL
İnegöl / Alanyurt - 2+1,12.500 TL
Osmangazi / Soğanlı - 2+1,13.000 TL
Yıldırım / Hacıvat - 2+1,12.000 TL
Osmangazi / Tayakadın - 2+1,13.000 TL
Yıldırım / Ertuğrulgazi - 2+1,13.500 TL
Nilüfer / Görükle - 2+1,13.000 TL
Nilüfer / Görükle - 2+1,12.000 TL
Mustafakemalpaşa - 2+1,13.500 TL
Karacabey - 2+1,13.000 TL
İnegöl - 1+1,12.000 TL
Osmangazi / Çirişhane - 2+1,13.000 TL
Nilüfer / Görükle - 1+1,13.000 TL
Yıldırım / Esenevler - 2+1,12.500 TL
Nilüfer / Görükle - 2+1,13.500 TL
Osmangazi / Kovukçınar - 2+1,13.500 TL
Gemlik - 3+1,13.000 TL
Nilüfer / Görükle - 1+1,13.000 TL
İnegöl / Tahtaköprü - 2+1,13.000 TL
Yıldırım / Duaçınarı - 3+1,13.000 TL
Osmangazi / Altıparmak - 2+1,12.500 TL
Yıldırım / Duaçınarı - 2+1,12.500 TL
Yenişehir - 2+1,12.500 TL
Yıldırım - 2+1,12.000 TL
Yıldırım / Arabayatağı - 3+1,12.500 TL
Osmangazi / Soğanlı - 1+1,12.000 TL
Nilüfer / Görükle - 2+0,13.000 TL
Nilüfer / Görükle - 2+1,13.750 TL
Nilüfer / Görükle - 2+1,12.000 TL
Osmangazi / Demirtaş - 2+1,13.500 TL
Osmangazi / Bağlarbaşı - 2+1,13.000 TL
Nilüfer / Görükle - 2+1,13.000 TL
Nilüfer / Görükle - 2+1,12.000 TL
Nilüfer / Görükle - 2+1,13.000 TL
Nilüfer / Akçalar - 1+1,13.500 TL
Nilüfer / Görükle - 1+1,12.500 TL
Nilüfer / Görükle - 1+1,13.500 TL
Gürsu - 2+1,13.000 TL
Nilüfer / Görükle - 2+1,12.500 TL
Nilüfer / Görükle - 2+1,12.000 TL
Nilüfer / Görükle - 1+1,13.000 TL
İznik / Köyler - 2+1,12.000 TL
Yıldırım - 2+1,13.000 TL
Gemlik / Küçükkumla - 1+1,12.000 TL
Osmangazi / Altıparmak - 2+1,13.000 TL
Nilüfer / Görükle - 2+1,13.250 TL
Nilüfer / Görükle - 1+1,13.000 TL
Yıldırım / Emirsultan - 2+1,12.000 TL
Osmangazi / Altıparmak - 2+1,13.000 TL
Yıldırım / Ertuğrulgazi - 2+1,12.500 TL
İnegöl - 2+1,12.000 TL
Nilüfer / Ataevler - Stüdyo (1+0),12.000 TL
Osmangazi / Tayakadın - 2+1,13.000 TL
Osmangazi - 3+1,12.500 TL
Yıldırım / Yeşilyayla - 2+1,13.000 TL
Nilüfer / Görükle - 2+1,13.000 TL
Nilüfer / Görükle - 2+0,12.000 TL
Nilüfer / Görükle - 1+1,12.000 TL
Nilüfer / Ataevler - 2+1,13.000 TL
Osmangazi / Kovukçınar - 1+1,13.000 TL
Yıldırım / Ertuğrulgazi - 2+1,12.000 TL
Yıldırım / Esenevler - 2+1,12.000 TL
Osmangazi / Kovukçınar - 3+1,13.500 TL
Osmangazi / Kovukçınar - 2+1,13.000 TL
Nilüfer / Görükle - 2+1,13.500 TL
Yıldırım / Hacıvat - 2+1,13.500 TL
Nilüfer / Görükle - 2+0,13.000 TL
Osmangazi / Altıparmak - 2+1,12.000 TL
Yıldırım - 2+1,12.000 TL
Nilüfer / Görükle - 2+1,13.000 TL
Nilüfer / Görükle - 1+1,13.000 TL
Yıldırım / Eğitim - 2+1,12.500 TL
Yıldırım / Ertuğrulgazi - 1+1,13.000 TL
Nilüfer / Görükle - 1+1,12.500 TL
Nilüfer / Görükle - 1+1,13.500 TL
Yıldırım - 2+1,12.500 TL
Gürsu - 2+1,12.500 TL
Osmangazi / Soğanlı - 1+1,13.000 TL
Osmangazi / Çirişhane - 3+1,13.000 TL
Mustafakemalpaşa - 1+1,13.750 TL
Nilüfer / Görükle - 2+1,13.000 TL
Nilüfer / Görükle - 1+1,13.000 TL
Gürsu - 2+1,13.000 TL
Osmangazi / Kovukçınar - 2+1,12.000 TL
Nilüfer / Görükle - 1+1,12.500 TL
Nilüfer / Görükle - 1+1,13.000 TL
Nilüfer / Görükle - 1+1,13.000 TL
Orhangazi - 2+1,12.500 TL
Osmangazi / Emek - 2+1,12.000 TL
Yıldırım / Arabayatağı - 2+1,13.000 TL
Nilüfer / Akçalar - 1+1,12.000 TL
Nilüfer / Görükle - 1+1,12.000 TL
Osmangazi / Altıparmak - 2+1,13.000 TL
Yıldırım / Yeşilyayla - 3+0,13.000 TL
Nilüfer / Görükle - 1+1,12.500 TL
Osmangazi / Soğanlı - 2+1,13.000 TL
Nilüfer / Görükle - 2+1,13.000 TL
Nilüfer / Görükle - 1+1,13.000 TL
Gemlik - 2+1,12.000 TL
Nilüfer / Görükle - 2+0,13.000 TL
Nilüfer / Görükle - 1+1,12.500 TL
Osmangazi / Emek - 2+1,13.500 TL
Nilüfer / Görükle - 1+1,13.000 TL
Nilüfer / Görükle - 2+1,12.000 TL
İnegöl - 3+1,13.500 TL
İnegöl - 2+1,12.500 TL
Yıldırım / Emirsultan - 1+1,12.000 TL
İnegöl - 2+1,12.500 TL
Yıldırım / Eğitim - 1+1,12.000 TL
Karacabey - 3+1,13.000 TL
İnegöl - 2+1,12.000 TL
İnegöl - 2+1,13.500 TL
İnegöl - 1+1,13.000 TL
Osmangazi / Soğanlı - 1+1,13.000 TL
Osmangazi / Bağlarbaşı - 2+1,13.000 TL
Nilüfer / Görükle - 1+1,13.750 TL
Nilüfer / Görükle - 2+1,12.000 TL
Osmangazi / Kovukçınar - 1+1,12.500 TL
Yıldırım - 2+1,13.000 TL
Osmangazi / Çirişhane - 2+1,12.250 TL
Osmangazi / Emek - 2+1,13.000 TL
Kestel - Stüdyo (1+0),12.000 TL
Nilüfer / Görükle - 1+1,13.500 TL
Nilüfer / Görükle - 2+0,12.000 TL
Yıldırım / Ertuğrulgazi - 2+0,12.000 TL
Osmangazi / Kovukçınar - 1+1,13.000 TL
Nilüfer / Görükle - 2+1,12.000 TL
Nilüfer / Görükle - 2+1,12.000 TL
Osmangazi / Altıparmak - 3+1,13.000 TL
Nilüfer / Görükle - 1+1,13.000 TL
Nilüfer / Görükle - 1+1,12.000 TL
Osmangazi / Altıparmak - 2+1,13.000 TL
Nilüfer / Görükle - 1+1,13.500 TL
Gemlik - 2+1,12.500 TL
Yıldırım / Yeşilyayla - 2+1,12.000 TL
Nilüfer / Görükle - 1+1,13.000 TL
Nilüfer / Görükle - 2+1,13.000 TL
Yıldırım / Ertuğrulgazi - 2+1,13.000 TL
Gemlik - 2+1,13.000 TL
Yıldırım / Hacıvat - 2+1,13.500 TL
Nilüfer / Görükle - 1+1,13.000 TL
Gemlik - 3+1,13.500 TL
Nilüfer / Görükle - 1+1,12.500 TL
Nilüfer / Görükle - 2+1,13.000 TL
Nilüfer / Görükle - 1+1,13.000 TL
Nilüfer / Görükle - 1+1,12.000 TL
Nilüfer / Görükle - 1+1,13.000 TL
Nilüfer / Görükle - 1+1,13.000 TL
Gemlik - 2+1,12.500 TL
Nilüfer / Görükle - 1+1,13.500 TL
Nilüfer / Görükle - 1+1,13.250 TL
Nilüfer / Görükle - 2+1,12.000 TL
Nilüfer / Görükle - Stüdyo (1+0),12.000 TL
Yıldırım / Ertuğrulgazi - 2+1,12.500 TL
Yıldırım / Esenevler - 2+1,12.000 TL
Osmangazi / Kovukçınar - Stüdyo (1+0),12.000 TL
İnegöl / Köyler - 3+1,12.500 TL
Gemlik - 3+1,12.000 TL
Nilüfer / Çalı - 2+2,12.000 TL
Yıldırım / Ertuğrulgazi - 2+1,12.500 TL
Nilüfer / Görükle - 1+1,12.500 TL
Nilüfer / Görükle - 1+1,12.000 TL
Yıldırım / Ertuğrulgazi - 2+1,13.000 TL
Nilüfer / Görükle - 2+1,13.000 TL
Nilüfer / Görükle - 1+1,13.000 TL
Nilüfer / Görükle - 2+1,13.000 TL
Osmangazi / Çekirge - 2+1,12.000 TL
Yıldırım / Esenevler - 2+1,13.000 TL
Osmangazi / Emek - 2+1,13.000 TL
Nilüfer / Görükle - 2+1,13.000 TL
Nilüfer / Görükle - 1+1,12.000 TL
Karacabey - 2+1,12.500 TL
Osmangazi / Tayakadın - Stüdyo (1+0),12.000 TL
Nilüfer / Görükle - 2+1,12.500 TL
Yıldırım / Eğitim - 3+0,13.000 TL
Mudanya / Güzelyalı - 2+1,13.500 TL
İnegöl - 2+0,12.500 TL
Nilüfer / Görükle - 1+1,13.500 TL
Yıldırım / Ertuğrulgazi - 2+1,13.500 TL
Yıldırım / Eğitim - 3+1,12.000 TL
Osmangazi / Altıparmak - 2+1,12.250 TL
Nilüfer / Görükle - 1+1,13.000 TL
Gemlik - 3+1,13.000 TL
Nilüfer / Görükle - Stüdyo (1+0),12.000 TL
Osmangazi / Emek - 2+1,12.500 TL
Osmangazi - 2+1,13.500 TL
Yıldırım - 2+1,13.000 TL
Yıldırım / Emirsultan - 2+1,12.000 TL
Yıldırım / Ertuğrulgazi - 2+1,13.000 TL
Gemlik - 1+1,12.000 TL
Nilüfer / Görükle - 2+1,12.250 TL
Orhangazi - 3+1,13.500 TL
Nilüfer / Görükle - 2+1,13.500 TL
Osmangazi - 2+1,13.250 TL
Nilüfer / Görükle - 2+1,13.000 TL
Yıldırım / Yeşilyayla - 3+1,13.500 TL
İnegöl - 1+1,13.000 TL
Nilüfer / Görükle - 1+1,13.000 TL
Nilüfer / Görükle - 2+1,13.500 TL
Nilüfer / Görükle - 1+1,12.000 TL
Yıldırım / Yeşilyayla - 2+1,13.000 TL
İnegöl - 1+1,13.500 TL
Osmangazi / Altıparmak - 3+1,13.000 TL
Mudanya / Güzelyalı - 2+1,13.500 TL
Osmangazi / Altıparmak - 1+1,12.500 TL
Yıldırım - 2+1,13.500 TL
İnegöl / Alanyurt - 3+1,12.000 TL
Osmangazi / Altıparmak - 2+1,12.000 TL
Gemlik - 2+1,12.000 TL
Yıldırım / Hacıvat - 2+1,12.000 TL
Osmangazi / Kovukçınar - 2+1,13.500 TL
Nilüfer / Görükle - 2+1,13.000 TL
Yıldırım / Duaçınarı - 3+1,13.000 TL
Karacabey / Köyler - 1+1,13.000 TL
Nilüfer / Görükle - 2+1,12.500 TL
Yıldırım / Emirsultan - 2+1,12.000 TL
İnegöl - 2+1,13.000 TL
Nilüfer / Görükle - 1+1,13.000 TL
Gürsu - 3+1,13.000 TL
Nilüfer / Görükle - 1+1,12.000 TL
Nilüfer / Görükle - 1+1,13.500 TL
Osmangazi / Tayakadın - 2+1,12.500 TL
Osmangazi / Altıparmak - 2+1,13.000 TL
Yıldırım / Arabayatağı - 2+1,13.000 TL
Nilüfer / Görükle - 1+1,12.000 TL
Yıldırım / Ertuğrulgazi - 2+1,12.500 TL
Osmangazi / Altıparmak - 2+1,12.500 TL
Orhangazi - 3+1,12.000 TL
Nilüfer / Görükle - 1+1,13.500 TL
Gemlik - 2+1,12.000 TL
İnegöl - 1+1,12.000 TL
Gemlik - 3+1,13.000 TL
Nilüfer / Görükle - 2+1,12.000 TL
Nilüfer / Görükle - 2+1,12.000 TL
Gemlik - 2+1,12.500 TL
Osmangazi / Çekirge - 2+1,13.000 TL
Osmangazi / Emek - 2+1,13.000 TL
Orhaneli - 2+1,12.500 TL
Karacabey - 1+1,13.000 TL
Orhangazi - 1+1,12.500 TL
Nilüfer / Görükle - 1+1,12.000 TL
Nilüfer / Görükle - 1+1,12.000 TL
Osmangazi / Altıparmak - 3+1,13.500 TL
Gürsu - 2+1,12.000 TL
Osmangazi / Soğanlı - 2+1,12.500 TL
Gemlik - 2+1,13.000 TL
Yıldırım / Emirsultan - 2.5+1,12.000 TL
İnegöl - 2+1,12.000 TL
Osmangazi / Soğanlı - 2+1,12.000 TL
Yıldırım / Duaçınarı - 3+1,13.000 TL
Gemlik - 2+1,12.000 TL
Osmangazi - 1+1,12.000 TL
Nilüfer / Görükle - 2+1,12.000 TL
Nilüfer / Görükle - 1+1,12.000 TL
Nilüfer / Görükle - 2+1,13.250 TL
Yıldırım / Emirsultan - 2+1,13.000 TL
Osmangazi / Kovukçınar - 2+1,12.000 TL
Gürsu - 2+1,13.000 TL
Yıldırım / Emirsultan - 2+1,13.000 TL
Nilüfer / Akçalar - 1+1,13.000 TL
Nilüfer / Görükle - 2+0,12.000 TL
Nilüfer / Görükle - 1+1,13.000 TL
İnegöl - 2+1,13.000 TL
Nilüfer / Görükle - 2+1,12.000 TL
Nilüfer / Beşevler - 1+1,12.500 TL
Nilüfer / Görükle - 2+1,13.000 TL
Yıldırım / Emirsultan - 3+1,12.500 TL
Nilüfer / Görükle - 2+1,13.000 TL
Nilüfer / Görükle - 2+1,13.500 TL
Osmangazi / Bağlarbaşı - 1+1,13.000 TL
Nilüfer / Görükle - 2+1,13.500 TL
Osmangazi / Soğanlı - 2+1,13.000 TL
Osmangazi / Ovaakça - 3+1,12.000 TL
Osmangazi / Demirtaş - 2+1,12.000 TL
Nilüfer / Görükle - 1+1,12.000 TL
Nilüfer / Görükle - 1+1,12.000 TL
Nilüfer / Görükle - 1+1,13.000 TL
Yıldırım / Ertuğrulgazi - Stüdyo (1+0),13.000 TL
Nilüfer / Ataevler - Stüdyo (1+0),12.000 TL
Osmangazi / Bağlarbaşı - 1+1,13.000 TL
Nilüfer / Görükle - 2+1,13.000 TL
Nilüfer / Görükle - 1+1,13.000 TL
Nilüfer / Görükle - 2+1,13.500 TL
Nilüfer / Akçalar - 1+1,12.000 TL
Nilüfer / Görükle - 2+1,13.000 TL
İnegöl / Köyler - 3+1,12.000 TL
Mustafakemalpaşa - 1+1,13.000 TL
Osmangazi - 2+1,13.000 TL
Yıldırım / Yeşilyayla - 2+1,13.000 TL
Osmangazi / Maksem - 1+1,13.500 TL
Nilüfer / Görükle - 2+1,13.500 TL
Karacabey - 3+1,12.000 TL
Yıldırım / Hacıvat - 2+1,12.000 TL
Nilüfer / Görükle - 1+1,12.000 TL
Nilüfer / Merkez - 2+1,12.250 TL
Nilüfer / Görükle - 2+1,13.500 TL
Osmangazi / Altıparmak - 2+1,12.500 TL
Yıldırım / Duaçınarı - 3+1,12.500 TL
Nilüfer / Görükle - 1+1,13.600 TL
Nilüfer / Görükle - 1+1,13.000 TL
Mustafakemalpaşa - 2+1,13.000 TL
Mustafakemalpaşa - 2+1,12.500 TL
Nilüfer / Görükle - 2+1,13.000 TL
Nilüfer / Görükle - 2+1,12.000 TL
Osmangazi / Soğanlı - 1+1,12.000 TL
Nilüfer / Görükle - 2+1,13.000 TL
İnegöl - 2+1,12.000 TL
Mustafakemalpaşa - 2+1,12.000 TL
Nilüfer / Görükle - 1+1,13.000 TL
İnegöl / Alanyurt - 3+1,13.750 TL
İnegöl - 1+1,13.500 TL
Osmangazi / Ulucami - Stüdyo (1+0),13.000 TL
Nilüfer / Görükle - 1+1,13.000 TL
Osmangazi / Altıparmak - 2+1,12.000 TL
Yıldırım / Yeşilyayla - 2+1,12.000 TL
Osmangazi / Tayakadın - 1+1,12.000 TL
Yıldırım / Yeşilyayla - 2+1,12.000 TL
Nilüfer / Görükle - 2+1,13.000 TL
Osmangazi / Emek - 2+1,12.000 TL
Nilüfer / Görükle - 1+1,13.000 TL
Yıldırım / Emirsultan - 2+1,12.000 TL
Nilüfer / Görükle - 3+1,12.000 TL
Nilüfer / Görükle - 1+1,12.000 TL
Nilüfer / Görükle - 2+1,13.000 TL
Nilüfer / Görükle - 1+1,12.000 TL
Osmangazi / Soğanlı - 2+1,12.000 TL
Osmangazi / Emek - 2+1,12.500 TL
Nilüfer / Görükle - 1+1,13.500 TL
Osmangazi / Çekirge - 2+1,13.000 TL
Osmangazi / Altıparmak - 2+1,12.000 TL
İnegöl - 3+1,13.000 TL
Osmangazi / Çirişhane - 2+1,13.000 TL
Nilüfer / Görükle - 2+1,13.000 TL
Karacabey - 3+1,12.000 TL
Nilüfer / Görükle - 1+1,12.500 TL
Osmangazi / Tayakadın - 1+1,13.500 TL
Yıldırım / Emirsultan - 3+1,12.500 TL
İnegöl - 3+1,13.500 TL
Osmangazi / Maksem - 2+1,13.000 TL
Nilüfer / Görükle - 2+1,13.750 TL
Nilüfer / Görükle - 2+1,12.000 TL
Nilüfer / Görükle - 1+1,13.000 TL
Nilüfer / Görükle - 2+1,13.500 TL
Osmangazi / Altıparmak - 2+1,12.000 TL
Nilüfer / Görükle - 1+1,13.500 TL
Nilüfer / Görükle - 2+1,13.000 TL
İnegöl / Alanyurt - 1+1,13.000 TL
Osmangazi / Bağlarbaşı - 2+1,13.000 TL
Nilüfer / Görükle - 1+1,13.500 TL
Yıldırım / Eğitim - 2+1,13.500 TL
Nilüfer / Görükle - 2+1,13.500 TL
Osmangazi / Çirişhane - 2+1,12.000 TL
İnegöl - 3+1,13.000 TL
Yıldırım / Eğitim - 4+1,12.000 TL
Osmangazi - 2+1,13.250 TL
İnegöl - 1+1,12.500 TL
Yıldırım / Yeşilyayla - 3+1,13.500 TL
Nilüfer / Görükle - 2+0,12.000 TL
Nilüfer / Görükle - 2+1,12.000 TL
Nilüfer / Görükle - 2+1,12.000 TL
Nilüfer / Görükle - 2+1,13.000 TL
Osmangazi / Bağlarbaşı - 2+1,12.500 TL
Osmangazi / Çirişhane - 2+1,13.500 TL
Nilüfer / Görükle - 2+1,13.000 TL
Nilüfer / Görükle - 2+1,13.000 TL
Nilüfer / Görükle - 1+1,12.000 TL
Osmangazi / Demirtaş - 1+1,13.000 TL
Nilüfer / Görükle - 1+1,12.000 TL
Osmangazi - 2+1,13.000 TL
İnegöl - 3+1,12.000 TL
Osmangazi / Kovukçınar - 3+1,12.000 TL
İnegöl - 1+1,12.500 TL
Nilüfer / Görükle - 2+1,13.000 TL
Nilüfer / Görükle - 1+1,12.000 TL
Yıldırım / Emirsultan - 2+1,12.000 TL
Osmangazi / Demirtaş - 2+1,13.000 TL
Nilüfer / Görükle - 2+0,12.000 TL
Osmangazi / Demirtaş - 1+1,13.000 TL
Gemlik - 2+1,13.000 TL
Nilüfer / Görükle - 2+1,12.000 TL
Nilüfer / Görükle - 2+1,13.000 TL
Nilüfer / Görükle - 2+1,13.000 TL
Yıldırım / Eğitim - 2+1,13.000 TL
Nilüfer / Görükle - 1+1,13.000 TL
Yıldırım / Eğitim - 2+1,12.750 TL
Nilüfer / Görükle - 2+1,13.000 TL
Nilüfer / Görükle - 1+1,12.500 TL
Yıldırım / Yeşilyayla - 2+1,12.000 TL
Nilüfer / Merkez - 3+1,12.500 TL
Osmangazi / Çirişhane - 3+1,12.000 TL
Yıldırım / Emirsultan - 2+1,13.000 TL
Nilüfer / Görükle - 1+1,12.500 TL
İnegöl - 2+1,12.000 TL
Karacabey - 3+1,13.000 TL
Osmangazi / Soğanlı - 2+1,12.000 TL
Nilüfer / Görükle - 2+1,13.000 TL
Nilüfer / Görükle - 2+1,13.500 TL
Nilüfer / Görükle - 2+1,13.000 TL
Yıldırım / Emirsultan - 2+1,13.000 TL
Yıldırım / Eğitim - 2+1,13.000 TL
Osmangazi / Altıparmak - 2+1,12.000 TL
Nilüfer / Görükle - 1+1,12.750 TL
Osmangazi / Demirtaş - 2+1,13.000 TL
İnegöl - 1+1,13.000 TL
Gemlik - 2+1,13.000 TL
Nilüfer / Köyler - 2+1,12.500 TL
Nilüfer / Görükle - 2+1,13.000 TL
Osmangazi / Altıparmak - 2+1,12.000 TL
Nilüfer / Görükle - 2+0,13.000 TL
Yıldırım / Yeşilyayla - 2+1,12.000 TL
Yıldırım / Hacıvat - 2+1,13.000 TL
Gemlik - 2+1,13.000 TL
Gemlik - 3+1,12.000 TL
Yıldırım / Arabayatağı - 2+1,12.500 TL
Osmangazi / Tayakadın - 1+1,12.000 TL
Nilüfer / Görükle - 2+1,12.250 TL
Nilüfer / Görükle - 1+1,13.500 TL
Osmangazi - 1+1,13.750 TL
Nilüfer / Görükle - 1+1,13.500 TL
Osmangazi / Bağlarbaşı - 2+1,13.000 TL
İnegöl / Tahtaköprü - 2+1,13.500 TL
Yıldırım / Yeşilyayla - 2+1,12.500 TL
Nilüfer / Görükle - 2+1,13.500 TL
Gemlik - 2+1,13.000 TL
Keles - 2+1,13.000 TL
Yıldırım / Arabayatağı - 2+1,12.000 TL
Nilüfer / Görükle - 1+1,13.700 TL
Gemlik - 2+1,13.000 TL
Nilüfer / Görükle - 1+1,13.000 TL
İnegöl - 2+1,12.000 TL
Osmangazi / Kovukçınar - 2+1,13.000 TL
Nilüfer / Görükle - 2+1,13.000 TL
Nilüfer / Görükle - 1+1,12.500 TL
Yıldırım / Yeşilyayla - 2+1,13.000 TL
Yıldırım / Duaçınarı - 2+1,13.500 TL
Yıldırım / Ertuğrulgazi - 2+1,13.000 TL
Yıldırım / Yeşilyayla - 2+1,13.000 TL
Yıldırım / Ertuğrulgazi - 2.5+1,13.000 TL
Nilüfer / Görükle - 2+1,13.000 TL
Nilüfer / İhsaniye - 1+1,13.500 TL
Yıldırım / Ertuğrulgazi - 1+1,12.500 TL
Gemlik - 2+1,13.000 TL
Gemlik - 2+1,12.000 TL
Nilüfer / Görükle - 1+1,13.000 TL
Osmangazi / Emek - 3+1,13.500 TL
Yıldırım / Eğitim - 2+1,13.000 TL
Gemlik - 2+1,13.000 TL
Yıldırım - 2+1,13.000 TL
Mustafakemalpaşa - 2+1,13.000 TL
İnegöl - 1+1,12.000 TL
Yıldırım / Eğitim - 2+1,13.500 TL
Nilüfer / Görükle - 2+1,13.500 TL
Yıldırım / Hacıvat - 2+1,12.000 TL
Osmangazi / Demirtaş - 1+1,12.000 TL
Mustafakemalpaşa - 3+1,12.000 TL
Yıldırım / Eğitim - 2+1,12.000 TL
Nilüfer / Görükle - 1+1,12.000 TL
Gemlik - 2+1,12.500 TL
Gemlik - 2+1,12.000 TL
Nilüfer / Görükle - 1+1,12.000 TL
Nilüfer / Görükle - 2+1,12.000 TL
Nilüfer / Görükle - 1+1,12.000 TL
Yıldırım / Ertuğrulgazi - 2+1,13.000 TL
Nilüfer / Görükle - 1+1,12.000 TL
Osmangazi / Soğanlı - 3+1,13.000 TL
Yıldırım / Arabayatağı - 2+1,12.000 TL
Osmangazi / Emek - 2+1,12.500 TL
Nilüfer / Görükle - 1+1,12.500 TL
Yıldırım - 4+2,12.000 TL
İnegöl - 2+0,12.500 TL
Nilüfer / Görükle - 1+1,13.000 TL
Nilüfer / Görükle - 2+0,12.000 TL
Karacabey - 2+1,13.000 TL
Orhangazi - 2+1,12.500 TL
Nilüfer / Görükle - 4+2,12.500 TL
Nilüfer / Görükle - 2+1,13.000 TL
Nilüfer / Akçalar - 1+1,13.000 TL
Nilüfer / Görükle - 2+1,13.000 TL
Nilüfer / Görükle - 2+1,12.000 TL
Nilüfer / Görükle - 2+1,13.500 TL
Nilüfer / Görükle - 1+1,12.500 TL
Nilüfer / Görükle - 1+1,12.750 TL
Nilüfer / Görükle - 1+1,12.000 TL
Nilüfer / Görükle - 2+0,12.000 TL
Gürsu - 2+1,12.000 TL
Nilüfer / Görükle - 2+1,12.500 TL
Osmangazi - 2+1,13.000 TL
İnegöl - 2+1,13.500 TL
Yıldırım / Eğitim - 2+1,13.000 TL
Nilüfer / Görükle - 2+1,14.000 TL
Osmangazi - 3+1,14.500 TL
Osmangazi - 1+1,14.000 TL
Osmangazi / Demirtaş - 2+1,14.500 TL
İnegöl - 2+1,14.500 TL
Nilüfer / Görükle - 2+1,14.250 TL
Osmangazi / Altıparmak - 2+1,14.500 TL
Nilüfer / Görükle - 2+1,14.500 TL
İnegöl - 2+1,14.500 TL
Kestel - 2+1,14.000 TL
Osmangazi / Kovukçınar - 2+1,14.000 TL
Nilüfer / Görükle - 2+1,14.000 TL
Yıldırım / Yeşilyayla - 3+1,14.000 TL
Nilüfer / Görükle - 1+1,14.000 TL
Karacabey - 2+1,14.000 TL
Gemlik - 2+1,14.500 TL
Nilüfer / Görükle - 1+1,14.000 TL
Osmangazi / Kovukçınar - 3+1,14.000 TL
Nilüfer / Görükle - 2+1,14.000 TL
Yıldırım / Emirsultan - 2+1,14.000 TL
Nilüfer / Akçalar - 1+1,14.000 TL
Nilüfer / Görükle - 1+1,14.000 TL
Karacabey - 2+1,14.500 TL
Nilüfer / Görükle - 1+1,14.000 TL
Nilüfer / Görükle - 1+1,14.000 TL
Osmangazi / Maksem - 1+1,14.500 TL
Gemlik - 2+1,14.500 TL
Osmangazi / Altıparmak - 3+1,14.000 TL
İnegöl - 2+1,14.000 TL
Nilüfer / Görükle - 1+1,14.000 TL
Yıldırım / Emirsultan - 2+1,14.000 TL
Nilüfer / Görükle - 2+1,14.000 TL
Mudanya - 3+1,14.000 TL
Osmangazi - 2+1,14.500 TL
Nilüfer / Görükle - 1+1,14.000 TL
Nilüfer / Görükle - 2+1,14.000 TL
Nilüfer / Görükle - 2+1,14.500 TL
Yıldırım / Emirsultan - 2+1,14.000 TL
Nilüfer / Görükle - 2+1,14.000 TL
Osmangazi / Bağlarbaşı - 3+1,14.500 TL
Nilüfer / Görükle - 2+1,14.000 TL
Yıldırım / Ertuğrulgazi - 2+1,14.000 TL
Nilüfer / Görükle - 1+1,14.500 TL
Nilüfer / Görükle - 1+1,14.500 TL
Yıldırım - 2+1,14.000 TL
Nilüfer / Görükle - 2+1,14.750 TL
İnegöl / Tahtaköprü - 2+1,14.000 TL
Nilüfer / Görükle - 2+1,14.500 TL
Osmangazi - 2+1,14.000 TL
Nilüfer / Görükle - 2+1,14.000 TL
İnegöl / Köyler - 2+1,14.000 TL
Osmangazi / Kovukçınar - 2+1,14.000 TL
Nilüfer / Görükle - 2+1,14.000 TL
Nilüfer / Akçalar - 2+1,14.000 TL
Yıldırım / Eğitim - 2+1,14.000 TL
İnegöl / Tahtaköprü - 2+1,14.750 TL
Yıldırım / Arabayatağı - 2+1,14.000 TL
Nilüfer / Ataevler - 2+1,14.000 TL
Nilüfer / Görükle - 1+1,14.000 TL
Osmangazi - 2+1,14.500 TL
Osmangazi / Tayakadın - 2+1,14.000 TL
İnegöl / Köyler - 2+1,14.500 TL
Osmangazi / Kovukçınar - 2+1,14.000 TL
Osmangazi - 1+1,14.500 TL
Nilüfer / Görükle - 2+1,14.000 TL
Gemlik - 3+1,14.000 TL
Nilüfer / Beşevler - 1+1,14.000 TL
Nilüfer / Görükle - 1+1,14.000 TL
Nilüfer / Görükle - 2+1,14.000 TL
Nilüfer / Görükle - 2+1,14.000 TL
Osmangazi - 1+1,14.000 TL
Nilüfer / Görükle - 2+1,14.250 TL
Nilüfer / Görükle - 2+1,14.000 TL
Nilüfer / Görükle - 2+1,14.000 TL
Gemlik - 2+1,14.000 TL
Yıldırım / Emirsultan - 3+1,14.000 TL
Nilüfer / Köyler - 1+1,14.000 TL
Yıldırım / Ertuğrulgazi - 3+1,14.000 TL
Gemlik - 2+1,14.000 TL
Nilüfer / Görükle - 2+1,14.500 TL
Nilüfer / Görükle - 2+1,14.500 TL
Osmangazi / Çekirge - 2+1,14.000 TL
Osmangazi - 2+1,14.000 TL
Nilüfer / Merkez - 1+1,14.000 TL
Nilüfer / Görükle - 1+1,14.000 TL
Karacabey - 2+1,14.000 TL
Nilüfer / Görükle - 2+1,14.000 TL
Yıldırım / Eğitim - 3+1,14.000 TL
Karacabey - 3+1,14.000 TL
Nilüfer / Görükle - 2+1,14.999 TL
Gürsu - 2+1,14.000 TL
Yıldırım / Emirsultan - 2+1,14.900 TL
Osmangazi / Kovukçınar - 2+1,14.000 TL
Nilüfer / Görükle - 2+1,14.000 TL
Nilüfer / Görükle - 2+1,14.000 TL
İnegöl / Köyler - 2+1,14.000 TL
Gemlik - 3+1,14.000 TL
Nilüfer / Görükle - 1+1,14.000 TL
Kestel / Barakfaki - 2+1,14.000 TL
Nilüfer / Görükle - 2+1,14.000 TL
Nilüfer / Merkez - 2+1,14.000 TL
Nilüfer / Görükle - 1+1,14.000 TL
Nilüfer / Görükle - 2+0,14.000 TL
Osmangazi / Demirtaş - 2+1,14.000 TL
Yıldırım - 3+1,14.000 TL
Karacabey - 2+1,14.000 TL
Nilüfer / Görükle - 1+1,14.500 TL
Nilüfer / Görükle - 1+1,14.000 TL
Nilüfer / Görükle - 2+1,14.000 TL
Nilüfer / Görükle - 2+1,14.250 TL
Yıldırım - 1+1,14.000 TL
Gemlik - 3+1,14.000 TL
Gemlik - 2+1,14.250 TL
Osmangazi / Kovukçınar - 2+1,14.500 TL
Nilüfer / Görükle - 1+1,14.000 TL
Nilüfer / Görükle - 2+1,14.250 TL
Osmangazi - 2+1,14.000 TL
Osmangazi - 1+1,14.000 TL
Nilüfer / Görükle - 2+0,14.000 TL
Osmangazi / Altıparmak - 2+1,14.000 TL
Osmangazi / Altıparmak - 2+1,14.000 TL
Nilüfer / Görükle - 1+1,14.000 TL
Nilüfer / Görükle - 2+1,14.500 TL
Nilüfer / Görükle - 1+1,14.000 TL
Yıldırım - 2+1,14.000 TL
Orhangazi - 2+1,14.000 TL
Gürsu - 2+1,14.950 TL
Mustafakemalpaşa - 3+1,14.000 TL
İnegöl - 2+1,14.000 TL
Nilüfer / Görükle - 2+1,14.750 TL
Nilüfer / Merkez - 2+1,14.000 TL
Nilüfer / Görükle - 2+1,14.000 TL
Osmangazi / Bağlarbaşı - 3+1,14.000 TL
Yıldırım / Emirsultan - 2+1,14.000 TL
Osmangazi / Soğanlı - 3+1,14.500 TL
Nilüfer / Görükle - 2+1,14.750 TL
Nilüfer / Görükle - 2+1,14.000 TL
Nilüfer / Görükle - 1+1,14.500 TL
Nilüfer / Görükle - 2+1,14.000 TL
Nilüfer / Görükle - 2+1,14.000 TL
Nilüfer / Görükle - 2+1,14.500 TL
Nilüfer / Görükle - 2+1,14.500 TL
Mustafakemalpaşa - 1+1,14.000 TL
Nilüfer / Görükle - 2+1,14.000 TL
Nilüfer / Görükle - 2+1,14.500 TL
Gemlik - 3+1,14.000 TL
Nilüfer / Görükle - 1+1,14.000 TL
Osmangazi / Emek - 2+1,14.000 TL
Nilüfer / Görükle - 1+1,14.500 TL
Yıldırım / Esenevler - 2+1,14.000 TL
Yıldırım / Ertuğrulgazi - 2+1,14.000 TL
İnegöl / Alanyurt - 3+1,14.000 TL
İnegöl / Alanyurt - 1+1,14.250 TL
Osmangazi - 2+1,14.000 TL
Karacabey - 2+1,14.500 TL
Yıldırım / Eğitim - 2+1,14.000 TL
Nilüfer / Görükle - 1+1,14.000 TL
Gemlik / Köyler - 2+1,14.000 TL
Nilüfer / Görükle - 2+1,14.000 TL
Nilüfer / Görükle - 2+1,14.000 TL
İnegöl / Alanyurt - 3+1,14.000 TL
İnegöl - 2+1,14.000 TL
Yıldırım / Emirsultan - 2+1,14.000 TL
Nilüfer / Görükle - 2+1,14.000 TL
Nilüfer / Görükle - 2+1,14.000 TL
Yıldırım / Emirsultan - 2+1,14.000 TL
Nilüfer / Görükle - 2+1,14.000 TL
Nilüfer / Görükle - 2+1,14.000 TL
Osmangazi / Demirtaş - 2+1,14.000 TL
Orhangazi - 2+1,14.000 TL
Nilüfer / Görükle - 1+1,14.000 TL
Nilüfer / Görükle - 1+1,14.500 TL
Osmangazi / Altıparmak - 2+1,14.000 TL
Osmangazi / Tayakadın - 2+1,14.000 TL
Nilüfer / Görükle - 2+1,14.250 TL
Nilüfer / Görükle - 1+1,14.000 TL
Nilüfer / Görükle - 1+1,14.000 TL
Osmangazi / Emek - 2+1,14.500 TL
Nilüfer / Görükle - 1+1,14.000 TL
Nilüfer / Görükle - 2+1,14.000 TL
Kestel - 2+1,14.000 TL
Nilüfer / Görükle - 1+1,14.000 TL
Nilüfer / Görükle - 1+1,14.998 TL
Nilüfer / Görükle - 2+1,14.000 TL
Osmangazi / Çirişhane - 1+1,14.000 TL
Nilüfer / Görükle - 1+1,14.000 TL
Yıldırım / Duaçınarı - 4+1,14.000 TL
İnegöl - 1+1,14.000 TL
Gemlik - 3+1,14.500 TL
Orhangazi - 2+1,14.500 TL
Gemlik - 2+1,14.000 TL
Nilüfer / Görükle - 1+1,14.000 TL
Nilüfer / Görükle - 1+1,14.500 TL
Nilüfer / Görükle - 2+1,14.000 TL
Osmangazi / Demirtaş - 3+1,14.000 TL
Yıldırım - 2+1,14.500 TL
Nilüfer / Görükle - 1+1,14.000 TL
Osmangazi - 3+1,14.750 TL
Osmangazi / Demirtaş - 2+1,14.500 TL
Nilüfer / Görükle - 1+1,14.000 TL
Osmangazi - 2+1,14.000 TL
Yıldırım / Emirsultan - 1.5+1,14.000 TL
Yıldırım / Esenevler - 2+1,14.000 TL
Nilüfer / Görükle - 1+1,14.000 TL
Yıldırım / Duaçınarı - 3+0,14.000 TL
Osmangazi / Tayakadın - 2+1,14.500 TL
Osmangazi / Bağlarbaşı - 2+0,14.500 TL
Yıldırım / Ertuğrulgazi - 2+1,14.400 TL
Yıldırım / Emirsultan - 1+1,14.000 TL
İnegöl - 2+1,14.000 TL
Yenişehir - 1+1,14.500 TL
Yıldırım / Ertuğrulgazi - 2+1,14.000 TL
Gemlik - 2+1,14.500 TL
Yıldırım / Ertuğrulgazi - 3+1,14.000 TL
Osmangazi / Soğanlı - 3+1,14.000 TL
Nilüfer / Görükle - 1+1,14.000 TL
Nilüfer / Görükle - 1+1,14.500 TL
Nilüfer / Görükle - 2+1,14.000 TL
Gemlik - 2+1,14.000 TL
Nilüfer / Görükle - 2+1,14.500 TL
Osmangazi / Kovukçınar - 2+1,14.999 TL
İnegöl - 3+1,14.000 TL
Osmangazi / Çekirge - 2+1,14.000 TL
Nilüfer / Görükle - 1+1,14.000 TL
Yıldırım - 3+1,14.000 TL
Osmangazi / Kovukçınar - 2+1,14.000 TL
Nilüfer / Görükle - 2+1,14.000 TL
Osmangazi / Kovukçınar - 3+1,14.500 TL
Nilüfer / Görükle - 2+1,14.500 TL
Nilüfer / Görükle - 1+1,14.750 TL
Mustafakemalpaşa - 3+1,14.000 TL
Nilüfer / Görükle - 2+1,14.500 TL
Osmangazi / Maksem - 2+1,14.000 TL
Osmangazi / Emek - 2+1,14.000 TL
Gürsu - 2+1,14.000 TL
Yıldırım / Esenevler - 2+1,14.000 TL
Yıldırım / Ertuğrulgazi - 1+1,14.000 TL
Osmangazi / Kovukçınar - 2+1,14.000 TL
Gürsu - 2+1,14.000 TL
Nilüfer / Görükle - 2.5+1,14.000 TL
Karacabey - 2+1,14.000 TL
İnegöl / Tahtaköprü - 2+1,14.000 TL
Nilüfer / Görükle - 1+1,14.500 TL
Nilüfer / Görükle - 2+1,14.000 TL
Orhangazi - 2+1,14.000 TL
Nilüfer / Görükle - 2+1,14.000 TL
Osmangazi / Bağlarbaşı - 2+1,14.000 TL
Yıldırım - 2+1,14.000 TL
Nilüfer / Görükle - 2+1,14.000 TL
Yıldırım / Hacıvat - 3+1,14.000 TL
Yıldırım / Ertuğrulgazi - 2+1,14.000 TL
Osmangazi - 2+1,14.000 TL
Nilüfer / Görükle - 1+1,14.500 TL
Yıldırım / Emirsultan - 2+1,14.000 TL
Yıldırım / Yeşilyayla - 3+1,14.500 TL
Yıldırım / Arabayatağı - 2+1,14.500 TL
Gemlik - 3+1,14.000 TL
Yıldırım / Eğitim - 2.5+1,14.000 TL
Nilüfer / Görükle - 2+1,14.000 TL
Nilüfer / Görükle - 2+1,14.500 TL
Nilüfer / Görükle - 1+1,14.000 TL
Nilüfer / Görükle - 2+1,14.500 TL
Mudanya / Güzelyalı - 3+1,14.000 TL
Yıldırım / Emirsultan - 2+1,14.000 TL
Nilüfer / Görükle - 2+1,14.500 TL
Nilüfer / Görükle - 2+1,14.000 TL
Osmangazi / Çekirge - 2+1,14.500 TL
Mustafakemalpaşa - 1+1,14.500 TL
Nilüfer / Görükle - 1+1,14.500 TL
Nilüfer / Görükle - 1+1,14.000 TL
Nilüfer / Görükle - 2+1,14.500 TL
Nilüfer / Görükle - 1+1,14.250 TL
Nilüfer / Görükle - 1+1,14.000 TL
Yıldırım / Esenevler - 2+1,14.500 TL
Nilüfer / Görükle - 2+1,14.500 TL
Osmangazi - 2+1,14.500 TL
Nilüfer / Görükle - 2+1,15.000 TL
Nilüfer / Görükle - 3+1,15.000 TL
Nilüfer / Görükle - 2+0,15.000 TL
Nilüfer / Görükle - 1+1,15.000 TL
Osmangazi - 2+1,15.500 TL
Nilüfer / Görükle - 1+1,15.000 TL
Osmangazi - 2+1,15.000 TL
Yıldırım / Eğitim - 3+1,15.000 TL
Orhangazi - 2+1,15.000 TL
Nilüfer / Görükle - 1+1,15.000 TL
Nilüfer / Görükle - 1+1,15.000 TL
Nilüfer / Görükle - 1+1,15.000 TL
Mustafakemalpaşa - 3+1,15.000 TL
Yıldırım / Arabayatağı - 2+1,15.000 TL
Nilüfer / Görükle - 1+1,15.000 TL
Yıldırım / Emirsultan - 2+1,15.000 TL
Nilüfer / Görükle - 2+1,15.000 TL
Nilüfer / Görükle - 2+1,15.000 TL
Osmangazi / Emek - 2+1,15.000 TL
Osmangazi / Bağlarbaşı - 2+1,15.000 TL
Yıldırım / Emirsultan - 2+1,15.000 TL
Nilüfer / İhsaniye - 2+1,15.000 TL
Nilüfer / Beşevler - 1+1,15.000 TL
Mudanya / Güzelyalı - 2+1,15.000 TL
Osmangazi / Demirtaş - 1+1,15.000 TL
Osmangazi / Soğanlı - 2+1,15.000 TL
Osmangazi / Tayakadın - 3+1,15.000 TL
Nilüfer / Görükle - 2+1,15.000 TL
Orhangazi / Köyler - 3+1,15.000 TL
Osmangazi / Demirtaş - 2+1,15.000 TL
Nilüfer / Görükle - 1+1,15.000 TL
Nilüfer / Görükle - 2+1,15.000 TL
Osmangazi / Bağlarbaşı - 2+1,15.500 TL
Nilüfer / İhsaniye - 2+1,15.500 TL
Gemlik / Küçükkumla - 2+1,15.000 TL
Yıldırım / Yeşilyayla - 1+1,15.000 TL
Gemlik - 2+1,15.000 TL
Osmangazi / Tayakadın - 2+1,15.000 TL
Nilüfer / Köyler - 2+1,15.000 TL
İnegöl - 2+1,15.000 TL
Gemlik - 2+1,15.000 TL
Yıldırım / Yeşilyayla - 3+1,15.000 TL
Osmangazi / Bağlarbaşı - 2+1,15.000 TL
Osmangazi / Altıparmak - 2+1,15.000 TL
Osmangazi / Altıparmak - 2+1,15.000 TL
Yıldırım - 3+0,15.000 TL
İnegöl / Köyler - 3+1,15.000 TL
Yıldırım / Arabayatağı - 2+1,15.000 TL
Osmangazi / Soğanlı - 3+1,15.000 TL
Yıldırım / Emirsultan - 2+1,15.000 TL
Nilüfer / Görükle - 1+1,15.000 TL
Karacabey - 2+1,15.000 TL
Nilüfer / Görükle - 2+0,15.500 TL
Osmangazi / Çirişhane - 2+1,15.000 TL
Nilüfer / Görükle - 1+1,15.000 TL
Nilüfer / Merkez - Stüdyo (1+0),15.000 TL
Nilüfer / Görükle - 1+1,15.000 TL
Yenişehir - 2+1,15.000 TL
Osmangazi - 2+1,15.500 TL
Nilüfer / Görükle - 2+1,15.000 TL
Osmangazi / Kovukçınar - 2+1,15.000 TL
İnegöl - 1+1,15.000 TL
Nilüfer / Görükle - 2+1,15.000 TL
Nilüfer / Görükle - 2+1,15.500 TL
Karacabey - 3+1,15.000 TL
Yıldırım / Eğitim - 2+1,15.000 TL
Osmangazi / Bağlarbaşı - 2+1,15.000 TL
Nilüfer / Görükle - 2+1,15.000 TL
Gemlik - 2+1,15.000 TL
Osmangazi / Demirtaş - 1+1,15.000 TL
Yıldırım / Emirsultan - 1+1,15.000 TL
Gemlik - 2+1,15.000 TL
Osmangazi / Emek - 1+1,15.900 TL
Nilüfer / Görükle - 2+1,15.000 TL
İnegöl - 1+1,15.000 TL
Gemlik - 2+1,15.000 TL
Nilüfer / Görükle - 1+1,15.000 TL
Karacabey - 3+1,15.000 TL
Nilüfer / Görükle - 2+1,15.500 TL
Nilüfer / Görükle - 1+1,15.000 TL
Nilüfer / Görükle - 2+1,15.500 TL
Osmangazi / Altıparmak - 2+1,15.000 TL
Yıldırım / Emirsultan - 2+1,15.000 TL
Nilüfer / Merkez - 2+1,15.000 TL
Nilüfer / Görükle - 2+1,15.000 TL
Nilüfer / Görükle - 2+1,15.000 TL
Osmangazi / Kovukçınar - 2+1,15.000 TL
Yıldırım / Esenevler - 2+1,15.000 TL
Nilüfer / Görükle - 2+1,15.500 TL
Nilüfer / Görükle - 2+1,15.000 TL
İnegöl - 3+1,15.000 TL
Gemlik - 3+1,15.000 TL
Nilüfer / Görükle - 1+1,15.000 TL
Nilüfer / Görükle - 2+1,15.000 TL
Yıldırım / Emirsultan - 2+1,15.000 TL
Kestel - 2+0,15.000 TL
Yıldırım / Ertuğrulgazi - 2+1,15.000 TL
Osmangazi / Kovukçınar - 3+1,15.000 TL
İnegöl - 2+1,15.000 TL
Osmangazi - 1+1,15.500 TL
Karacabey - 2+1,15.000 TL
Yıldırım / Emirsultan - 2+1,15.000 TL
Nilüfer / Akçalar - 2+1,15.000 TL
Nilüfer / Görükle - 2+1,15.750 TL
Yıldırım / Ertuğrulgazi - 2+1,15.000 TL
İnegöl - 3+1,15.000 TL
Osmangazi / Altıparmak - 2+1,15.000 TL
Nilüfer / Görükle - 2+1,15.750 TL
Osmangazi / Çekirge - 2+1,15.000 TL
Yıldırım / Ertuğrulgazi - 2+1,15.000 TL
Nilüfer / Görükle - 2+1,15.000 TL
Yıldırım / Eğitim - 2+1,15.000 TL
Nilüfer / Görükle - 1+1,15.000 TL
Nilüfer / Görükle - 2+1,15.000 TL
Osmangazi / Köyler - 3+0,15.000 TL
Osmangazi / Bağlarbaşı - 2+1,15.500 TL
Osmangazi / Altıparmak - 2+1,15.000 TL
Nilüfer / Akçalar - 2+1,15.500 TL
Orhangazi - 2+1,15.000 TL
Nilüfer / Görükle - 2+1,15.500 TL
Nilüfer / Görükle - 1+1,15.000 TL
Osmangazi / Tayakadın - 3+1,15.000 TL
Nilüfer / Görükle - 2+1,15.500 TL
Yıldırım / Emirsultan - 3+2,15.000 TL
Gemlik - 3+1,15.000 TL
Osmangazi / Emek - 2+1,15.500 TL
Yıldırım / Emirsultan - 2+1,15.000 TL
Nilüfer / Görükle - 3+1,15.500 TL
Nilüfer / Akçalar - 2+1,15.500 TL
Yıldırım / Emirsultan - 3+1,15.000 TL
Nilüfer / Görükle - 1+1,15.000 TL
Yıldırım / Emirsultan - 1+1,15.000 TL
Yıldırım / Emirsultan - 2+1,15.000 TL
Gemlik - 3+1,15.000 TL
Yıldırım / Emirsultan - 2+1,15.000 TL
Osmangazi / Ulucami - 3+1,15.500 TL
Nilüfer / Görükle - 1+1,15.000 TL
Nilüfer / Görükle - 2+1,15.500 TL
Nilüfer / İhsaniye - 2+1,15.000 TL
İnegöl / Alanyurt - 2+1,15.000 TL
Yıldırım / Emirsultan - 2+1,15.000 TL
Nilüfer / Görükle - 1+1,15.550 TL
Osmangazi - 2+1,15.500 TL
Gürsu - 1+1,15.500 TL
Nilüfer / Görükle - 2+1,15.000 TL
Nilüfer / Görükle - 1+1,15.500 TL
Gemlik - 2+1,15.000 TL
Gürsu - 3+1,15.500 TL
Gürsu - 2+1,15.000 TL
Gemlik - 2+1,15.000 TL
Osmangazi / Demirtaş - 2+1,15.000 TL
İnegöl - 2+1,15.000 TL
Yıldırım / Emirsultan - 2+1,15.500 TL
Nilüfer / Görükle - 2+1,15.000 TL
Nilüfer / Görükle - 2+1,15.500 TL
Mustafakemalpaşa - 2+1,15.000 TL
Osmangazi / Demirtaş - 2+1,15.000 TL
Nilüfer / Görükle - 2+1,15.000 TL
Gemlik - 2+1,15.000 TL
Yıldırım / Yeşilyayla - 3+1,15.500 TL
Gemlik - 2+1,15.000 TL
Gemlik / Küçükkumla - 2+1,15.000 TL
Osmangazi / Altıparmak - 2+1,15.000 TL
Osmangazi / Tayakadın - 2+1,15.000 TL
Nilüfer / Görükle - 1+1,15.000 TL
Nilüfer / Görükle - 2+1,15.500 TL
Gemlik / Küçükkumla - 2+1,15.000 TL
Karacabey - 2+1,15.000 TL
Osmangazi / Tayakadın - 2+1,15.000 TL
Gemlik - 3+1,15.500 TL
Osmangazi / Tayakadın - 2+1,15.000 TL
Nilüfer / Merkez - 2+1,15.300 TL
Yıldırım / Eğitim - 2+1,15.000 TL
İnegöl - 2+1,15.000 TL
Nilüfer / Görükle - 2+1,15.500 TL
Nilüfer / Görükle - 2+1,15.000 TL
Osmangazi / Demirtaş - 4+1,15.000 TL
Gemlik / Küçükkumla - 2+1,15.000 TL
Nilüfer / Görükle - 2+1,15.000 TL
Mustafakemalpaşa - 2+1,15.500 TL
Nilüfer / Hasanağa - 2+1,15.000 TL
Nilüfer / Görükle - 1+1,15.000 TL
Nilüfer / Görükle - 2+1,15.000 TL
Gemlik - 2+1,15.000 TL
Nilüfer / Ertuğrul - Stüdyo (1+0),15.000 TL
Mustafakemalpaşa - 2+1,15.750 TL
Nilüfer / Görükle - 2+1,15.000 TL
Karacabey - 2+1,15.500 TL
Gemlik / Küçükkumla - 2+1,15.000 TL
Nilüfer / Görükle - 2+1,15.500 TL
Nilüfer / Görükle - 2+1,15.000 TL
Nilüfer / Görükle - 1+1,15.000 TL
Osmangazi / Ulucami - 1+1,15.000 TL
İnegöl - 2+1,15.000 TL
Osmangazi / Ulucami - 1+1,15.000 TL
Nilüfer / Görükle - 2+1,15.000 TL
Osmangazi / Emek - 3+1,15.000 TL
Nilüfer / Görükle - 1+1,15.000 TL
Mudanya / Güzelyalı - 1+1,15.000 TL
Nilüfer / Görükle - 1+1,15.500 TL
Osmangazi / Tayakadın - 2+1,15.000 TL
Nilüfer / Görükle - 2+1,15.000 TL
Nilüfer / Görükle - 2+1,15.000 TL
Nilüfer / Görükle - 2+1,15.000 TL
Nilüfer / Görükle - 1+1,15.000 TL
Gemlik - 3+1,15.000 TL
Nilüfer / Görükle - 1+1,15.000 TL
Yıldırım - Stüdyo (1+0),15.000 TL
Nilüfer / Görükle - 2+1,15.000 TL
Nilüfer / Görükle - 2+1,15.000 TL
Nilüfer / Görükle - 2+1,15.000 TL
Osmangazi / Emek - 2+1,15.000 TL
Osmangazi / Demirtaş - 1+1,15.000 TL
İnegöl - 2+1,15.000 TL
Osmangazi / Çirişhane - 2+1,15.000 TL
Gemlik - 2+1,15.000 TL
Osmangazi / Kovukçınar - 2+1,15.000 TL
Osmangazi / Emek - 2+1,15.000 TL
Osmangazi - 2+1,15.000 TL
Gemlik - 2+1,15.000 TL
Nilüfer / Görükle - 2+1,15.000 TL
Nilüfer / Kayapa - 2+1,15.000 TL
Nilüfer / Görükle - 2+1,15.000 TL
Yıldırım / Esenevler - 2+1,15.000 TL
Gemlik - 2+1,15.500 TL
İnegöl / Alanyurt - 1+1,15.000 TL
Gemlik - 3+1,15.500 TL
Nilüfer / Görükle - 2+1,15.000 TL
Osmangazi / Demirtaş - 2+1,15.000 TL
Nilüfer / Köyler - 1+1,15.500 TL
Yıldırım - 2+1,15.000 TL
Osmangazi / Çekirge - 2+1,15.000 TL
Osmangazi / Bağlarbaşı - 2+1,15.000 TL
Yıldırım / Ertuğrulgazi - 3+1,15.750 TL
Nilüfer / Görükle - 2+0,15.000 TL
Orhangazi - 2+1,15.000 TL
Osmangazi / Kovukçınar - 2+1,15.500 TL
Nilüfer / Görükle - 1+1,15.000 TL
Osmangazi / Maksem - 2+1,15.000 TL
Nilüfer / Görükle - 2+1,15.500 TL
Nilüfer / Hasanağa - 1+1,15.000 TL
Karacabey - 2+1,15.000 TL
Yıldırım / Duaçınarı - 3+1,15.000 TL
Nilüfer / Görükle - 2+1,15.500 TL
Yıldırım / Esenevler - 2+1,15.000 TL
Osmangazi / Maksem - 2+1,15.000 TL
Osmangazi / Çekirge - 3+1,15.000 TL
Yıldırım / Esenevler - 2+1,15.000 TL
Nilüfer / Akçalar - 1+1,15.000 TL
İnegöl / Alanyurt - 3+1,15.500 TL
Osmangazi / Tayakadın - 2+1,15.500 TL
Nilüfer / Görükle - 3+1,15.000 TL
Osmangazi / Ulucami - 2+1,15.000 TL
Nilüfer / Görükle - 2+1,15.000 TL
Nilüfer / Görükle - 2+1,15.000 TL
Osmangazi / Bağlarbaşı - 3+1,15.000 TL
Osmangazi - 2+1,15.000 TL
Nilüfer / İhsaniye - 2+1,15.500 TL
Osmangazi / Emek - 2+1,15.000 TL
Gemlik - 3+1,15.000 TL
Nilüfer / Köyler - 1+1,15.000 TL
Yıldırım / Ertuğrulgazi - 2+1,15.500 TL
Osmangazi / Tayakadın - 2+1,15.500 TL
Gemlik - 2+1,15.000 TL
Osmangazi / Emek - 2+1,15.750 TL
Kestel - 2+1,15.000 TL
Nilüfer / İhsaniye - 1+1,15.000 TL
Yıldırım / Hacıvat - 2+1,15.000 TL
Nilüfer / Görükle - 2+1,15.000 TL
Nilüfer / Görükle - 2+1,15.000 TL
Gemlik - 2+1,15.000 TL
Osmangazi / Altıparmak - 2+1,15.000 TL
Nilüfer / Köyler - 2+1,15.000 TL
Nilüfer / Görükle - 1+1,15.000 TL
Yıldırım / Ertuğrulgazi - 2+1,15.000 TL
Osmangazi / Çekirge - 2+1,15.000 TL
Yıldırım / Duaçınarı - 2+1,15.000 TL
Osmangazi / Bağlarbaşı - 2+1,15.500 TL
Nilüfer / Görükle - 1+1,15.000 TL
Nilüfer / Beşevler - 2+1,15.000 TL
Nilüfer / İhsaniye - 2+1,15.000 TL
Nilüfer / Beşevler - 2+1,15.000 TL
Nilüfer / Görükle - 2+1,15.000 TL
Osmangazi - 3+1,15.000 TL
Yıldırım / Duaçınarı - 1+1,15.000 TL
Yıldırım / Emirsultan - 2+1,15.000 TL
Gemlik - 3+1,15.000 TL
Gemlik - 3+1,15.000 TL
Osmangazi / Altıparmak - 3+1,15.000 TL
Yıldırım / Emirsultan - 2+1,15.000 TL
Nilüfer / Merkez - 1+1,15.000 TL
Nilüfer / Görükle - 2+1,15.000 TL
Nilüfer / Görükle - 2+1,15.000 TL
Gemlik / Küçükkumla - 1+1,15.000 TL
Gemlik - 3+1,15.000 TL
Yıldırım / Esenevler - 2+1,15.000 TL
Nilüfer / Beşevler - 2+1,15.000 TL
Nilüfer / Görükle - 2+1,15.000 TL
Osmangazi / Altıparmak - 2+1,15.000 TL
Nilüfer / Görükle - 2+1,15.250 TL
Mustafakemalpaşa - 2+1,15.000 TL
Yıldırım / Emirsultan - 3+1,15.000 TL
Nilüfer / Görükle - 3+1,15.000 TL
Gemlik - 3+1,15.000 TL
Gemlik - 3+1,15.000 TL
Nilüfer / Merkez - 1+1,15.500 TL
Nilüfer / Görükle - 2+1,15.500 TL
Yıldırım / Esenevler - 2+1,15.000 TL
Gemlik - 3+1,15.000 TL
Yıldırım / Esenevler - 2+1,15.000 TL
Yıldırım / Ertuğrulgazi - 2+1,15.000 TL
Yıldırım / Yeşilyayla - 2+1,15.000 TL
Nilüfer / Görükle - 1+1,15.000 TL
Osmangazi / Bağlarbaşı - 2+1,15.000 TL
Osmangazi / Tayakadın - 2.5+1,15.000 TL
Osmangazi / Kovukçınar - 2+1,15.000 TL
İnegöl - 2+1,15.500 TL
Osmangazi / Emek - 2+1,15.500 TL
Osmangazi / Demirtaş - 2+1,15.000 TL
Nilüfer / İhsaniye - 2+1,15.000 TL
Nilüfer / Görükle - 2+1,15.500 TL
Nilüfer / Görükle - 1+1,15.000 TL
Nilüfer / Görükle - 2+1,15.000 TL
Nilüfer / Görükle - 2+1,15.000 TL
Nilüfer / Görükle - 2+1,15.000 TL
Gemlik - 3+1,15.500 TL
Osmangazi - 2+1,15.500 TL
Nilüfer / Görükle - 2+1,15.000 TL
Nilüfer / Görükle - 2+1,15.000 TL
Nilüfer / Görükle - 2+1,15.000 TL
Osmangazi / Altıparmak - 2+1,15.000 TL
Nilüfer / Akçalar - 2+1,15.000 TL
Yıldırım / Ertuğrulgazi - 3+1,15.000 TL
Gemlik - 2+1,15.000 TL
Nilüfer / Görükle - 2+1,15.000 TL
Nilüfer / Görükle - 2+1,15.000 TL
Yıldırım / Emirsultan - 3+1,15.000 TL
Nilüfer / Görükle - 1+1,15.000 TL
Nilüfer / Görükle - 1+1,15.000 TL
Osmangazi / Bağlarbaşı - 2+1,15.000 TL
Nilüfer / Görükle - 1+1,15.000 TL
Yıldırım / Ertuğrulgazi - 2+1,15.000 TL
Osmangazi / Maksem - 4+1,15.000 TL
Nilüfer / Görükle - 1+1,15.000 TL
Nilüfer / Görükle - 2+1,15.250 TL
Osmangazi / Maksem - 2+1,15.000 TL
Yıldırım / Hacıvat - 2+1,15.000 TL
Nilüfer / Görükle - 2+1,15.000 TL
Yıldırım / Emirsultan - 2+1,15.000 TL
Yıldırım / Emirsultan - 2+1,15.000 TL
Gemlik - 1+1,15.000 TL
Nilüfer / Görükle - 2+1,15.400 TL
Nilüfer / Görükle - 1+1,15.500 TL
Osmangazi / Tayakadın - Stüdyo (1+0),15.000 TL
Osmangazi / Tayakadın - 2+1,15.000 TL
Gemlik - 3+1,15.500 TL
Osmangazi / Ulucami - Stüdyo (1+0),15.000 TL
İnegöl / Alanyurt - 2+1,15.000 TL
İnegöl - 2+1,15.000 TL
Nilüfer / Görükle - 2+1,15.000 TL
Osmangazi / Tayakadın - 2+1,15.000 TL
Nilüfer / Görükle - 1+1,15.000 TL
Osmangazi / Ulucami - 2+1,15.000 TL
Gürsu - 2+1,15.000 TL
Osmangazi / Altıparmak - 2+1,15.000 TL
Osmangazi / Emek - 2+1,15.000 TL
İnegöl / Tahtaköprü - 3+1,15.000 TL
Nilüfer / Görükle - 2+1,15.000 TL
Osmangazi / Tayakadın - 2+1,15.000 TL
İnegöl / Tahtaköprü - 2+1,15.000 TL
Osmangazi / Bağlarbaşı - 2+1,15.000 TL
Osmangazi - 3+1,15.000 TL
Nilüfer / Görükle - 2+1,15.000 TL
Nilüfer / Görükle - 2+1,15.000 TL
Yıldırım - 2+1,15.000 TL
Nilüfer / Görükle - 2+1,15.000 TL
Nilüfer / Görükle - 1+1,15.000 TL
Yıldırım / Esenevler - 3+1,15.000 TL
Yıldırım / Ertuğrulgazi - 3+1,15.000 TL
Nilüfer / Görükle - 2+1,15.000 TL
Yıldırım / Ertuğrulgazi - 3.5+1,15.000 TL
Osmangazi - 2+1,15.000 TL
Nilüfer / Görükle - 1+1,15.000 TL
Nilüfer / Görükle - 1+1,15.000 TL
Gemlik - Stüdyo (1+0),15.000 TL
Karacabey - 3+1,15.000 TL
Nilüfer / Görükle - 1+1,15.000 TL
Orhangazi - 2+1,15.000 TL
Nilüfer / Merkez - 2+1,15.000 TL
Osmangazi / Çirişhane - 2+1,15.000 TL
Osmangazi - 2+1,15.000 TL
Osmangazi / Çekirge - 2+1,15.000 TL
Osmangazi / Bağlarbaşı - 3+1,15.500 TL
Nilüfer / Görükle - 2+1,15.000 TL
Nilüfer / Görükle - 2+1,15.000 TL
Nilüfer / Görükle - 2+1,15.000 TL
Gemlik - 2+1,15.000 TL
Osmangazi - 2+1,15.000 TL
İnegöl - 2+1,15.000 TL
Orhangazi - 1+1,15.500 TL
Osmangazi - 2+1,15.000 TL
Yıldırım - 3.5+1,15.000 TL
Nilüfer / Görükle - 2+1,15.000 TL
Karacabey - 3+1,15.000 TL
Nilüfer / Görükle - 2+1,15.000 TL
Nilüfer / Görükle - 2+1,15.500 TL
Yıldırım - 3+1,15.500 TL
Yıldırım / Duaçınarı - 3+1,15.500 TL
Nilüfer / Görükle - 1+1,15.000 TL
Nilüfer / Görükle - 2+0,15.000 TL
Nilüfer / Görükle - 2+1,15.500 TL
Nilüfer / Görükle - 1+1,15.500 TL
Nilüfer / Görükle - 1+1,15.000 TL
Nilüfer / Görükle - 1+1,15.500 TL
Osmangazi / Kovukçınar - 3+1,15.000 TL
Osmangazi / Demirtaş - 2+1,15.500 TL
Yıldırım / Esenevler - 3+1,15.000 TL
Nilüfer / Görükle - 2+1,15.500 TL
Osmangazi / Maksem - 2+1,15.000 TL
Nilüfer / Görükle - 2+1,15.000 TL
Yıldırım / Emirsultan - 2+1,15.000 TL
Nilüfer / Görükle - 2+1,15.000 TL
Nilüfer / Görükle - 2+1,15.000 TL
Nilüfer / Görükle - 2+1,15.000 TL
Nilüfer / Görükle - 2+1,15.000 TL
Nilüfer / Görükle - 2+1,15.000 TL
Nilüfer / Görükle - 2+1,15.250 TL
Nilüfer / Görükle - 2+1,15.000 TL
Nilüfer / Görükle - 2+1,15.000 TL
İnegöl - 3+1,15.000 TL
Gemlik - 2+1,15.000 TL
Yıldırım - 2+1,15.000 TL
Karacabey - 3+1,15.000 TL
Nilüfer / Görükle - 2.5+1,15.000 TL
Yıldırım / Emirsultan - 2+1,15.000 TL
Osmangazi / Tayakadın - 3+1,15.000 TL
İnegöl / Köyler - 3+1,15.000 TL
Yıldırım / Arabayatağı - 3+1,15.000 TL
Yıldırım / Esenevler - 2+1,15.000 TL
İnegöl / Köyler - 3+1,15.000 TL
Nilüfer / Görükle - 2+1,15.500 TL
Gemlik - 3+1,15.000 TL
Gemlik - 2+1,15.000 TL
Osmangazi / Tayakadın - 3+1,15.000 TL
Nilüfer / Görükle - 2+1,15.000 TL
Nilüfer / Görükle - 2+1,15.000 TL
Osmangazi / Ulucami - 2+1,15.500 TL
Yıldırım - 2+1,15.500 TL
Gemlik - 1+1,15.000 TL
İnegöl - 2+1,15.000 TL
Yıldırım / Duaçınarı - 3+1,15.000 TL
Nilüfer / Görükle - 2+1,15.000 TL
Nilüfer / Görükle - 2+1,15.500 TL
Osmangazi / Kovukçınar - 2+1,15.000 TL
Osmangazi - 2+1,15.000 TL
Nilüfer / Beşevler - 3+1,15.000 TL
Nilüfer / Görükle - 1+1,15.000 TL
İnegöl / Alanyurt - 3+1,15.500 TL
Yıldırım / Ertuğrulgazi - 2+1,15.000 TL
Gemlik - 1+1,15.000 TL
İnegöl - 2+1,15.000 TL
Nilüfer / Görükle - 1+1,15.000 TL
Osmangazi / Çirişhane - 2+1,15.000 TL
Osmangazi - 2+1,15.000 TL
Nilüfer / Görükle - 2+1,15.000 TL
Karacabey - 2+1,15.000 TL
Nilüfer / Köyler - 1+1,15.500 TL
İnegöl - 3+1,15.000 TL
Gemlik - 2+1,15.000 TL
Nilüfer / Görükle - 2+1,15.000 TL
Yenişehir / Köyler - 3+1,15.000 TL
Osmangazi / Kovukçınar - 3+1,15.500 TL
Yıldırım / Eğitim - 3+1,15.000 TL
Gemlik - 2+1,15.000 TL
Mustafakemalpaşa - 2+1,15.500 TL
Osmangazi - 2+1,15.000 TL
Nilüfer / Akçalar - 2+1,15.500 TL
Nilüfer / Merkez - 2+1,15.000 TL
İnegöl - 3+1,15.000 TL
Osmangazi / Kovukçınar - 2.5+1,15.000 TL
İnegöl / Alanyurt - 2+1,15.000 TL
Osmangazi - 2+1,15.500 TL
Nilüfer / Görükle - 1+1,15.000 TL
Nilüfer / Merkez - 1+1,15.000 TL
Yıldırım / Yeşilyayla - 2+1,15.000 TL
İnegöl - 2+1,15.500 TL
İnegöl / Alanyurt - 3+1,15.000 TL
Osmangazi / Çirişhane - 3+1,15.000 TL
Nilüfer / Görükle - 1+1,15.000 TL
Osmangazi / Kovukçınar - 3+1,15.000 TL
Osmangazi / Kovukçınar - 3+1,15.000 TL
İnegöl / Köyler - 1+1,15.000 TL
İnegöl / Alanyurt - 3+1,15.000 TL
Osmangazi / Soğanlı - 3+1,15.000 TL
Nilüfer / Görükle - 1+1,15.000 TL
Nilüfer / Görükle - 2+1,15.000 TL
Yıldırım / Eğitim - 2+1,15.000 TL
Yıldırım / Emirsultan - 2+1,15.000 TL
Yenişehir - 3+1,15.000 TL
Gemlik - 3+1,15.500 TL
Mustafakemalpaşa - 2+1,15.000 TL
Yıldırım / Eğitim - 2+1,15.000 TL
Osmangazi - 1+1,15.500 TL
Orhangazi - 2+1,15.000 TL
Yıldırım / Ertuğrulgazi - 3+1,15.000 TL
Osmangazi - 3+1,15.500 TL
Nilüfer / Beşevler - 1+1,15.000 TL
Gemlik - 2+1,15.500 TL
Nilüfer / Görükle - 1+1,15.000 TL
İnegöl - 2+0,15.000 TL
Nilüfer / Görükle - 2+1,15.500 TL
Nilüfer / Görükle - 1+1,15.000 TL
Karacabey - 3+1,15.000 TL
Nilüfer / Görükle - 2+1,15.000 TL
Karacabey - 2+1,15.500 TL
Yıldırım / Eğitim - 2+1,15.750 TL
Nilüfer / Görükle - 1+1,15.000 TL
Osmangazi / Çekirge - 2+1,15.000 TL
Nilüfer / Görükle - 2+1,15.000 TL
Gemlik - 2+1,15.000 TL
İnegöl / Tahtaköprü - 2+1,15.000 TL
Mustafakemalpaşa - 3+1,15.000 TL
Orhangazi - 2+1,15.000 TL
Yıldırım / Yeşilyayla - 3+1,15.000 TL
Osmangazi / Bağlarbaşı - 2+1,15.500 TL
Osmangazi / Altıparmak - 2+1,15.000 TL
Nilüfer / Akçalar - 2+1,15.000 TL
Osmangazi / Demirtaş - 1+1,15.500 TL
Osmangazi - 2+1,15.000 TL
Osmangazi / Çekirge - 1+1,15.000 TL
Nilüfer / Görükle - 2+1,15.000 TL
Yıldırım / Emirsultan - 2+1,15.000 TL
Gemlik - 3+1,15.000 TL
Nilüfer / Görükle - 2+1,15.000 TL
Yıldırım / Eğitim - 2+1,15.500 TL
Nilüfer / Görükle - 2+1,15.000 TL
Osmangazi / Bağlarbaşı - 3+1,15.500 TL
Gemlik - Stüdyo (1+0),15.000 TL
Gemlik - 2+1,15.500 TL
Yıldırım / Ertuğrulgazi - 2+1,15.000 TL
Gemlik - 3+1,15.000 TL
Orhangazi - 2+1,15.000 TL
Yıldırım / Hacıvat - 2.5+1,15.000 TL
Nilüfer / Görükle - 2+1,15.000 TL
Karacabey - 3+1,15.000 TL
Nilüfer / Görükle - 2+1,15.000 TL
Nilüfer / Görükle - 2+1,15.000 TL
Nilüfer / Görükle - 1+1,15.000 TL
Nilüfer / Görükle - 2+1,15.000 TL
Osmangazi / Altıparmak - 2+1,15.500 TL
Nilüfer / Görükle - 2+1,15.500 TL
Gemlik - 3+1,15.000 TL
Osmangazi / Tayakadın - 2.5+1,15.000 TL
Osmangazi / Emek - 2+1,15.000 TL
Nilüfer / Görükle - 2+1,15.000 TL
Osmangazi / Bağlarbaşı - 3+1,15.500 TL
Nilüfer / Görükle - 2+1,15.000 TL
Osmangazi / Bağlarbaşı - 3+1,15.500 TL
Osmangazi - 2+1,15.500 TL
Gemlik - 3+1,15.000 TL
Osmangazi / Bağlarbaşı - 3+1,15.000 TL
Gemlik - 2+1,15.000 TL
Gemlik - 3+1,15.000 TL
Yıldırım / Duaçınarı - 2+1,15.500 TL
İnegöl - 2+1,15.500 TL
Osmangazi / Kovukçınar - 3+1,15.000 TL
Gemlik / Köyler - 2+1,15.500 TL
Nilüfer / Görükle - 1+1,15.000 TL
Nilüfer / Görükle - 2+1,15.250 TL
Gemlik - 2+1,15.000 TL
Gemlik - 1+1,15.000 TL
İnegöl - 1+1,15.000 TL
Nilüfer / Görükle - 2+1,15.000 TL
Nilüfer / Görükle - 1+1,15.000 TL
Nilüfer / Görükle - 2+1,15.000 TL
Nilüfer / Görükle - 2+1,15.000 TL
Gemlik - 3+1,15.000 TL
Nilüfer / Görükle - 2+1,15.000 TL
Nilüfer / Görükle - 2+1,15.000 TL
Gemlik - 3+1,15.000 TL
Osmangazi / Emek - 2+1,15.500 TL
Nilüfer / Görükle - 1+1,15.000 TL
Nilüfer / Görükle - 2+1,15.000 TL
Gemlik - 2+1,15.000 TL
Nilüfer / Görükle - 2+1,15.000 TL
Nilüfer / Görükle - 2+1,15.000 TL
Nilüfer / Görükle - 2+1,15.500 TL
Osmangazi / Altıparmak - 3+1,15.000 TL
Nilüfer / Görükle - 1+1,15.000 TL
Osmangazi / Altıparmak - 3+1,15.000 TL
Nilüfer / Görükle - 2+1,15.000 TL
Nilüfer / Görükle - 2+1,15.000 TL
Nilüfer / Görükle - 1+1,16.000 TL
Nilüfer / Görükle - 2+1,16.000 TL
Nilüfer / Görükle - 2+1,16.000 TL
Osmangazi / Kovukçınar - 2+1,16.000 TL
Gemlik - 2+1,16.000 TL
Yıldırım / Yeşilyayla - 2+1,16.000 TL
Yıldırım / Hacıvat - 2+1,16.000 TL
Nilüfer / Görükle - 2+1,16.000 TL
Nilüfer / Görükle - 1+1,16.000 TL
Yıldırım / Hacıvat - 1+1,16.000 TL
Gemlik - 3+1,16.000 TL
Nilüfer / Görükle - 1+1,16.000 TL
Nilüfer / Akçalar - 2+1,16.000 TL
Nilüfer / Görükle - 2+1,16.500 TL
Gemlik - 3+1,16.000 TL
Osmangazi / Kovukçınar - 3+1,16.250 TL
Yıldırım / Emirsultan - 4+1,16.000 TL
Osmangazi / Kovukçınar - 3+1,16.750 TL
Nilüfer / Görükle - 2+1,16.000 TL
Yıldırım / Esenevler - 2+1,16.000 TL
Yıldırım - 2+1,16.500 TL
Yıldırım / Emirsultan - 2+1,16.000 TL
Gürsu - 2+1,16.500 TL
Yıldırım / Emirsultan - 2+1,16.500 TL
Gemlik - 3+1,16.000 TL
Mustafakemalpaşa - 2+1,16.000 TL
İnegöl / Alanyurt - 2+1,16.000 TL
Gemlik - 2+1,16.000 TL
Osmangazi / Kovukçınar - 3+1,16.000 TL
Nilüfer / Görükle - 2+1,16.000 TL
Gemlik - 3+1,16.000 TL
Nilüfer / Görükle - 1+1,16.000 TL
Nilüfer / Merkez - 2+1,16.000 TL
Mustafakemalpaşa - 2+1,16.000 TL
Nilüfer / Görükle - 2+1,16.000 TL
Osmangazi / Soğanlı - 3+1,16.500 TL
İnegöl / Köyler - 1+1,16.500 TL
Gürsu - 2+1,16.500 TL
Nilüfer / Görükle - 1+1,16.000 TL
Gemlik - 2+1,16.000 TL
Nilüfer / Görükle - 2+1,16.750 TL
Yıldırım / Emirsultan - 2+1,16.250 TL
Nilüfer / Görükle - 2+1,16.000 TL
Nilüfer / Görükle - 2+1,16.000 TL
Mudanya / Güzelyalı - 2+1,16.500 TL
Nilüfer / Görükle - 2+1,16.000 TL
Nilüfer / Görükle - 2+1,16.000 TL
Nilüfer / Merkez - 1+1,16.000 TL
Nilüfer / Görükle - 2+1,16.500 TL
Osmangazi / Ulucami - 2+1,16.500 TL
Osmangazi / Çirişhane - 3.5+1,16.500 TL
Yıldırım / Hacıvat - 1+1,16.250 TL
Nilüfer / Görükle - 2+1,16.450 TL
Nilüfer / Görükle - 2+0,16.500 TL
Osmangazi - 2+1,16.000 TL
Gürsu - 2+1,16.750 TL
Yıldırım / Emirsultan - 2+1,16.500 TL
Osmangazi - 2+1,16.000 TL
Osmangazi - 2+1,16.000 TL
Nilüfer / Ataevler - 3+1,16.000 TL
Nilüfer / Görükle - 1+1,16.000 TL
Nilüfer / Görükle - 2+1,16.500 TL
Osmangazi / Çirişhane - 3+1,16.000 TL
Osmangazi / Maksem - 2+1,16.000 TL
Yıldırım / Emirsultan - 2+1,16.000 TL
Gemlik - 3+1,16.000 TL
Nilüfer / Görükle - 2+1,16.000 TL
Nilüfer / Görükle - 2+1,16.500 TL
Osmangazi / Çekirge - 2+1,16.000 TL
Nilüfer / Görükle - 1+1,16.000 TL
Osmangazi / Tayakadın - 3+1,16.000 TL
Yıldırım / Yeşilyayla - 2+1,16.000 TL
Osmangazi / Çirişhane - 2+1,16.250 TL
Nilüfer / Merkez - 2+1,16.000 TL
Osmangazi / Bağlarbaşı - 2+1,16.500 TL
Osmangazi / Demirtaş - 2+1,16.000 TL
Nilüfer / Görükle - 2+1,16.000 TL
Karacabey - 2+1,16.000 TL
Nilüfer / Akçalar - 2.5+1,16.000 TL
Karacabey - 3+1,16.250 TL
Yıldırım / Ertuğrulgazi - 2+1,16.000 TL
Osmangazi / Tayakadın - 2+1,16.000 TL
Osmangazi / Demirtaş - 2+1,16.750 TL
Nilüfer / Görükle - 2+1,16.000 TL
Nilüfer / Görükle - 2+1,16.000 TL
Orhangazi - 2+1,16.000 TL
İnegöl / Alanyurt - 1+1,16.500 TL
Nilüfer / Görükle - 2+1,16.500 TL
Osmangazi - 2+1,16.000 TL
Nilüfer / Görükle - 2+1,16.000 TL
Osmangazi / Altıparmak - 2+1,16.000 TL
Nilüfer / Görükle - 1+1,16.000 TL
Nilüfer / Görükle - 2+1,16.000 TL
Osmangazi / Emek - 2+1,16.500 TL
Nilüfer / Akçalar - 2+1,16.500 TL
Yıldırım / Emirsultan - 2+1,16.800 TL
Nilüfer / Görükle - 2+1,16.000 TL
Nilüfer / Görükle - 2+1,16.500 TL
Mustafakemalpaşa - 1+1,16.000 TL
Yıldırım / Hacıvat - 2+1,16.000 TL
Osmangazi / Bağlarbaşı - 2+1,16.000 TL
Yıldırım / Hacıvat - 2+1,16.500 TL
Nilüfer / Görükle - 2+1,16.000 TL
Gürsu - 2+1,16.500 TL
Osmangazi / Çekirge - 3+1,16.000 TL
Nilüfer / Görükle - 1+1,16.500 TL
Nilüfer / Görükle - 2+1,16.000 TL
Nilüfer / Görükle - 2+1,16.000 TL
İnegöl - 2+1,16.500 TL
Nilüfer / Görükle - 2+1,16.000 TL
Nilüfer / Görükle - 3+1,16.000 TL
Osmangazi / Çekirge - 2+1,16.000 TL
Yıldırım / Ertuğrulgazi - 3+1,16.250 TL
İnegöl / Alanyurt - 1+1,16.500 TL
Nilüfer / Görükle - 2+1,16.000 TL
Gürsu - 3+1,16.000 TL
Yıldırım / Esenevler - 2+1,16.000 TL
Orhangazi - 2+1,16.000 TL
Yıldırım / Yeşilyayla - 3+1,16.500 TL
Osmangazi / Emek - 3+1,16.000 TL
Yıldırım / Yeşilyayla - 2+1,16.000 TL
Nilüfer / Görükle - 2+1,16.000 TL
Nilüfer / Görükle - 2+1,16.000 TL
Kestel - 2+1,16.000 TL
İnegöl / Alanyurt - 3+1,16.500 TL
Nilüfer / Görükle - 2+1,16.500 TL
Nilüfer / Görükle - 2+1,16.500 TL
Nilüfer / Görükle - 2+1,16.000 TL
Gemlik - 3+1,16.500 TL
Nilüfer / Görükle - 2+1,16.500 TL
Osmangazi - 3+1,16.000 TL
Nilüfer / Görükle - 2+1,16.000 TL
Mudanya / Köyler - 1+1,16.000 TL
Nilüfer / Görükle - 2+1,16.000 TL
Osmangazi / Soğanlı - 2+1,16.000 TL
Nilüfer / Köyler - 2+1,16.500 TL
Nilüfer / İhsaniye - 2+1,16.500 TL
Nilüfer / Görükle - 2+1,16.500 TL
Osmangazi - 2+1,16.000 TL
İnegöl - 3+1,16.500 TL
Gemlik - 3+1,16.000 TL
Osmangazi / Kovukçınar - 2+1,16.000 TL
Nilüfer / Görükle - 2+1,16.000 TL
Nilüfer / Görükle - 1+1,16.000 TL
Gürsu - 3+1,16.000 TL
Gemlik - 3+1,16.000 TL
Osmangazi - 2+1,16.000 TL
Nilüfer / Görükle - 2+1,16.400 TL
İnegöl - 3+1,16.000 TL
Osmangazi / Emek - 2+1,16.750 TL
Nilüfer / Görükle - 1+1,16.000 TL
Yıldırım / Eğitim - 2+1,16.000 TL
Osmangazi / Bağlarbaşı - 2+1,16.000 TL
Nilüfer / Görükle - 2+1,16.500 TL
Osmangazi / Demirtaş - 2+1,16.000 TL
Osmangazi / Altıparmak - 2+1,16.000 TL
Mustafakemalpaşa - 1+1,16.000 TL
Nilüfer / Görükle - 1+1,16.000 TL
Nilüfer / Görükle - 2+1,16.000 TL
Yıldırım / Ertuğrulgazi - 2+1,16.000 TL
Gemlik - 2+1,16.000 TL
Mustafakemalpaşa - 3+1,16.000 TL
Karacabey - 2+1,16.500 TL
Osmangazi / Altıparmak - 3+1,16.000 TL
Osmangazi / Çekirge - 2+1,16.000 TL
İnegöl - 2+1,16.000 TL
Osmangazi / Altıparmak - 2+1,16.500 TL
Orhangazi - 2+1,16.000 TL
Osmangazi - 2+1,16.000 TL
Nilüfer / Görükle - 2+1,16.000 TL
Gürsu - 2+1,16.000 TL
Mustafakemalpaşa - 2+1,16.000 TL
Orhangazi - 2+1,16.000 TL
Nilüfer / Görükle - 2+1,16.000 TL
Yıldırım / Emirsultan - 2+1,16.500 TL
Yıldırım / Duaçınarı - 2+1,16.500 TL
Nilüfer / Akçalar - 2+1,16.000 TL
Osmangazi / Emek - 2+1,16.500 TL
Nilüfer / Görükle - 1+1,16.000 TL
Yıldırım / Emirsultan - 2+1,16.000 TL
Nilüfer / Görükle - 2+1,16.000 TL
Osmangazi / Çekirge - 1+1,16.500 TL
İnegöl - 3+1,16.000 TL
Nilüfer / Görükle - 2+1,16.500 TL
Nilüfer / Görükle - 2+0,16.000 TL
Osmangazi / Soğanlı - 3+1,16.000 TL
Osmangazi / Altıparmak - 2+1,16.000 TL
Nilüfer / Görükle - 2+1,16.000 TL
Yıldırım / Ertuğrulgazi - 2+1,16.000 TL
Nilüfer / Görükle - 2+1,16.000 TL
İnegöl / Alanyurt - 1+1,16.500 TL
Nilüfer / Görükle - 2+1,16.500 TL
Nilüfer / Görükle - 2+1,16.000 TL
İznik - 1+1,16.000 TL
Nilüfer / Görükle - 2+1,16.000 TL
Mustafakemalpaşa - 1+1,16.000 TL
Karacabey - 1+1,16.000 TL
Osmangazi / Kovukçınar - 3+1,16.000 TL
Nilüfer / Görükle - 2+1,16.000 TL
Nilüfer / Görükle - 2+1,16.500 TL
Osmangazi / Ulucami - 2+1,16.000 TL
Yıldırım / Eğitim - 2+1,16.000 TL
Gemlik / Küçükkumla - 2+1,16.500 TL
Osmangazi - 3+1,16.000 TL
Nilüfer / Görükle - 2+1,16.500 TL
İnegöl / Alanyurt - 3+1,16.000 TL
Gemlik - 2+1,16.500 TL
İnegöl - 1+1,16.500 TL
Nilüfer / Görükle - 2+1,16.000 TL
Nilüfer / Merkez - 2+1,16.500 TL
Osmangazi / Kovukçınar - 3+1,16.000 TL
Osmangazi / Altıparmak - 2+1,16.000 TL
Nilüfer / Merkez - 1+1,16.000 TL
Nilüfer / Görükle - 1+1,16.000 TL
Osmangazi / Bağlarbaşı - 2+1,16.500 TL
İnegöl / Alanyurt - 3+1,16.000 TL
Nilüfer / Görükle - 2+1,16.000 TL
Karacabey - 2+1,16.000 TL
Osmangazi - 2+1,16.000 TL
Yıldırım - 2+1,16.500 TL
Nilüfer / Görükle - 2+1,16.000 TL
Nilüfer / Merkez - 3+0,16.000 TL
Nilüfer / Görükle - 2+1,16.250 TL
Nilüfer / Görükle - 2+1,16.000 TL
Nilüfer / İhsaniye - 3+1,16.500 TL
Yıldırım / Ertuğrulgazi - 3+1,16.000 TL
Nilüfer / Görükle - 2+1,16.000 TL
Mustafakemalpaşa - 1+1,16.000 TL
Nilüfer / Görükle - 1+1,16.000 TL
Yıldırım / Ertuğrulgazi - 2+1,16.000 TL
Osmangazi / Kovukçınar - 2+1,16.000 TL
Nilüfer / Görükle - 2+1,16.000 TL
Nilüfer / Görükle - 2+1,16.000 TL
Karacabey - 3+1,16.000 TL
Nilüfer / Görükle - 2+1,16.000 TL
Nilüfer / Görükle - 2+1,16.500 TL
İnegöl / Alanyurt - 3+1,16.000 TL
Yıldırım / Arabayatağı - 3+1,16.000 TL
Nilüfer / Görükle - 1+1,16.500 TL
Osmangazi / Kovukçınar - 3+1,16.000 TL
Osmangazi / Emek - 3+1,16.000 TL
Osmangazi - 2+1,16.000 TL
Yıldırım / Yeşilyayla - 2+1,16.500 TL
Nilüfer / Görükle - 2+1,16.000 TL
Nilüfer / Görükle - 2+1,16.000 TL
İnegöl - 2+1,16.500 TL
Nilüfer / Görükle - 2+1,16.500 TL
Orhangazi - 1+1,16.900 TL
Yıldırım / Yeşilyayla - 3+1,16.000 TL
Nilüfer / Beşevler - 1+1,16.000 TL
Yıldırım - 2+1,16.500 TL
Nilüfer / Görükle - 2+1,16.000 TL
Nilüfer / Görükle - 2+1,16.000 TL
Nilüfer / Görükle - 2+1,16.000 TL
Osmangazi / Bağlarbaşı - 3+1,16.500 TL
Osmangazi / Emek - 3+1,16.000 TL
Nilüfer / Akçalar - 2+1,16.500 TL
Gemlik - 2+1,16.000 TL
Nilüfer / Görükle - 1+1,16.000 TL
İnegöl - 3+1,16.000 TL
Osmangazi / Bağlarbaşı - 3+1,16.000 TL
Nilüfer / Merkez - 2+1,16.500 TL
Kestel - 2+1,16.000 TL
Nilüfer / Merkez - 2+1,16.000 TL
Nilüfer / Görükle - 1+1,16.000 TL
Nilüfer / Merkez - 1+1,16.000 TL
Osmangazi / Çirişhane - 2+1,16.000 TL
Yıldırım / Emirsultan - 2+1,16.000 TL
Kestel - 2+1,16.000 TL
Osmangazi / Tayakadın - 2+1,16.000 TL
Osmangazi / Çekirge - 3+1,16.250 TL
Yıldırım / Esenevler - 2+1,16.000 TL
Osmangazi / Emek - 2+1,16.000 TL
Osmangazi / Altıparmak - 2+1,16.000 TL
Nilüfer / Görükle - 2+1,16.000 TL
Osmangazi - 2+1,16.000 TL
Nilüfer / Görükle - 2+1,16.500 TL
Nilüfer / Görükle - 1+1,16.000 TL
Nilüfer / Görükle - 2+1,16.500 TL
İnegöl - 3+1,16.000 TL
İnegöl - 3+1,16.000 TL
Nilüfer / Merkez - 2+1,16.000 TL
Osmangazi / Çekirge - 2+1,16.500 TL
Osmangazi / Kovukçınar - 3+1,16.500 TL
Nilüfer / Görükle - 1+1,16.000 TL
Nilüfer / Akçalar - 2+1,16.000 TL
Osmangazi / Kovukçınar - 3+1,16.000 TL
Nilüfer / Görükle - 1+1,16.500 TL
Mustafakemalpaşa - 1+1,16.000 TL
Kestel - 2+1,16.000 TL
Nilüfer / Görükle - 2+1,16.000 TL
Nilüfer / Görükle - 2+1,16.000 TL
Nilüfer / Görükle - 2+1,16.000 TL
Yıldırım / Eğitim - 3+1,16.500 TL
Mustafakemalpaşa - 3+1,16.000 TL
İnegöl - 3+1,16.000 TL
Yıldırım / Esenevler - 2+1,16.500 TL
Nilüfer / Köyler - 2+1,16.000 TL
Nilüfer / Görükle - 2+1,16.000 TL
Osmangazi / Altıparmak - 3+1,16.000 TL
Gemlik - 2+1,16.000 TL
Nilüfer / Görükle - 2+1,16.000 TL
Osmangazi / Kovukçınar - 4+1,16.000 TL
Nilüfer / Merkez - 2+1,16.500 TL
Yıldırım / Ertuğrulgazi - 3+1,16.000 TL
Nilüfer / Beşevler - 2+1,16.500 TL
Nilüfer / Beşevler - 2+1,16.000 TL
İnegöl - 2+1,16.000 TL
Nilüfer / Görükle - 1+1,16.000 TL
Gemlik - 3+1,16.000 TL
Gemlik - 2+1,16.000 TL
Mudanya / Güzelyalı - 2.5+1,16.000 TL
Osmangazi - 2+1,16.000 TL
Nilüfer / Hasanağa - 2+1,16.000 TL
Osmangazi / Kovukçınar - 3+1,16.000 TL
Nilüfer / Görükle - 2+1,16.000 TL
Osmangazi - 1+1,16.000 TL
Nilüfer / Görükle - 2+1,16.000 TL
Nilüfer / Ataevler - 2+1,16.000 TL
Yıldırım / Esenevler - 3+1,16.000 TL
Nilüfer / Görükle - 1+1,16.500 TL
Mustafakemalpaşa - 1+1,16.000 TL
Nilüfer / Görükle - 1+1,16.000 TL
Nilüfer / Görükle - 2+1,16.000 TL
Osmangazi / Demirtaş - 2+1,16.000 TL
Nilüfer / Görükle - 2+1,16.000 TL
Karacabey - 2.5+1,16.000 TL
Yıldırım / Esenevler - 2+1,16.500 TL
Nilüfer / Görükle - 2+1,16.500 TL
Mustafakemalpaşa - 3+1,16.000 TL
Osmangazi - 2+1,16.000 TL
Nilüfer / Görükle - 1+1,16.000 TL
Nilüfer / Görükle - 1+1,16.900 TL
Osmangazi / Çekirge - 1+1,16.000 TL
Nilüfer / Görükle - 2+1,16.000 TL
Nilüfer / Beşevler - 3+1,16.000 TL
Osmangazi / Kovukçınar - 3+1,16.500 TL
Nilüfer / Görükle - 2+1,16.000 TL
Nilüfer / Görükle - 2+1,16.500 TL
Osmangazi / Demirtaş - 1+1,16.000 TL
Yıldırım / Eğitim - 3+1,16.000 TL
Nilüfer / İhsaniye - 2+1,16.000 TL
Nilüfer / Akçalar - 2+1,16.000 TL
Nilüfer / Görükle - 2+1,16.000 TL
Nilüfer / Görükle - 1+1,16.000 TL
Osmangazi / Tayakadın - 2+1,16.000 TL
Nilüfer / Görükle - 2+1,16.000 TL
Gemlik - 2+1,16.000 TL
Nilüfer / Görükle - 2+1,16.000 TL
Osmangazi / Altıparmak - 3+1,16.000 TL
Yıldırım / Emirsultan - 2+1,16.500 TL
Orhangazi - 2+1,16.000 TL
İnegöl - 2+1,16.000 TL
Nilüfer / Görükle - 2+1,16.000 TL
Osmangazi / Kovukçınar - 4+1,16.500 TL
Nilüfer / Akçalar - 2+1,16.000 TL
Nilüfer / Görükle - 2+1,16.000 TL
Nilüfer / Görükle - 1+1,16.500 TL
Nilüfer / Görükle - 2+1,16.000 TL
Nilüfer / Görükle - 2+1,16.500 TL
Nilüfer / Görükle - 2+1,16.000 TL
Yıldırım / Emirsultan - 1+1,16.500 TL
Yenişehir - 3+1,16.500 TL
Nilüfer / Görükle - 2+1,16.000 TL
Nilüfer / Görükle - 2+1,17.500 TL
Nilüfer / Görükle - 2+1,17.000 TL
Nilüfer / Görükle - 2+1,17.000 TL
Nilüfer / Görükle - 1+1,17.000 TL
Osmangazi / Demirtaş - 2+1,17.000 TL
İnegöl / Alanyurt - 1+1,17.000 TL
Osmangazi / Maksem - 2+1,17.000 TL
İnegöl / Alanyurt - 3+1,17.500 TL
Nilüfer / Görükle - 2+1,17.000 TL
Nilüfer / Görükle - 1+1,17.500 TL
Osmangazi - 2+1,17.500 TL
İnegöl - 3+1,17.000 TL
Nilüfer / Merkez - 2+1,17.250 TL
Nilüfer / Görükle - 1+1,17.500 TL
Gemlik / Köyler - 2+1,17.000 TL
Nilüfer / Merkez - 2+1,17.500 TL
Gemlik - 3+1,17.500 TL
Yıldırım / Emirsultan - 2+1,17.000 TL
Nilüfer / Görükle - 2+1,17.000 TL
Yıldırım / Ertuğrulgazi - 2+1,17.750 TL
Yıldırım / Ertuğrulgazi - 2+1,17.000 TL
Yıldırım / Esenevler - 1+1,17.000 TL
Gemlik - 3+1,17.000 TL
Nilüfer / Görükle - 3+1,17.000 TL
Osmangazi / Demirtaş - 2+1,17.000 TL
Karacabey - 2+1,17.500 TL
Osmangazi / Demirtaş - 2+1,17.000 TL
Osmangazi / Altıparmak - 3+1,17.000 TL
Mustafakemalpaşa - 2+1,17.000 TL
Orhangazi - 1+1,17.000 TL
Yıldırım / Ertuğrulgazi - 2+1,17.000 TL
Nilüfer / Görükle - 1+1,17.000 TL
Osmangazi / Bağlarbaşı - 2+1,17.000 TL
Gemlik - 2+1,17.500 TL
Nilüfer / Görükle - 2+1,17.000 TL
Osmangazi - 2+1,17.000 TL
Nilüfer / Görükle - 1+1,17.500 TL
Yıldırım / Hacıvat - 3+1,17.000 TL
İnegöl / Alanyurt - 3+1,17.000 TL
Osmangazi / Bağlarbaşı - 3+1,17.000 TL
Nilüfer / Akçalar - 2+1,17.000 TL
Nilüfer / Görükle - 2+1,17.000 TL
Nilüfer / Köyler - 2+1,17.500 TL
Nilüfer / Görükle - 2+1,17.000 TL
İznik - 2+1,17.000 TL
Osmangazi - 2+1,17.000 TL
Nilüfer / Görükle - 1+1,17.500 TL
Nilüfer / Görükle - 2+1,17.000 TL
Osmangazi / Ulucami - 2+1,17.500 TL
Osmangazi / Tayakadın - 2+1,17.000 TL
Nilüfer / Görükle - 2+1,17.000 TL
Nilüfer / Görükle - 2+1,17.000 TL
Nilüfer / Görükle - 2+1,17.500 TL
İnegöl - 2+1,17.000 TL
Nilüfer / Görükle - 2+1,17.000 TL
Osmangazi / Emek - 2+1,17.000 TL
Yıldırım / Esenevler - 2+1,17.000 TL
Nilüfer / Görükle - 1+1,17.000 TL
Nilüfer / Görükle - 2+1,17.500 TL
Osmangazi / Demirtaş - 2+1,17.000 TL
Mustafakemalpaşa - 1+1,17.000 TL
Mustafakemalpaşa - 1+1,17.500 TL
Nilüfer / Görükle - 2+1,17.000 TL
İnegöl - 2+1,17.500 TL
Orhangazi - 2+1,17.000 TL
Nilüfer / Görükle - 2+1,17.000 TL
Nilüfer / Görükle - 2+1,17.250 TL
Nilüfer / Beşevler - 1+1,17.750 TL
İnegöl / Alanyurt - 1+1,17.000 TL
Osmangazi / Kovukçınar - 2+1,17.500 TL
Osmangazi - 2+1,17.500 TL
Osmangazi / Çirişhane - 3+1,17.000 TL
Osmangazi - 2+1,17.000 TL
Nilüfer / Görükle - 2+1,17.500 TL
Nilüfer / Merkez - 2+1,17.500 TL
Osmangazi / Çekirge - 2+1,17.000 TL
Gürsu - 3+1,17.000 TL
Nilüfer / Görükle - 2+1,17.500 TL
Nilüfer / Görükle - 2+1,17.500 TL
Nilüfer / Görükle - 2+1,17.000 TL
İnegöl - 3+1,17.000 TL
Osmangazi / Bağlarbaşı - 2+1,17.500 TL
Osmangazi / Demirtaş - 3+1,17.500 TL
Osmangazi / Emek - 2+1,17.000 TL
Nilüfer / Görükle - 2+1,17.000 TL
İnegöl - 1+1,17.500 TL
Nilüfer / Görükle - 1+1,17.000 TL
Nilüfer / Görükle - 1+1,17.000 TL
Nilüfer / Görükle - 2+1,17.500 TL
Nilüfer / Görükle - 2+1,17.500 TL
Nilüfer / Görükle - 2+1,17.500 TL
Nilüfer / Görükle - 1+1,17.500 TL
Nilüfer / Görükle - 2+1,17.500 TL
Mustafakemalpaşa - 3+1,17.000 TL
Nilüfer / Görükle - 2+1,17.000 TL
Yıldırım / Esenevler - 2+1,17.000 TL
Yıldırım / Ertuğrulgazi - 2+1,17.500 TL
Gemlik - 3+1,17.000 TL
Osmangazi / Emek - 3+1,17.500 TL
Yıldırım / Esenevler - 2+1,17.000 TL
İnegöl - 2+1,17.500 TL
Gemlik - 2+1,17.000 TL
Yıldırım / Esenevler - 3+1,17.000 TL
Nilüfer / Görükle - 2+1,17.000 TL
Yıldırım / Ertuğrulgazi - 2+1,17.500 TL
Osmangazi - 2+1,17.000 TL
Karacabey - 3+1,17.000 TL
İnegöl - 2+1,17.500 TL
Nilüfer / Görükle - 2+1,17.000 TL
Nilüfer / Akçalar - 2+1,17.500 TL
Osmangazi - 2+1,17.000 TL
Osmangazi / Demirtaş - 2+1,17.000 TL
Nilüfer / Görükle - 2+1,17.500 TL
Nilüfer / Görükle - 2+1,17.500 TL
Mudanya - 1+1,17.000 TL
Nilüfer / Görükle - 2+1,17.000 TL
Yıldırım / Yeşilyayla - 2+1,17.500 TL
Mustafakemalpaşa - 3+1,17.000 TL
Osmangazi / Demirtaş - 2+1,17.500 TL
Osmangazi / Ulucami - 2.5+1,17.500 TL
Nilüfer / Görükle - 2+1,17.000 TL
Nilüfer / Görükle - 1+1,17.000 TL
Nilüfer / Görükle - 2+1,17.000 TL
İnegöl - 2+1,17.000 TL
Yıldırım / Emirsultan - 2+1,17.500 TL
Nilüfer / Görükle - 1+1,17.750 TL
Yıldırım / Duaçınarı - 2+1,17.500 TL
Nilüfer / Görükle - 1+1,17.000 TL
Nilüfer / Beşevler - 3+1,17.000 TL
Osmangazi / Emek - 2+1,17.000 TL
Osmangazi / Altıparmak - 3+1,17.500 TL
Osmangazi / Demirtaş - 2+1,17.500 TL
Nilüfer / Görükle - 2+1,17.000 TL
Yıldırım / Esenevler - 3+1,17.000 TL
Osmangazi / Bağlarbaşı - 2+1,17.000 TL
Nilüfer / Görükle - 2+1,17.250 TL
Osmangazi - 2+1,17.500 TL
Osmangazi / Bağlarbaşı - 2+1,17.000 TL
Nilüfer / Merkez - 2+1,17.500 TL
Yıldırım / Duaçınarı - 3+1,17.000 TL
Osmangazi / Maksem - 3+1,17.500 TL
Nilüfer / Görükle - 2+1,17.000 TL
Yıldırım - 3+1,17.500 TL
İnegöl - 1+1,17.250 TL
İnegöl - 3+1,17.500 TL
Nilüfer / Görükle - 2+1,17.000 TL
Nilüfer / Görükle - 2+1,17.500 TL
Yıldırım / Ertuğrulgazi - 2+1,17.250 TL
Nilüfer / Merkez - 1+1,17.500 TL
Nilüfer / Görükle - 2+1,17.000 TL
Nilüfer / Görükle - 2+1,17.500 TL
Mudanya - 1+1,17.000 TL
Osmangazi - 2+1,17.000 TL
Gemlik - 2+1,17.000 TL
Yıldırım / Eğitim - 1+1,17.500 TL
Nilüfer / Görükle - 1+1,17.000 TL
Gürsu - 2+1,17.000 TL
Nilüfer / Görükle - 3+1,17.000 TL
Orhangazi - 2+1,17.000 TL
Osmangazi - 2+1,17.500 TL
Nilüfer / Görükle - 2+1,17.000 TL
Nilüfer / Görükle - 1+1,17.500 TL
Osmangazi / Çekirge - 2+1,17.500 TL
Yıldırım / Eğitim - 2+1,17.000 TL
Nilüfer / Görükle - 2+1,17.000 TL
Osmangazi / Kovukçınar - 2.5+1,17.000 TL
Gemlik - 3+1,17.000 TL
İnegöl - 1+1,17.000 TL
Nilüfer / Görükle - 1+1,17.000 TL
Nilüfer / Görükle - 2+0,17.500 TL
Nilüfer / Görükle - 2+1,17.500 TL
Nilüfer / Görükle - 1+1,17.500 TL
Nilüfer / Görükle - 2+2,17.500 TL
Nilüfer / Görükle - 2+1,17.000 TL
Yıldırım / Emirsultan - 2+1,17.000 TL
Osmangazi / Demirtaş - 2+1,17.500 TL
Osmangazi / Tayakadın - 2+0,17.500 TL
Osmangazi / Demirtaş - 2+1,17.500 TL
Nilüfer / Görükle - 2+1,17.000 TL
Yıldırım / Yeşilyayla - 3+1,17.500 TL
Osmangazi / Emek - 3+1,17.500 TL
Orhangazi - 2+1,17.000 TL
Osmangazi / Demirtaş - 2+1,17.000 TL
Yenişehir / Köyler - 2+1,17.000 TL
Nilüfer / Görükle - 3+1,17.500 TL
Nilüfer / Görükle - 2+1,17.000 TL
Nilüfer / Ataevler - 3+1,17.500 TL
Osmangazi / Demirtaş - 2+1,17.000 TL
Nilüfer / Görükle - 1+1,17.000 TL
Orhaneli - 3+1,17.000 TL
Osmangazi - 2+1,17.000 TL
Nilüfer / Görükle - 2+0,17.000 TL
Nilüfer / Merkez - 3+1,17.000 TL
Nilüfer / Akçalar - 2+1,17.500 TL
Nilüfer / Görükle - 2+1,17.500 TL
Osmangazi / Altıparmak - 2+1,17.500 TL
Mustafakemalpaşa - 1+1,17.500 TL
Gemlik - 2+1,17.500 TL
Nilüfer / İhsaniye - 2+1,17.000 TL
Yıldırım / Emirsultan - 2+1,17.500 TL
Nilüfer / Görükle - 2+1,17.000 TL
İnegöl - Stüdyo (1+0),17.500 TL
İznik - 2+1,17.000 TL
Osmangazi / Altıparmak - 2+1,17.500 TL
Yıldırım / Ertuğrulgazi - 2+1,17.000 TL
Osmangazi / Çekirge - 2+1,17.000 TL
Nilüfer / Görükle - 2+1,17.500 TL
Karacabey - 2+1,17.000 TL
Osmangazi / Demirtaş - 2+1,17.950 TL
Nilüfer / Görükle - 2+1,17.500 TL
Osmangazi / Bağlarbaşı - 2+1,17.500 TL
Nilüfer / Görükle - 2+1,17.500 TL
Mudanya - 2+1,17.500 TL
Osmangazi / Tayakadın - 2+1,17.000 TL
Gemlik - 2+1,17.500 TL
Osmangazi / Demirtaş - 2+1,17.000 TL
Mustafakemalpaşa - 2+1,17.500 TL
Osmangazi - 2+1,17.500 TL
Nilüfer / Görükle - 2+1,17.000 TL
Nilüfer / Görükle - 2+1,17.000 TL
Osmangazi / Çekirge - 2+1,17.000 TL
Nilüfer / Görükle - 2+1,17.000 TL
Nilüfer / Görükle - 1+1,17.500 TL
Nilüfer / İhsaniye - 2+1,17.500 TL
İnegöl / Tahtaköprü - 2+1,17.000 TL
Yıldırım / Eğitim - 2+1,17.000 TL
Yıldırım / Emirsultan - 2+1,17.000 TL
Osmangazi / Soğanlı - 2+1,17.000 TL
Nilüfer / Beşevler - 2+1,17.000 TL
Nilüfer / Görükle - 2+1,17.000 TL
Nilüfer / Görükle - 1+1,17.500 TL
Gürsu - 2+1,17.500 TL
Nilüfer / İhsaniye - 3+1,17.000 TL
Osmangazi - 2+1,17.000 TL
Osmangazi / Çirişhane - 3+1,17.000 TL
Nilüfer / Görükle - 2+1,17.500 TL
Gürsu - 3+1,17.000 TL
Mudanya / Güzelyalı - 3+1,17.500 TL
Nilüfer / Görükle - 1+1,17.500 TL
Osmangazi / Soğanlı - 2+1,17.000 TL
Osmangazi / Tayakadın - 3+1,17.500 TL
Nilüfer / Görükle - 2+1,17.000 TL
Osmangazi / Tayakadın - 2+1,17.000 TL
Gemlik - 3+1,17.500 TL
Osmangazi / Demirtaş - 3+1,17.500 TL
Nilüfer / Görükle - 2+1,17.000 TL
Osmangazi / Bağlarbaşı - 3+1,17.000 TL
Orhangazi - 3+1,17.000 TL
İnegöl - 3+1,17.500 TL
Yıldırım / Duaçınarı - 2+1,17.000 TL
Nilüfer / Görükle - 2+1,17.000 TL
Nilüfer / Görükle - 2+1,17.500 TL
Gemlik - 3+1,17.500 TL
Orhangazi - 3+1,17.500 TL
Nilüfer / Görükle - 2+1,17.000 TL
Nilüfer / Görükle - 1+1,17.000 TL
Nilüfer / Görükle - 2+1,17.500 TL
Osmangazi / Altıparmak - 2+1,17.500 TL
İnegöl / Alanyurt - 3+1,17.000 TL
İnegöl - 3+1,17.500 TL
İnegöl - 2.5+1,17.000 TL
Nilüfer / Görükle - 2+1,17.000 TL
Yıldırım / Hacıvat - 3+1,17.500 TL
Osmangazi - 2+1,17.500 TL
Osmangazi / Demirtaş - 2+1,17.500 TL
Nilüfer / Görükle - 2+1,17.500 TL
Nilüfer / Merkez - 2+1,17.000 TL
Osmangazi - 2+1,17.500 TL
Osmangazi / Bağlarbaşı - 2+1,17.000 TL
Nilüfer / Görükle - 2+1,17.000 TL
Nilüfer / Görükle - 2+1,17.500 TL
Nilüfer / Görükle - 2+1,17.000 TL
Nilüfer / Görükle - 2+1,17.250 TL
Osmangazi / Kovukçınar - 2+1,17.000 TL
Nilüfer / Görükle - 2+1,17.000 TL
Karacabey - 3+1,17.400 TL
Nilüfer / Görükle - 2+1,17.500 TL
Nilüfer / Görükle - 2+1,17.500 TL
İnegöl / Köyler - 3+1,17.500 TL
İnegöl / Alanyurt - 3+1,17.000 TL
Osmangazi / Demirtaş - 2+1,17.000 TL
Osmangazi / Kovukçınar - 3+1,17.000 TL
Osmangazi / Demirtaş - 2+1,17.000 TL
Nilüfer / Görükle - 2+1,17.000 TL
Mustafakemalpaşa - 2+1,17.000 TL
Gemlik - 2+1,17.000 TL
Yıldırım / Emirsultan - 3+1,17.500 TL
İnegöl / Köyler - 3+1,17.000 TL
Nilüfer / Köyler - 1+1,17.000 TL
Yıldırım / Ertuğrulgazi - 3+1,17.500 TL
İnegöl - 2+1,17.000 TL
İnegöl / Alanyurt - 3+1,17.000 TL
Yıldırım / Emirsultan - 2+1,17.500 TL
Osmangazi / Maksem - 2+1,17.500 TL
Nilüfer / Görükle - 2+1,17.000 TL
Nilüfer / Görükle - 2+1,17.000 TL
İnegöl - 3+1,17.500 TL
Osmangazi / Bağlarbaşı - 2+1,17.000 TL
Yıldırım / Emirsultan - 3+1,17.000 TL
Nilüfer / İhsaniye - 2+1,17.500 TL
Nilüfer / İhsaniye - 2+1,17.500 TL
İnegöl / Alanyurt - 2+1,17.750 TL
Yıldırım / Arabayatağı - 3+1,17.000 TL
Nilüfer / Ataevler - 2+1,17.000 TL
Yıldırım / Eğitim - 3+1,17.000 TL
Mustafakemalpaşa - 3+1,17.000 TL
Nilüfer / Görükle - 2+1,17.000 TL
Osmangazi - 2+1,17.000 TL
Osmangazi / Demirtaş - 2+1,17.500 TL
Osmangazi / Tayakadın - Stüdyo (1+0),17.500 TL
Yıldırım / Eğitim - 1+1,17.500 TL
Nilüfer / Görükle - 2+1,17.000 TL
Nilüfer / Görükle - 2+1,17.500 TL
Gemlik - 2+1,17.000 TL
Yenişehir - 3+1,17.000 TL
Osmangazi / Köyler - 4+1,17.000 TL
Mustafakemalpaşa - 4+1,17.500 TL
Nilüfer / Görükle - 2+1,17.500 TL
Osmangazi / Tayakadın - 3+1,17.000 TL
Nilüfer / İhsaniye - 2+1,17.000 TL
Gemlik - 2+1,17.500 TL
Nilüfer / Köyler - 1+1,17.500 TL
Nilüfer / Görükle - 2+1,17.000 TL
Osmangazi / Çekirge - 2.5+1,17.500 TL
Osmangazi - 2+1,17.900 TL
Nilüfer / Görükle - 2+1,17.500 TL
Nilüfer / Beşevler - 2+1,17.500 TL
Mustafakemalpaşa - 3+1,17.000 TL
Nilüfer / Görükle - 2+1,17.000 TL
Osmangazi / Bağlarbaşı - 2+1,17.000 TL
Nilüfer / Görükle - 2+1,17.500 TL
Nilüfer / Görükle - 2+1,17.000 TL
Nilüfer / Görükle - 2+1,17.000 TL
Osmangazi / Ulucami - 3+1,17.000 TL
Nilüfer / Beşevler - 2+1,17.000 TL
Karacabey - 3+1,17.500 TL
Nilüfer / Görükle - 2+1,17.000 TL
Yıldırım / Esenevler - 2+1,17.000 TL
İnegöl - 3+1,17.000 TL
Osmangazi / Çekirge - 3+1,17.500 TL
Gemlik - 2+1,17.000 TL
Nilüfer / Görükle - 2+1,17.000 TL
İnegöl - 1+1,17.500 TL
İnegöl - 3+1,17.000 TL
Nilüfer / Görükle - 2+1,17.000 TL
Osmangazi / Emek - 2+1,17.000 TL
Nilüfer / Görükle - 2+1,17.000 TL
Nilüfer / Beşevler - 2+1,17.000 TL
Nilüfer / Görükle - 2+1,17.000 TL
Nilüfer / Görükle - 2+1,17.000 TL
Nilüfer / Görükle - 2+1,17.000 TL
Osmangazi / Çekirge - 3+1,17.000 TL
Nilüfer / Görükle - 1+1,17.000 TL
Nilüfer / Görükle - 1+1,17.000 TL
Nilüfer / Görükle - 2+1,18.000 TL
Nilüfer / Görükle - 2+1,18.000 TL
Nilüfer / Görükle - 3+1,18.000 TL
Osmangazi / Emek - 3+1,18.000 TL
Osmangazi / Bağlarbaşı - 2+1,18.500 TL
Yıldırım - 3+1,18.000 TL
Osmangazi / Demirtaş - 2+1,18.000 TL
Osmangazi / Emek - 2+1,18.500 TL
Nilüfer / Görükle - 2+1,18.000 TL
Nilüfer / Görükle - 2+1,18.500 TL
Yıldırım / Yeşilyayla - 3+1,18.000 TL
Osmangazi / Çekirge - 2+1,18.000 TL
Osmangazi / Tayakadın - 2+1,18.500 TL
İnegöl / Alanyurt - 3+1,18.000 TL
Osmangazi / Emek - 3+1,18.000 TL
Yenişehir - 4+1,18.000 TL
Nilüfer / Akçalar - 2+1,18.000 TL
Mudanya - 2+1,18.500 TL
Gemlik - 2+1,18.000 TL
Gemlik - 3+1,18.000 TL
Nilüfer / Görükle - 2+1,18.500 TL
Nilüfer / Görükle - 2+1,18.000 TL
Osmangazi / Soğanlı - 3+0,18.000 TL
Osmangazi / Demirtaş - 3+1,18.000 TL
Yıldırım / Yeşilyayla - 2+1,18.000 TL
İnegöl - 2+1,18.000 TL
Mustafakemalpaşa - 2+1,18.700 TL
Yıldırım - 3+1,18.000 TL
Yıldırım / Duaçınarı - 2+1,18.500 TL
Nilüfer / Görükle - 2+1,18.000 TL
Nilüfer / Görükle - 3+1,18.000 TL
İnegöl / Alanyurt - 3+1,18.500 TL
Kestel - 2+1,18.500 TL
Osmangazi / Demirtaş - 3+1,18.500 TL
Osmangazi / Ulucami - 2+1,18.000 TL
İnegöl / Alanyurt - 3+1,18.000 TL
Nilüfer / Köyler - 2+1,18.500 TL
Gemlik - 2+1,18.000 TL
Nilüfer / Görükle - 2+1,18.500 TL
Nilüfer / Görükle - 2+1,18.000 TL
İnegöl / Alanyurt - 2+1,18.000 TL
Osmangazi / Soğanlı - 3+1,18.000 TL
Mustafakemalpaşa - 2+0,18.000 TL
Nilüfer / Görükle - 2+1,18.000 TL
Yıldırım / Emirsultan - 2+1,18.500 TL
Osmangazi / Çirişhane - 3+1,18.500 TL
Osmangazi - 3+1,18.500 TL
Nilüfer / Görükle - 2+1,18.000 TL
Mustafakemalpaşa - 2+1,18.000 TL
Mudanya - 2+1,18.000 TL
Orhangazi - 2+1,18.000 TL
Nilüfer / Merkez - 2+1,18.000 TL
Osmangazi - 2+1,18.000 TL
Nilüfer / Görükle - 2+1,18.000 TL
Osmangazi / Kovukçınar - 3+1,18.000 TL
Yıldırım / Ertuğrulgazi - 2+1,18.000 TL
Gemlik - 2+1,18.000 TL
Nilüfer / Görükle - 2+1,18.000 TL
Osmangazi / Çekirge - 2+1,18.000 TL
İnegöl - 2+1,18.000 TL
Nilüfer / Köyler - 2+1,18.000 TL
İnegöl / Alanyurt - 2+1,18.000 TL
İnegöl / Alanyurt - 3+1,18.000 TL
Mustafakemalpaşa - 1+1,18.000 TL
Nilüfer / Görükle - 2+1,18.000 TL
İnegöl - 4+1,18.000 TL
Yıldırım / Duaçınarı - 2+1,18.500 TL
İnegöl - 2+1,18.000 TL
Osmangazi / Kovukçınar - 2+1,18.000 TL
İnegöl - 2+1,18.000 TL
Osmangazi / Maksem - 2+1,18.000 TL
Nilüfer / Görükle - 3+1,18.000 TL
Mustafakemalpaşa - 1+1,18.000 TL
Mustafakemalpaşa - 2+1,18.500 TL
Yıldırım / Ertuğrulgazi - 2+1,18.500 TL
Osmangazi / Demirtaş - 2+1,18.000 TL
İnegöl / Alanyurt - 3+1,18.000 TL
Yıldırım / Emirsultan - 2+1,18.500 TL
Nilüfer / Beşevler - 2+1,18.000 TL
Osmangazi - 3+1,18.000 TL
Nilüfer / Köyler - 2+1,18.500 TL
Nilüfer / Görükle - 1+1,18.000 TL
Nilüfer / Görükle - 1+1,18.500 TL
İnegöl - 2+1,18.000 TL
Osmangazi / Demirtaş - 2+1,18.000 TL
Nilüfer / Merkez - 2+1,18.500 TL
Yıldırım / Duaçınarı - 2+1,18.500 TL
Gemlik - 2+1,18.000 TL
Nilüfer / Görükle - 2+1,18.500 TL
Osmangazi / Demirtaş - 2+1,18.000 TL
Osmangazi / Demirtaş - 2+1,18.000 TL
Osmangazi - 2+1,18.500 TL
Osmangazi / Demirtaş - 2+1,18.500 TL
Gemlik - 2+1,18.000 TL
Nilüfer / Görükle - 1+1,18.000 TL
Gemlik - 2+1,18.000 TL
Nilüfer / Görükle - 3+1,18.000 TL
Nilüfer / Görükle - 2+1,18.000 TL
Gemlik - 3+1,18.000 TL
Nilüfer / Görükle - 2+1,18.500 TL
Gemlik / Köyler - 2+1,18.000 TL
Yıldırım / Emirsultan - 3+1,18.000 TL
Osmangazi / Bağlarbaşı - 3+1,18.000 TL
Osmangazi / Tayakadın - 3+1,18.500 TL
Nilüfer / Görükle - 2+1,18.000 TL
İnegöl - 5+1,18.000 TL
Nilüfer / Akçalar - 3+1,18.000 TL
İnegöl - 3+1,18.500 TL
Osmangazi / Çekirge - 4+1,18.500 TL
Nilüfer / Görükle - 2+1,18.500 TL
Nilüfer / Beşevler - 2+1,18.850 TL
Nilüfer / Köyler - 2+1,18.000 TL
Nilüfer / Görükle - 2+1,18.000 TL
Mudanya - 2+1,18.000 TL
Nilüfer / Görükle - 2+1,18.000 TL
İnegöl - 3+1,18.000 TL
Nilüfer / Görükle - 2+1,18.000 TL
Osmangazi / Bağlarbaşı - 2+1,18.250 TL
Osmangazi / Maksem - 2+1,18.000 TL
Karacabey / Köyler - 2+1,18.000 TL
Gemlik - 3+1,18.000 TL
Mudanya / Güzelyalı - 2+1,18.000 TL
Nilüfer / Görükle - 2+1,18.000 TL
Nilüfer / Görükle - 2+1,18.500 TL
Yıldırım / Duaçınarı - 3+1,18.500 TL
Osmangazi / Ulucami - 2+1,18.500 TL
Osmangazi / Çirişhane - 2+1,18.000 TL
Nilüfer / Görükle - 2+1,18.000 TL
Yıldırım / Emirsultan - 2.5+1,18.000 TL
Nilüfer / Merkez - 3+1,18.000 TL
Yıldırım / Emirsultan - 2+1,18.500 TL
Osmangazi - 2+1,18.000 TL
İnegöl - 1+1,18.000 TL
Nilüfer / Görükle - 3+1,18.000 TL
Nilüfer / Görükle - 2+1,18.000 TL
Nilüfer / Hasanağa - 2+1,18.000 TL
Nilüfer / Beşevler - 3+1,18.000 TL
Nilüfer / Görükle - 2+1,18.000 TL
Nilüfer / Görükle - 2+1,18.000 TL
Nilüfer / Görükle - 2+1,18.000 TL
Mudanya - 3+1,18.000 TL
Gürsu - 3+1,18.000 TL
Nilüfer / Görükle - 2+1,18.000 TL
Nilüfer / Görükle - 2+1,18.000 TL
İnegöl - 1+1,18.000 TL
Nilüfer / Görükle - 2+1,18.000 TL
Nilüfer / Görükle - 2+1,18.000 TL
Karacabey - 2+1,18.000 TL
İnegöl - 2+1,18.000 TL
Nilüfer / Görükle - 2+1,18.500 TL
Gemlik - 3+1,18.000 TL
Gemlik - 3+1,18.000 TL
Nilüfer / Görükle - 2+1,18.500 TL
Nilüfer / Merkez - 2+1,18.500 TL
Osmangazi / Demirtaş - 2+1,18.000 TL
Nilüfer / Görükle - 2+1,18.000 TL
Osmangazi / Çekirge - 2+1,18.000 TL
Yıldırım / Eğitim - 3+1,18.000 TL
Yıldırım / Ertuğrulgazi - 2+1,18.000 TL
Osmangazi / Çirişhane - 2+1,18.000 TL
Nilüfer / Merkez - 2+1,18.750 TL
Gemlik - 3+1,18.000 TL
Osmangazi - 2+1,18.000 TL
Nilüfer / Görükle - 2+1,18.000 TL
Yıldırım / Emirsultan - 2+1,18.000 TL
Osmangazi - 2+1,18.500 TL
Osmangazi - 1+1,18.000 TL
Osmangazi / Bağlarbaşı - 2+1,18.000 TL
Nilüfer / Köyler - 1+1,18.000 TL
Yıldırım / Esenevler - 3+1,18.000 TL
Nilüfer / Görükle - 2+1,18.000 TL
Osmangazi / Çekirge - 2+1,18.750 TL
Gemlik - 3+1,18.500 TL
Mustafakemalpaşa - 3+1,18.000 TL
Nilüfer / Görükle - 2+1,18.500 TL
Kestel - 2+1,18.500 TL
Nilüfer / Görükle - 2+1,18.000 TL
Osmangazi / Kovukçınar - 2+1,18.000 TL
Nilüfer / Görükle - 1+1,18.000 TL
Yıldırım / Emirsultan - 2+1,18.000 TL
Gemlik - 2+1,18.000 TL
Osmangazi / Emek - 2+1,18.500 TL
Osmangazi - 2+1,18.000 TL
Nilüfer / Görükle - 1+1,18.000 TL
Osmangazi / Bağlarbaşı - 2+1,18.000 TL
Nilüfer / Beşevler - 1+1,18.000 TL
Osmangazi / Demirtaş - 2+1,18.000 TL
Nilüfer / Görükle - 2+1,18.000 TL
Nilüfer / Görükle - 2+1,18.500 TL
Nilüfer / Ataevler - 3+1,18.000 TL
Nilüfer / Görükle - 2+1,18.000 TL
Nilüfer / Görükle - 2+1,18.000 TL
Osmangazi / Ovaakça - 2+1,18.500 TL
İnegöl - 3+1,18.500 TL
Osmangazi / Bağlarbaşı - 3+1,18.000 TL
Osmangazi - 2+1,18.000 TL
Yıldırım / Emirsultan - 2+1,18.000 TL
Nilüfer / Beşevler - 1+1,18.000 TL
Nilüfer / Görükle - 2+1,18.000 TL
Nilüfer / Görükle - 2+1,18.000 TL
Osmangazi - 1+1,18.000 TL
İnegöl - 1+1,18.000 TL
İnegöl / Alanyurt - 3+1,18.000 TL
Nilüfer / Görükle - 2+1,18.000 TL
Nilüfer / Görükle - 1+1,18.000 TL
Nilüfer / Ataevler - 1+1,18.500 TL
Nilüfer / Köyler - 2+1,18.000 TL
Osmangazi / Kovukçınar - 3+1,18.000 TL
Osmangazi / Soğanlı - 2+1,18.000 TL
Nilüfer / Görükle - 1+1,18.500 TL
Nilüfer / Görükle - 2+1,18.000 TL
Nilüfer / Beşevler - 2+1,18.500 TL
Nilüfer / Görükle - 2+1,18.000 TL
Nilüfer / Görükle - 2+1,18.500 TL
Nilüfer / Görükle - 2+1,18.000 TL
Nilüfer / Merkez - 2+1,18.000 TL
Nilüfer / Görükle - 1+1,18.000 TL
Nilüfer / Görükle - 2+1,18.000 TL
Nilüfer / Görükle - 2+1,18.000 TL
Nilüfer / Görükle - 3+1,18.500 TL
Yıldırım / Emirsultan - 2+1,18.000 TL
Nilüfer / Görükle - 2+1,18.500 TL
Osmangazi / Soğanlı - 2+1,18.000 TL
Gemlik - 3+1,18.500 TL
Karacabey - 3+1,18.000 TL
Gemlik - 3+1,18.000 TL
Mustafakemalpaşa - 2+1,18.000 TL
Nilüfer / Görükle - 2+1,18.000 TL
Mustafakemalpaşa - 3+1,18.000 TL
Nilüfer / Görükle - 2+1,18.000 TL
Osmangazi / Altıparmak - 2+0,18.000 TL
Yıldırım / Hacıvat - 2+1,18.500 TL
İnegöl - 2+0,18.000 TL
İznik - 4+1,18.000 TL
İnegöl - 1+1,18.000 TL
Osmangazi / Bağlarbaşı - 2+1,18.000 TL
Osmangazi / Altıparmak - 2+1,18.000 TL
Nilüfer / Görükle - 2+1,18.000 TL
Karacabey - 3+1,18.500 TL
İnegöl - 1+1,18.500 TL
Osmangazi / Bağlarbaşı - 2+1,18.000 TL
Osmangazi / Tayakadın - 3+1,18.000 TL
Gemlik - 2+1,18.000 TL
Nilüfer / Görükle - 2+1,18.000 TL
Yıldırım / Emirsultan - 3+1,18.000 TL
Nilüfer / Beşevler - 2+1,18.000 TL
Yıldırım / Ertuğrulgazi - 2+1,18.000 TL
Nilüfer / Görükle - 2+1,18.000 TL
Osmangazi / Demirtaş - 2+1,18.000 TL
Nilüfer / Görükle - 1+1,18.000 TL
Yıldırım - 3+1,18.000 TL
Nilüfer / Görükle - 2+1,18.000 TL
Nilüfer / Görükle - 2+1,18.000 TL
Nilüfer / Görükle - 2+1,18.000 TL
Nilüfer / Görükle - 1+1,18.000 TL
Nilüfer / Görükle - 1+1,18.000 TL
Nilüfer / Görükle - 2+1,18.000 TL
Nilüfer / Görükle - 2+1,18.500 TL
Yıldırım / Ertuğrulgazi - 2+1,18.000 TL
Yıldırım - 2+1,18.500 TL
Osmangazi - 2+1,18.000 TL
Nilüfer / Görükle - 2+1,18.000 TL
Nilüfer / Görükle - 2+1,18.000 TL
Nilüfer / Görükle - 2+1,18.000 TL
Yıldırım - 2+1,18.000 TL
Gemlik - 1+1,18.000 TL
Osmangazi / Çekirge - 3+1,18.500 TL
Nilüfer / Merkez - 1+1,18.500 TL
Yıldırım / Hacıvat - 2+1,18.000 TL
Kestel - 2+1,18.000 TL
Osmangazi / Çekirge - 3+1,18.500 TL
Osmangazi / Bağlarbaşı - 3+1,18.000 TL
Gemlik - 3+1,18.000 TL
Osmangazi - 1+1,18.000 TL
Nilüfer / Görükle - 3+1,18.000 TL
Mudanya - 2+1,18.000 TL
Nilüfer / Beşevler - 3+1,18.000 TL
Osmangazi / Ulucami - 2+1,18.500 TL
Nilüfer / Görükle - 2+1,18.000 TL
Nilüfer / Görükle - 2+1,18.000 TL
Osmangazi - 3+1,18.000 TL
Nilüfer / Görükle - 2+1,18.000 TL
Osmangazi / Kovukçınar - 2+1,18.500 TL
Nilüfer / Merkez - 2+1,18.000 TL
Yıldırım / Ertuğrulgazi - 3+1,18.000 TL
Nilüfer / Ataevler - 2+1,18.000 TL
Nilüfer / Akçalar - 3+1,18.500 TL
Yıldırım / Esenevler - 2+1,18.000 TL
Nilüfer / Görükle - 2+1,18.000 TL
Yıldırım / Emirsultan - 2+1,18.000 TL
Gemlik - 2+1,18.000 TL
İnegöl - 3+1,18.000 TL
Osmangazi / Bağlarbaşı - 3+1,18.000 TL
İnegöl / Alanyurt - 3+1,18.000 TL
Osmangazi - 2+1,18.000 TL
Osmangazi / Bağlarbaşı - 3+1,18.000 TL
Nilüfer / Görükle - 2+1,18.000 TL
Yıldırım / Ertuğrulgazi - 2+1,18.000 TL
Yıldırım - 2+1,18.000 TL
Nilüfer / Görükle - 2+1,18.000 TL
Nilüfer / Görükle - 2+1,18.000 TL
Nilüfer / Görükle - 2+1,18.000 TL
Nilüfer / Görükle - 2+1,18.000 TL
Yıldırım / Emirsultan - 2+1,18.000 TL
Osmangazi / Demirtaş - 2+1,18.000 TL
Osmangazi / Tayakadın - 2+1,18.500 TL
Osmangazi - 2+1,18.000 TL
Mustafakemalpaşa - 3+1,18.000 TL
Gemlik - 3+1,18.000 TL
Yıldırım / Emirsultan - 3+1,18.000 TL
Osmangazi / Bağlarbaşı - 3+1,18.000 TL
Gemlik - 3+1,18.500 TL
Nilüfer / Görükle - 2+1,18.500 TL
Yıldırım / Emirsultan - 3+1,18.000 TL
Yıldırım / Emirsultan - 2.5+1,18.000 TL
Nilüfer / Ataevler - 3+1,18.000 TL
Osmangazi - 3+1,18.000 TL
Nilüfer / Görükle - 2+1,18.000 TL
Osmangazi / Demirtaş - 2+1,18.000 TL
Osmangazi / Çekirge - 2+1,18.000 TL
Gemlik / Kurşunlu - 1+1,18.000 TL
Osmangazi / Demirtaş - 3+1,18.500 TL
Gemlik - 3+1,18.000 TL
Nilüfer / Görükle - 2+1,18.000 TL
Nilüfer / Görükle - 3+1,18.000 TL
Yıldırım / Eğitim - 2+1,18.000 TL
Nilüfer / Görükle - 2+1,18.250 TL
Osmangazi - 2+1,18.000 TL
Mudanya - 1+1,18.500 TL
Gemlik - 3+1,18.000 TL
Nilüfer / Ataevler - 3+1,18.000 TL
Nilüfer / Görükle - 1+1,18.000 TL
İnegöl - 1+1,18.000 TL
Gemlik - 3+1,18.000 TL
Nilüfer / Köyler - 1+1,18.000 TL
Yıldırım / Emirsultan - 3+1,18.500 TL
Nilüfer / Görükle - 2+1,18.000 TL
Mudanya / Güzelyalı - 1+1,18.000 TL
Osmangazi / Demirtaş - 2+1,18.000 TL
Nilüfer / Görükle - 3+1,18.000 TL
Nilüfer / Beşevler - 3+1,18.000 TL
Nilüfer / Görükle - 3+1,18.000 TL
Yıldırım / Emirsultan - 2+1,18.000 TL
Nilüfer / Görükle - 2+1,18.000 TL
İnegöl / Alanyurt - 3+1,18.000 TL
İnegöl - 1+1,18.000 TL
Osmangazi / Ovaakça - 2+1,18.000 TL
Gürsu - 2+1,18.000 TL
Karacabey - 3+1,18.500 TL
Nilüfer / Görükle - 2+1,18.000 TL
Nilüfer / Görükle - 1+1,18.000 TL
Nilüfer / Görükle - 2+1,18.000 TL
Osmangazi - 2+1,18.000 TL
Gemlik - 3+1,18.000 TL
Mustafakemalpaşa - 3+1,18.000 TL
İznik - 3+1,18.500 TL
Orhangazi - 2+1,18.000 TL
Osmangazi / Çekirge - 2+1,18.000 TL
İznik - 3+1,18.000 TL
Yıldırım / Eğitim - 4+1,18.000 TL
İnegöl - 3+2,18.000 TL
Gürsu - 2+1,18.000 TL
Osmangazi - 3+1,18.000 TL
Nilüfer / Beşevler - 2+1,18.000 TL
Osmangazi / Bağlarbaşı - 2+1,18.000 TL
Yıldırım - 3+1,18.000 TL
İnegöl - 4+1,18.000 TL
Nilüfer / Akçalar - 3+1,18.500 TL
Yıldırım / Emirsultan - 3+1,18.000 TL
İnegöl / Alanyurt - 3+1,18.500 TL
Yıldırım / Emirsultan - 4+1,18.000 TL
Mustafakemalpaşa - 2+1,18.000 TL
İnegöl / Alanyurt - 3+1,18.000 TL
İnegöl - 2+1,18.000 TL
İnegöl / Alanyurt - 2+1,18.500 TL
Osmangazi - 2+1,18.500 TL
Osmangazi / Bağlarbaşı - 1+1,18.000 TL
Nilüfer / Görükle - 2+1,18.500 TL
Nilüfer / Görükle - 2+1,18.000 TL
Mustafakemalpaşa - 2+1,18.000 TL
Nilüfer / Görükle - 2+1,18.000 TL
Osmangazi / Emek - 3+1,18.000 TL
Yıldırım / Ertuğrulgazi - 2+1,18.750 TL
İnegöl / Alanyurt - 3+1,18.000 TL
Nilüfer / Görükle - 2+1,18.000 TL
Nilüfer / Görükle - 1+1,18.500 TL
Gemlik - 2+1,18.000 TL
Osmangazi / Altıparmak - 3+1,18.000 TL
Osmangazi / Soğanlı - 3+1,18.500 TL
Osmangazi / Çekirge - 2+1,18.000 TL
Yenişehir - 3+1,18.000 TL
Nilüfer / Görükle - 2+1,18.000 TL
Nilüfer / Görükle - 2+1,18.500 TL
Nilüfer / Görükle - 1+1,18.000 TL
Gemlik - 3+1,18.000 TL
Karacabey - 3+0,18.000 TL
İnegöl - 3+1,18.000 TL
Karacabey - 2+1,18.000 TL
Osmangazi / Tayakadın - 3+1,18.500 TL
Nilüfer / Merkez - 2+1,18.500 TL
Nilüfer / İhsaniye - 2+1,18.500 TL
Nilüfer / Görükle - 2+1,18.750 TL
Kestel - 3+1,18.500 TL
İnegöl / Alanyurt - 1+1,18.000 TL
Nilüfer / Merkez - 3+1,18.000 TL
Kestel - 2+1,18.000 TL
Nilüfer / Görükle - 1+1,18.500 TL
Nilüfer / Görükle - 1+1,18.750 TL
Kestel - 3+1,18.500 TL
Yıldırım / Ertuğrulgazi - 2+1,18.000 TL
Yıldırım - 2+1,18.000 TL
Yıldırım / Emirsultan - 2+1,18.000 TL
Osmangazi / Tayakadın - 2+1,18.000 TL
Nilüfer / Görükle - 1+1,18.500 TL
Yenişehir - 2+1,18.000 TL
Yıldırım - 3+1,18.500 TL
Osmangazi / Demirtaş - 2+1,18.000 TL
Nilüfer / Görükle - 2+1,18.000 TL
Nilüfer / Ataevler - 2+1,18.000 TL
Nilüfer / Görükle - 1+1,18.000 TL
Osmangazi / Bağlarbaşı - 2+1,18.500 TL
Nilüfer / Görükle - 3+1,18.500 TL
Gemlik - 3+1,18.000 TL
Osmangazi / Kovukçınar - 2+1,18.000 TL
Nilüfer / Görükle - 2+1,18.000 TL
Nilüfer / Görükle - 2+1,18.000 TL
Nilüfer / Görükle - 2+1,18.000 TL
Nilüfer / Görükle - 2+1,18.500 TL
Osmangazi / Demirtaş - 1+1,18.000 TL
Nilüfer / Görükle - 2+1,18.000 TL
Gemlik / Köyler - 2+1,18.000 TL
İznik - 3+1,18.500 TL
Nilüfer / Görükle - 2+1,19.000 TL
Osmangazi / Emek - 2+1,19.000 TL
Nilüfer / İhsaniye - 2+1,19.000 TL
Osmangazi / Çekirge - 2+1,19.000 TL
Nilüfer / Görükle - 3+1,19.000 TL
Nilüfer / Merkez - 3+1,19.000 TL
Nilüfer / İhsaniye - 3+1,19.000 TL
Karacabey - 3+1,19.000 TL
Nilüfer / Görükle - 1+1,19.000 TL
Nilüfer / Köyler - 2+1,19.000 TL
Osmangazi / Çekirge - 2+1,19.000 TL
Nilüfer / Görükle - 2+1,19.000 TL
Osmangazi - 2+1,19.500 TL
Osmangazi / Çekirge - 2+1,19.750 TL
Osmangazi / Kovukçınar - 3+1,19.500 TL
Osmangazi / Çekirge - 3+1,19.500 TL
Nilüfer / Görükle - 2+1,19.000 TL
Gemlik / Köyler - 2+1,19.500 TL
Nilüfer / Görükle - 2+1,19.000 TL
Yıldırım / Esenevler - 3+1,19.500 TL
Nilüfer / Köyler - 2+1,19.500 TL
İznik - 2+1,19.000 TL
Nilüfer / Görükle - 2+1,19.000 TL
Nilüfer / Beşevler - 2+1,19.500 TL
Nilüfer / Görükle - 1+1,19.000 TL
Nilüfer / Görükle - 2+1,19.500 TL
Gürsu - 3+1,19.000 TL
Osmangazi - 2+1,19.000 TL
Nilüfer / Ertuğrul - 3+1,19.500 TL
Nilüfer / Görükle - 2+1,19.000 TL
Nilüfer / Görükle - 2+1,19.000 TL
Nilüfer / Beşevler - 1+1,19.500 TL
Osmangazi - 3+1,19.000 TL
Osmangazi / Çekirge - 2+1,19.000 TL
Mustafakemalpaşa - 2+1,19.500 TL
Nilüfer / Görükle - 2+1,19.000 TL
Yıldırım - 2+1,19.000 TL
Nilüfer / Görükle - 2+1,19.500 TL
Nilüfer / Görükle - 2+1,19.000 TL
Nilüfer / Görükle - 2+1,19.000 TL
Osmangazi / Demirtaş - 3+1,19.000 TL
Osmangazi / Altıparmak - 2+1,19.000 TL
Mustafakemalpaşa - 1+1,19.000 TL
Yıldırım / Emirsultan - 3+1,19.000 TL
Osmangazi / Demirtaş - 2+1,19.000 TL
Osmangazi / Maksem - 4+1,19.000 TL
Yıldırım / Emirsultan - 1+1,19.000 TL
Osmangazi / Demirtaş - 3+1,19.000 TL
Nilüfer / Akçalar - 3+1,19.250 TL
Nilüfer / Görükle - 2+1,19.000 TL
Nilüfer / Görükle - 2+1,19.000 TL
Nilüfer / Görükle - 2+1,19.000 TL
Mudanya - 3+1,19.999 TL
Nilüfer / Görükle - 3+1,19.000 TL
Kestel - 2+1,19.000 TL
Nilüfer / Görükle - 3+1,19.000 TL
Gürsu - 2+1,19.000 TL
Yıldırım / Emirsultan - 2+1,19.000 TL
Mudanya / Güzelyalı - 2+1,19.000 TL
Nilüfer / Görükle - 2+1,19.000 TL
Nilüfer / Görükle - 2+1,19.000 TL
Osmangazi / Kovukçınar - 2+1,19.000 TL
Nilüfer / Görükle - 2+1,19.000 TL
Nilüfer / Merkez - 2+1,19.000 TL
Yıldırım - 2+1,19.000 TL
Osmangazi / Emek - 2+1,19.000 TL
Osmangazi / Bağlarbaşı - 3+1,19.000 TL
Yıldırım / Esenevler - 2+1,19.000 TL
Nilüfer / Ataevler - 3+1,19.500 TL
Nilüfer / Görükle - 2+1,19.000 TL
Nilüfer / Görükle - 3+1,19.500 TL
Nilüfer / Görükle - 1+1,19.500 TL
Nilüfer / Merkez - 2+1,19.500 TL
Yıldırım / Eğitim - 3+1,19.000 TL
Yıldırım / Duaçınarı - 2+1,19.990 TL
Osmangazi - 2+1,19.500 TL
Osmangazi / Demirtaş - 3+1,19.000 TL
Yıldırım / Esenevler - 3+1,19.000 TL
İnegöl / Alanyurt - 3+1,19.000 TL
Gemlik - 3+1,19.000 TL
Nilüfer / Görükle - 2+1,19.000 TL
Mudanya / Güzelyalı - 2+1,19.000 TL
Nilüfer / Merkez - 3+1,19.000 TL
Nilüfer / Görükle - 2+1,19.000 TL
İnegöl - 2+1,19.000 TL
Osmangazi - 2+1,19.000 TL
Gemlik / Köyler - 2+1,19.749 TL
Osmangazi / Demirtaş - 2+1,19.000 TL
Kestel - 2+1,19.000 TL
Nilüfer / Görükle - 2+1,19.000 TL
Osmangazi - 3+1,19.000 TL
Osmangazi / Çekirge - 2+1,19.000 TL
Osmangazi / Çekirge - 3+1,19.000 TL
İnegöl / Alanyurt - 2+1,19.750 TL
İnegöl / Alanyurt - 3+1,19.000 TL
Osmangazi / Çekirge - 3+1,19.750 TL
Nilüfer / Görükle - 1+1,19.500 TL
İnegöl - 3+1,19.750 TL
Nilüfer / Merkez - 2+1,19.000 TL
Osmangazi / Ulucami - 3+1,19.000 TL
Nilüfer / Görükle - 2+1,19.000 TL
Nilüfer / Görükle - 2+1,19.000 TL
Yıldırım / Esenevler - 2+1,19.200 TL
Yıldırım / Emirsultan - 2+1,19.000 TL
Nilüfer / Akçalar - 3+1,19.000 TL
İnegöl / Alanyurt - 2+1,19.000 TL
Osmangazi / Demirtaş - 2+1,19.000 TL
Nilüfer / Görükle - 1+1,19.000 TL
Osmangazi / Bağlarbaşı - 2+1,19.000 TL
Gemlik - 1+1,19.000 TL
Mudanya - 2+1,19.000 TL
Yıldırım / Emirsultan - 3+1,19.500 TL
İnegöl - 2+1,19.000 TL
Osmangazi / Tayakadın - Stüdyo (1+0),19.000 TL
Gürsu - 2+1,19.500 TL
İnegöl - 2+1,19.000 TL
Yıldırım / Emirsultan - 2+1,19.000 TL
Osmangazi - 2+1,19.500 TL
Nilüfer / Kayapa - 2+1,19.500 TL
Osmangazi - 2+1,19.000 TL
Nilüfer / Görükle - 2+1,19.500 TL
Nilüfer / Görükle - 1+1,19.000 TL
Kestel - 3+1,19.500 TL
Osmangazi / Kovukçınar - 3+1,19.500 TL
Nilüfer / Merkez - 2+1,19.000 TL
Orhangazi - 2+1,19.000 TL
Nilüfer / Görükle - 2+1,19.000 TL
Gemlik - 3+1,19.000 TL
Nilüfer / Görükle - 2+1,19.000 TL
Nilüfer / Köyler - 2+1,19.500 TL
Nilüfer / Görükle - 2+1,19.000 TL
Karacabey - 3+1,19.000 TL
İnegöl / Alanyurt - 4+1,19.000 TL
Orhangazi - 2+1,19.000 TL
Nilüfer / Görükle - 2+1,19.000 TL
Nilüfer / Merkez - 3+1,19.000 TL
İnegöl - 3+1,19.000 TL
Nilüfer / Görükle - 2+1,19.000 TL
Osmangazi / Çekirge - 3+1,19.000 TL
Gemlik - 3+1,19.000 TL
Osmangazi / Tayakadın - 2+1,19.000 TL
Osmangazi - 2+1,19.500 TL
Gemlik - 3+1,19.000 TL
Nilüfer / Görükle - 1+1,19.500 TL
Nilüfer / Görükle - 2+1,19.000 TL
Nilüfer / Görükle - 2+1,19.000 TL
Osmangazi / Altıparmak - 3+1,19.000 TL
Nilüfer / Görükle - 2+1,19.500 TL
Nilüfer / Köyler - 2+1,19.250 TL
Osmangazi / Çekirge - 2+1,19.750 TL
Nilüfer / Görükle - 1+1,19.000 TL
İnegöl / Alanyurt - 2+1,19.000 TL
Nilüfer / Köyler - 2+1,19.750 TL
Nilüfer / İhsaniye - 2+1,19.000 TL
Nilüfer / Görükle - 2+1,19.000 TL
Orhangazi - 2+1,19.000 TL
Nilüfer / Merkez - 2+1,19.750 TL
Osmangazi - 2+1,19.500 TL
Nilüfer / İhsaniye - 2+1,19.000 TL
Gemlik - 2+1,19.000 TL
Yıldırım / Duaçınarı - 2+1,19.000 TL
Yıldırım / Esenevler - 3+1,19.000 TL
Osmangazi / Ulucami - 2+1,19.500 TL
Osmangazi / Altıparmak - 2+1,19.250 TL
Osmangazi / Altıparmak - 2+1,19.000 TL
İnegöl - 2+1,19.000 TL
Osmangazi / Tayakadın - 3+1,19.000 TL
Osmangazi / Bağlarbaşı - 2+1,19.500 TL
Nilüfer / Görükle - 2+1,19.000 TL
Nilüfer / Görükle - 3+1,19.000 TL
Gemlik - 3+1,19.000 TL
Nilüfer / İhsaniye - 2+1,19.000 TL
Orhangazi - 2+1,19.000 TL
Yenişehir - 3+1,19.000 TL
Nilüfer / Akçalar - 3+1,19.000 TL
Osmangazi / Altıparmak - 2+1,19.000 TL
Gemlik - 3+1,19.000 TL
Nilüfer / Görükle - 2+1,19.000 TL
Nilüfer / Görükle - 2+1,19.000 TL
Osmangazi / Emek - 2+1,19.500 TL
Osmangazi / Tayakadın - 2+1,19.000 TL
Mudanya - 2+1,19.000 TL
Gemlik - 2+1,19.000 TL
Osmangazi / Emek - 3+1,19.000 TL
Osmangazi / Demirtaş - 2+1,19.500 TL
Nilüfer / Görükle - 2+1,19.000 TL
Yıldırım / Yeşilyayla - 2+1,19.250 TL
Yıldırım / Ertuğrulgazi - 2+1,19.000 TL
Nilüfer / Görükle - 2+1,19.000 TL
Osmangazi / Altıparmak - 2+1,19.000 TL
Osmangazi / Çekirge - 3+1,19.500 TL
Yıldırım / Emirsultan - 3+1,19.500 TL
Nilüfer / Akçalar - 2+1,19.500 TL
Osmangazi / Soğanlı - 3+1,19.000 TL
Nilüfer / Görükle - 2+1,19.000 TL
Nilüfer / Merkez - 2+1,19.000 TL
Nilüfer / Akçalar - 3+1,19.500 TL
Mudanya / Güzelyalı - 2+1,19.000 TL
Osmangazi / Bağlarbaşı - 2+1,19.250 TL
Karacabey - 1+1,19.000 TL
Nilüfer / Merkez - 1+1,19.000 TL
Nilüfer / Beşevler - 3+1,19.000 TL
Nilüfer / Ataevler - 1+1,19.000 TL
Nilüfer / Görükle - 2+1,19.000 TL
Osmangazi / Çekirge - 3+1,19.000 TL
İnegöl - 3+1,19.000 TL
Osmangazi / Altıparmak - 3+1,19.000 TL
Osmangazi / Bağlarbaşı - 2+1,19.000 TL
Yıldırım / Arabayatağı - 2+1,19.000 TL
Nilüfer / Görükle - 1+1,19.000 TL
Nilüfer / Görükle - 2+1,19.000 TL
Nilüfer / Görükle - 2+1,19.000 TL
Nilüfer / Görükle - 2+1,19.100 TL
Nilüfer / Görükle - 2+1,19.000 TL
Osmangazi / Demirtaş - 2+1,19.000 TL
Nilüfer / Görükle - 2+1,19.000 TL
Nilüfer / Görükle - 2+1,19.000 TL
Yıldırım / Emirsultan - 2+1,19.000 TL
Nilüfer / Görükle - 2+1,19.000 TL
Yıldırım / Duaçınarı - 2+1,20.000 TL
Nilüfer / Görükle - 2+1,20.000 TL
İnegöl - 1+1,20.000 TL
Osmangazi - 2+1,20.000 TL
Yıldırım - 2+1,20.000 TL
Osmangazi - 3+1,20.000 TL
Yıldırım - 2.5+1,20.000 TL
Osmangazi / Çekirge - 3.5+1,20.000 TL
Osmangazi / Çekirge - 2+1,20.000 TL
Gemlik - 1+1,20.000 TL
Mudanya / Güzelyalı - 2+1,20.000 TL
Nilüfer / Görükle - 3+1,20.000 TL
Yıldırım / Yeşilyayla - 3+1,20.000 TL
Nilüfer / Görükle - 2+1,20.000 TL
Nilüfer / Görükle - 2+1,20.500 TL
Nilüfer / Merkez - 2+1,20.500 TL
Kestel - 3+1,20.000 TL
Osmangazi / Tayakadın - 2+1,20.000 TL
Nilüfer / Görükle - 2+1,20.000 TL
Yenişehir - 3+1,20.000 TL
Yıldırım / Emirsultan - 2+1,20.000 TL
Nilüfer / Görükle - 3+1,20.000 TL
Osmangazi / Ulucami - 3+1,20.000 TL
Osmangazi - 2+1,20.000 TL
Osmangazi / Demirtaş - 3+1,20.500 TL
Gemlik - 3+1,20.000 TL
Nilüfer / Görükle - 2+1,20.000 TL
Osmangazi / Demirtaş - 3+1,20.000 TL
Karacabey - 3+1,20.000 TL
Gürsu - 3+1,20.000 TL
Nilüfer / Görükle - 2+1,20.000 TL
Mudanya / Güzelyalı - 2+1,20.000 TL
Gemlik - 4+1,20.000 TL
Nilüfer / Ertuğrul - 3+1,20.000 TL
Nilüfer / Görükle - 3+1,20.000 TL
Nilüfer / Görükle - 2+1,20.000 TL
Osmangazi / Soğanlı - 3+0,20.000 TL
Yıldırım / Emirsultan - 3+1,20.000 TL
Osmangazi - 2+1,20.500 TL
Nilüfer / Merkez - 1+1,20.500 TL
Osmangazi - 2+1,20.000 TL
Yıldırım / Ertuğrulgazi - 3+1,20.000 TL
İznik - 2+0,20.000 TL
Nilüfer / İhsaniye - 2+1,20.000 TL
Osmangazi / Bağlarbaşı - 2+1,20.000 TL
Osmangazi / Altıparmak - 2+1,20.000 TL
Nilüfer / Görükle - 3+1,20.000 TL
Osmangazi / Altıparmak - 5+1,20.000 TL
Nilüfer / Görükle - 2+1,20.000 TL
Nilüfer / Görükle - 3+1,20.000 TL
Gemlik - 2+1,20.000 TL
Osmangazi / Çekirge - 3+1,20.000 TL
Yıldırım - 1+1,20.000 TL
Nilüfer / Görükle - 2+1,20.000 TL
Nilüfer / Merkez - 2+1,20.000 TL
Nilüfer / Merkez - 1+1,20.000 TL
Mudanya / Güzelyalı - 2+1,20.000 TL
Gemlik - 2+1,20.000 TL
Mudanya - 2+1,20.000 TL
Nilüfer / Merkez - 2+1,20.500 TL
Mudanya - 2+1,20.500 TL
Nilüfer / Görükle - 2+1,20.000 TL
Nilüfer / Görükle - 2+1,20.000 TL
Osmangazi - 3+1,20.000 TL
Osmangazi / Tayakadın - 2+1,20.000 TL
İznik / Çeltikçi - 3+1,20.000 TL
Yıldırım / Ertuğrulgazi - 2+1,20.000 TL
Yıldırım / Ertuğrulgazi - 2+1,20.000 TL
Nilüfer / Akçalar - 2+1,20.000 TL
Yıldırım / Duaçınarı - 3+1,20.000 TL
Gemlik - 3+1,20.000 TL
Nilüfer / Görükle - 2+1,20.000 TL
Nilüfer / Görükle - 2+1,20.000 TL
Nilüfer / Görükle - 2+1,20.000 TL
Nilüfer / Merkez - 2+1,20.000 TL
Nilüfer / Akçalar - 2+1,20.000 TL
Nilüfer / Görükle - 2+1,20.000 TL
Osmangazi / Bağlarbaşı - 2+1,20.000 TL
Nilüfer / Görükle - 2+1,20.000 TL
Nilüfer / Görükle - 2+1,20.000 TL
Yıldırım / Yeşilyayla - 3+1,20.500 TL
Gemlik - 2+1,20.000 TL
Yıldırım / Yeşilyayla - 2+1,20.000 TL
Osmangazi / Demirtaş - 2+1,20.500 TL
Mudanya / Güzelyalı - 3+1,20.000 TL
Kestel - 2+1,20.500 TL
Nilüfer / Görükle - 3+1,20.500 TL
Yıldırım / Duaçınarı - 3+1,20.000 TL
Orhangazi - 2+1,20.000 TL
Nilüfer / Merkez - 3+1,20.500 TL
Osmangazi / Çekirge - 3+1,20.000 TL
Osmangazi - 2+1,20.000 TL
Yıldırım / Hacıvat - 3+1,20.000 TL
Mudanya - 2+1,20.500 TL
Yıldırım / Emirsultan - 4+1,20.000 TL
Nilüfer / Görükle - 3+1,20.000 TL
Gemlik - 3+1,20.000 TL
Osmangazi / Demirtaş - 3+1,20.000 TL
Nilüfer / Köyler - 2+1,20.000 TL
Orhangazi - 4+1,20.000 TL
Osmangazi - 3+1,20.000 TL
Gemlik / Küçükkumla - 2+1,20.000 TL
Nilüfer / Görükle - 3+1,20.000 TL
İnegöl - 3+1,20.000 TL
İnegöl - 2+1,20.000 TL
Yıldırım / Eğitim - 2.5+1,20.000 TL
Nilüfer / Görükle - 2+1,20.000 TL
Osmangazi / Soğanlı - 2+1,20.000 TL
İnegöl - 2+1,20.000 TL
Mustafakemalpaşa - 3+1,20.000 TL
Gemlik - 3+1,20.000 TL
Nilüfer / Köyler - 2+1,20.500 TL
İnegöl - 2+0,20.000 TL
Mudanya - 3+1,20.000 TL
Osmangazi / Köyler - 2+1,20.000 TL
Osmangazi / Demirtaş - 3+1,20.000 TL
Mudanya - 3+1,20.000 TL
Osmangazi / Demirtaş - 2+1,20.000 TL
Osmangazi / Soğanlı - 4.5+1,20.900 TL
Yıldırım / Duaçınarı - 2+1,20.000 TL
Osmangazi / Demirtaş - 3+1,20.000 TL
Osmangazi / Demirtaş - 3+1,20.000 TL
Gemlik - 3+1,20.000 TL
İnegöl - 3+1,20.000 TL
Mustafakemalpaşa - 2+1,20.000 TL
Osmangazi / Çekirge - 2+1,20.000 TL
Nilüfer / Akçalar - 2+1,20.000 TL
Kestel - 3+1,20.000 TL
Nilüfer / Görükle - 2+1,20.000 TL
Mudanya / Güzelyalı - Stüdyo (1+0),20.000 TL
İnegöl - 2+1,20.000 TL
Nilüfer / Merkez - 2+1,20.000 TL
Karacabey - 3+1,20.000 TL
Gemlik / Köyler - 3+1,20.000 TL
Gemlik - 2+1,20.000 TL
Osmangazi / Demirtaş - 3+1,20.500 TL
Nilüfer / Görükle - 2+1,20.000 TL
Karacabey - 3+1,20.000 TL
Yıldırım / Emirsultan - 3+1,20.000 TL
Nilüfer / Görükle - 2+1,20.000 TL
Yıldırım / Arabayatağı - 2+1,20.000 TL
Gürsu - 2+1,20.000 TL
Yıldırım / Duaçınarı - 3+1,20.000 TL
Mudanya / Köyler - 2+1,20.000 TL
Nilüfer / Merkez - 2+1,20.000 TL
Mustafakemalpaşa - 3+1,20.000 TL
Nilüfer / Görükle - 2+1,20.000 TL
Yıldırım / Arabayatağı - 2+1,20.000 TL
Gemlik - 3+1,20.000 TL
Nilüfer / İhsaniye - 2+1,20.000 TL
Osmangazi / Kovukçınar - 2+1,20.000 TL
Nilüfer / Merkez - 2+1,20.000 TL
Karacabey - 2+1,20.000 TL
Nilüfer / Görükle - 2+1,20.000 TL
Gemlik / Küçükkumla - 2+1,20.000 TL
Osmangazi / Emek - 3+1,20.000 TL
Yıldırım / Arabayatağı - 2+1,20.000 TL
İnegöl - 1+1,20.000 TL
Nilüfer / Görükle - 2+1,20.000 TL
Gemlik - 2+1,20.000 TL
Yıldırım / Yeşilyayla - 2+1,20.000 TL
Yıldırım / Ertuğrulgazi - 3+1,20.000 TL
Orhangazi - 2+1,20.000 TL
Mudanya - 3+1,20.000 TL
Yıldırım / Ertuğrulgazi - 2+1,20.000 TL
Nilüfer / Görükle - 2+1,20.000 TL
Nilüfer / Merkez - 2+1,20.000 TL
Yıldırım / Emirsultan - 1.5+1,20.000 TL
Yıldırım / Hacıvat - 3+1,20.000 TL
Yıldırım - 3+1,20.000 TL
Nilüfer / Görükle - 2+1,20.000 TL
Nilüfer / Köyler - 2+1,20.000 TL
Osmangazi - 2+1,20.000 TL
Osmangazi / Demirtaş - 2+1,20.000 TL
Nilüfer / Beşevler - 2+1,20.000 TL
Nilüfer / Görükle - 1+1,20.000 TL
İnegöl / Alanyurt - 3+1,20.000 TL
Mudanya / Güzelyalı - 2+1,20.000 TL
Osmangazi / Emek - 2+1,20.000 TL
Nilüfer / Görükle - 2+1,20.250 TL
Nilüfer / Köyler - 2+1,20.500 TL
Gürsu - 2+1,20.000 TL
İnegöl - 2+1,20.000 TL
Mudanya / Güzelyalı - 2+1,20.000 TL
Yıldırım / Emirsultan - 4+1,20.000 TL
Gürsu - 3+1,20.000 TL
Nilüfer / Beşevler - 3+1,20.000 TL
Orhangazi - 3+1,20.000 TL
Osmangazi - 3+1,20.000 TL
Osmangazi / Demirtaş - 3+1,20.000 TL
Kestel - 3+1,20.000 TL
Nilüfer / Görükle - 2+1,20.000 TL
İnegöl - 3+1,20.000 TL
Nilüfer / Beşevler - 3+1,20.000 TL
Yıldırım - 2+1,20.000 TL
Nilüfer / Merkez - 2+1,20.000 TL
İnegöl - 2.5+1,20.000 TL
Nilüfer / Görükle - 2+1,20.000 TL
Osmangazi - 2.5+1,20.000 TL
Osmangazi / Demirtaş - 3+1,20.000 TL
Nilüfer / Görükle - 1+1,20.000 TL
Osmangazi / Çekirge - 3+1,20.000 TL
Mudanya - 2+1,20.000 TL
Nilüfer / Görükle - 2+1,20.000 TL
Yıldırım / Emirsultan - 3+1,20.000 TL
Nilüfer / Köyler - 2+1,20.000 TL
Osmangazi - 2+1,20.000 TL
İnegöl - 2+1,20.000 TL
Osmangazi / Demirtaş - 2+1,20.000 TL
Nilüfer / Ataevler - 1+1,20.000 TL
Karacabey - 3+1,20.000 TL
Gemlik - 2+1,20.000 TL
Osmangazi - 2+1,20.000 TL
Nilüfer / Görükle - 2+1,20.000 TL
Osmangazi / Bağlarbaşı - 2+1,20.000 TL
Nilüfer / Görükle - 2+1,20.000 TL
Kestel - 2+1,20.000 TL
Osmangazi / Çekirge - 3+1,20.000 TL
Yıldırım / Emirsultan - 3+1,20.000 TL
Nilüfer / Ertuğrul - 3+1,20.000 TL
Nilüfer / Görükle - 1+1,20.000 TL
Nilüfer / Görükle - 2+1,20.000 TL
Gemlik - 2+1,20.000 TL
Yıldırım / Emirsultan - 3+1,20.000 TL
Yıldırım - 3+1,20.000 TL
Nilüfer / Merkez - 3+1,20.000 TL
Karacabey - 3+1,20.000 TL
İnegöl - 1+1,20.000 TL
Osmangazi - 2+1,20.000 TL
Gürsu - 3+1,20.000 TL
Osmangazi / Çekirge - 2+1,20.000 TL
Nilüfer / Görükle - 2+1,20.000 TL
Nilüfer / Köyler - 2+1,20.000 TL
Nilüfer / Görükle - 2+1,20.000 TL
Gürsu - 3+1,20.000 TL
Nilüfer / Görükle - 2+1,20.000 TL
Nilüfer / Görükle - 2+1,20.000 TL
Osmangazi / Bağlarbaşı - 3+1,20.000 TL
Gemlik - 3+1,20.000 TL
Nilüfer / Görükle - 2+1,20.000 TL
Yıldırım / Esenevler - 4+0,20.000 TL
İnegöl - 3+1,20.000 TL
Osmangazi / Altıparmak - 3+1,20.000 TL
Yıldırım / Emirsultan - 2+1,20.000 TL
Orhangazi - 3+1,20.000 TL
Nilüfer / Görükle - 2+1,20.000 TL
Mustafakemalpaşa - 2+0,20.000 TL
Nilüfer / Akçalar - 3+1,20.000 TL
Osmangazi / Bağlarbaşı - 2+1,20.000 TL
Nilüfer / Görükle - 2+1,20.000 TL
Nilüfer / İhsaniye - 2+1,20.000 TL
Osmangazi / Altıparmak - 2+1,20.000 TL
Osmangazi - 3+1,20.000 TL
Nilüfer / Ertuğrul - 2+1,20.000 TL
Osmangazi - 2+1,20.000 TL
İnegöl - 3+1,20.000 TL
Yıldırım / Ertuğrulgazi - 2+1,20.000 TL
Gemlik - 2+1,20.000 TL
Osmangazi / Ulucami - 3+1,20.000 TL
Gemlik - 2+1,20.000 TL
Nilüfer / Görükle - 2+1,20.000 TL
Osmangazi / Altıparmak - 3+1,20.000 TL
Nilüfer / Köyler - 2+1,20.000 TL
Osmangazi / Çekirge - 3+1,20.000 TL
Mudanya - 2+1,20.000 TL
Nilüfer / Köyler - 2+1,20.000 TL
Yıldırım / Emirsultan - 2+1,20.000 TL
Yıldırım / Esenevler - 3+1,20.000 TL
Nilüfer / Akçalar - 2+1,20.000 TL
Nilüfer / Merkez - 2+1,20.500 TL
Nilüfer / Köyler - 2+1,20.000 TL
Yıldırım / Ertuğrulgazi - 3+1,20.000 TL
Osmangazi / Çekirge - 3+1,20.000 TL
İznik - 3+1,20.500 TL
Osmangazi / Demirtaş - 2+1,20.000 TL
Gemlik - 3+1,20.000 TL
Gemlik / Küçükkumla - 2+1,20.000 TL
Yıldırım / Emirsultan - 2.5+1,20.000 TL
Nilüfer / Görükle - 2+1,20.500 TL
Gemlik - 2+1,20.000 TL
Nilüfer / Köyler - 2+1,20.000 TL
İnegöl - 2+1,20.000 TL
Nilüfer / Ataevler - 2+1,20.000 TL
Yıldırım / Yeşilyayla - 2+1,20.000 TL
Nilüfer / Görükle - 3+1,20.000 TL
Mustafakemalpaşa - 2+1,20.000 TL
Nilüfer / Köyler - 2+1,20.500 TL
Gemlik - 2+1,20.000 TL
Nilüfer / Beşevler - 2+1,20.000 TL
Osmangazi / Emek - 3+1,20.500 TL
Mustafakemalpaşa - 3+1,20.000 TL
Gemlik - 3+1,20.000 TL
Gemlik - 2+1,20.000 TL
Osmangazi - 3+1,20.000 TL
Osmangazi / Çekirge - 3+1,20.000 TL
Nilüfer / Köyler - 2+1,20.000 TL
Mustafakemalpaşa - 3+1,20.000 TL
Osmangazi / Bağlarbaşı - 3+1,20.000 TL
Gemlik - 3+1,20.000 TL
Osmangazi / Bağlarbaşı - 3+1,20.000 TL
Karacabey - 3+1,20.000 TL
Osmangazi / Bağlarbaşı - 2+1,20.000 TL
Gemlik - 3+1,20.000 TL
Osmangazi / Kovukçınar - 3+1,20.000 TL
Nilüfer / Köyler - 2+1,20.500 TL
Orhangazi - 2+1,20.000 TL
Osmangazi / Demirtaş - 2+1,20.000 TL
Mustafakemalpaşa - 2+1,20.000 TL
Nilüfer / Görükle - 2+1,20.000 TL
Nilüfer / Merkez - 2+1,20.000 TL
Nilüfer / Görükle - 2+1,20.000 TL
Nilüfer / Görükle - 2+1,20.000 TL
Nilüfer / Merkez - 1+1,20.500 TL
Nilüfer / Beşevler - 3+1,20.000 TL
Osmangazi / Bağlarbaşı - 2+1,20.000 TL
Osmangazi / Bağlarbaşı - 2+1,20.000 TL
İznik - 2+1,20.000 TL
Osmangazi - 2+1,20.000 TL
Nilüfer / Görükle - 2+1,20.000 TL
Yıldırım / Duaçınarı - 2+1,20.000 TL
Karacabey - 3+1,20.000 TL
Yıldırım - 3+1,20.500 TL
Yıldırım / Emirsultan - 3+1,20.000 TL
Nilüfer / Hasanağa - 3+1,20.000 TL
Nilüfer / Beşevler - 1+1,20.000 TL
Nilüfer / Görükle - 2+1,20.000 TL
Mudanya / Güzelyalı - 1+1,20.500 TL
Gemlik - 3+1,20.000 TL
Nilüfer / Görükle - 2+1,20.000 TL
Yıldırım - 2+1,20.000 TL
İnegöl / Alanyurt - 3+1,20.000 TL
Osmangazi / Çekirge - 2+1,20.000 TL
Nilüfer / Görükle - 3+1,20.000 TL
İnegöl / Alanyurt - 3+1,20.000 TL
Nilüfer / Görükle - 2+1,20.000 TL
Osmangazi / Demirtaş - 2+1,20.000 TL
Nilüfer / Beşevler - 1+1,20.000 TL
Osmangazi / Tayakadın - 2+1,20.000 TL
Mudanya - 2+1,20.000 TL
Nilüfer / Görükle - 2+1,20.000 TL
İnegöl - 5+1,20.000 TL
Mustafakemalpaşa - 2+1,20.000 TL
Nilüfer / Görükle - 2+1,20.000 TL
Mudanya / Güzelyalı - 1+1,20.000 TL
Osmangazi - 2+1,20.500 TL
Gemlik - 3+1,20.000 TL
Osmangazi / Tayakadın - Stüdyo (1+0),20.000 TL
Osmangazi - 2+1,20.000 TL
İnegöl - 3+1,20.000 TL
Kestel - 3+1,20.000 TL
Yıldırım - 3+1,20.000 TL
Nilüfer / Görükle - 2+1,20.000 TL
Gürsu - 2+1,20.000 TL
Mudanya - 2+1,20.000 TL
Mustafakemalpaşa - 3+1,20.000 TL
Nilüfer / Görükle - 1+1,20.000 TL
Mudanya - 2+1,20.000 TL
Nilüfer / Köyler - 2+1,20.000 TL
Gemlik - 3+1,20.000 TL
Karacabey - 3+1,20.000 TL
Nilüfer / Görükle - 2+1,20.000 TL
Karacabey - 3+1,20.000 TL
Nilüfer / Görükle - 2+1,20.499 TL
Gemlik - 1+1,20.000 TL
Nilüfer / Görükle - 2+1,20.000 TL
Nilüfer / Köyler - 2+1,20.300 TL
Osmangazi / Çekirge - 3+1,20.000 TL
Yıldırım / Yeşilyayla - 2+1,20.000 TL
Osmangazi / Çekirge - 3+1,20.000 TL
Nilüfer / İhsaniye - 2+1,20.000 TL
İnegöl - 2+1,20.000 TL
Nilüfer / Görükle - 2+1,20.000 TL
İnegöl - 3+1,20.000 TL
Nilüfer / Hasanağa - 2+1,20.000 TL
Mudanya / Güzelyalı - 3+1,20.500 TL
Nilüfer / Köyler - 2+1,20.000 TL
Nilüfer / Görükle - 2+1,20.000 TL
Nilüfer / Görükle - 2+1,20.000 TL
Nilüfer / Hasanağa - 2+1,20.000 TL
Osmangazi / Ulucami - 3+1,20.000 TL
Nilüfer / Görükle - 2+1,20.000 TL
Nilüfer / Köyler - 2+1,20.000 TL
Osmangazi / Demirtaş - 2+1,20.000 TL
Osmangazi / Demirtaş - 2+1,20.000 TL
Osmangazi - 2+1,20.000 TL
Osmangazi / Çekirge - 2+1,20.000 TL
Osmangazi / Çekirge - 3+1,20.000 TL
Nilüfer / Köyler - 2+1,20.500 TL
Yıldırım / Eğitim - 3+0,20.000 TL
Gemlik - 3+1,20.000 TL
Osmangazi / Emek - 3+1,20.000 TL
Karacabey - 3+1,20.000 TL
Mustafakemalpaşa - 3+1,20.000 TL
Nilüfer / Görükle - 2+1,20.500 TL
Nilüfer / Merkez - 3+1,20.000 TL
İnegöl - 1+1,20.000 TL
Nilüfer / Beşevler - 2+1,20.000 TL
Nilüfer / Köyler - 2+1,20.000 TL
Nilüfer / Hasanağa - 2+1,20.000 TL
Gürsu - 2+1,20.000 TL
Yıldırım / Ertuğrulgazi - 2+1,20.000 TL
Osmangazi / Tayakadın - 2+1,20.000 TL
Nilüfer / Görükle - 2+1,20.000 TL
Yıldırım / Ertuğrulgazi - 2+1,20.000 TL
Osmangazi / Demirtaş - 2+1,20.000 TL
Nilüfer / Köyler - 2+1,20.000 TL
Nilüfer / Görükle - 1+1,20.000 TL
Gemlik - 3+1,20.000 TL
Mudanya - 1+1,20.000 TL
Osmangazi - 2+1,20.500 TL
Mustafakemalpaşa - 1+1,20.000 TL
Osmangazi / Çekirge - 3+1,20.000 TL
İnegöl - 2+2,20.000 TL
Nilüfer / Görükle - 2+1,20.000 TL
Nilüfer / Görükle - 2+1,20.000 TL
Nilüfer / İhsaniye - 2+1,20.000 TL
Osmangazi / Demirtaş - 2+1,20.000 TL
Nilüfer / Hasanağa - 3+1,20.000 TL
Gemlik - 2+1,20.000 TL
İnegöl / Alanyurt - 3+1,20.000 TL
İnegöl - 1+1,20.000 TL
Nilüfer / Beşevler - 2+1,20.000 TL
Kestel - 3+1,20.000 TL
Yıldırım / Emirsultan - 2+1,20.000 TL
Karacabey - 3.5+1,20.000 TL
Osmangazi - 1+1,20.000 TL
Osmangazi - 3+1,20.000 TL
Yıldırım / Duaçınarı - 2+1,20.000 TL
Osmangazi / Demirtaş - 2+1,20.000 TL
İnegöl - 3+1,20.000 TL
Gemlik - 2+1,20.000 TL
Yıldırım / Emirsultan - 3+1,20.000 TL
Osmangazi / Kovukçınar - 2+1,20.000 TL
Nilüfer / Köyler - 2+1,20.000 TL
Nilüfer / Köyler - 4+1,20.000 TL
Mustafakemalpaşa - 3+1,20.000 TL
Mudanya - 3+1,20.000 TL
Osmangazi / Ulucami - 3+1,20.500 TL
Nilüfer / Köyler - 2+1,20.750 TL
Nilüfer / İhsaniye - 2+1,20.000 TL
Yıldırım / Esenevler - 3+1,20.000 TL
Gemlik - 3+1,20.000 TL
Mustafakemalpaşa - 3+1,20.000 TL
Mustafakemalpaşa - 4+1,20.000 TL
Yıldırım - 3+1,20.000 TL
Gemlik - 2+1,20.000 TL
Mudanya / Güzelyalı - 3+1,20.000 TL
Nilüfer / Görükle - 2+1,20.000 TL
Gemlik - 2+1,20.000 TL
Nilüfer / Görükle - 2+1,20.000 TL
İnegöl - 3+1,20.000 TL
Osmangazi - 2+1,20.000 TL
Osmangazi / Tayakadın - 2+1,20.000 TL
Osmangazi / Çekirge - 2+1,20.000 TL
Nilüfer / Görükle - 2+1,20.000 TL
Nilüfer / Köyler - 2+1,20.500 TL
Yıldırım / Ertuğrulgazi - 1+1,20.000 TL
Orhangazi - 3+1,20.000 TL
Osmangazi / Maksem - 2+1,20.000 TL
İnegöl - 3+1,20.000 TL
Yıldırım - 2+1,20.000 TL
Gürsu - 2+1,20.000 TL
Nilüfer / İhsaniye - 3+1,20.000 TL
Gemlik - 3+1,20.500 TL
Mustafakemalpaşa - 3+1,20.000 TL
Orhangazi / Yeniköy - 2+1,20.000 TL
Mudanya - 2+1,20.000 TL
Gemlik - 3+1,20.000 TL
Nilüfer / Merkez - 2+1,20.500 TL
Nilüfer / Beşevler - 2+1,20.000 TL
Nilüfer / Ataevler - 3+1,20.000 TL
Nilüfer / Merkez - 1+1,20.500 TL
Nilüfer / Köyler - 2+1,20.500 TL
Osmangazi / Bağlarbaşı - 3+1,20.000 TL
Yıldırım / Arabayatağı - 2+1,20.000 TL
Nilüfer / Görükle - 2+1,20.750 TL
Osmangazi / Maksem - 2+1,20.000 TL
Osmangazi / Kovukçınar - 2+1,20.000 TL
Nilüfer / Köyler - 2+1,20.000 TL
İnegöl - 3+1,20.000 TL
İnegöl - 3+1,20.000 TL
Mustafakemalpaşa - 2+1,20.000 TL
İnegöl - 1+1,20.000 TL
Nilüfer / Görükle - 3+1,20.500 TL
Nilüfer / Görükle - 2+1,20.000 TL
Nilüfer / Görükle - 2+1,20.000 TL
Gemlik - 3+1,20.000 TL
Nilüfer / Beşevler - 2+1,20.000 TL
Nilüfer / Görükle - 2+1,20.900 TL
Osmangazi / Ulucami - 2+1,20.500 TL
Nilüfer / Beşevler - 3+1,20.000 TL
Nilüfer / Görükle - 2+1,20.000 TL
İnegöl - 2+1,20.000 TL
Yıldırım / Eğitim - 2+1,20.000 TL
Nilüfer / Merkez - 1+1,20.950 TL
Nilüfer / Beşevler - 2+1,20.000 TL
Mudanya / Güzelyalı - 2+1,20.000 TL
Yıldırım / Duaçınarı - 3+1,20.000 TL
İnegöl - 2+1,20.000 TL
Orhangazi - 2+1,20.000 TL
Gemlik - 2+1,20.000 TL
Karacabey - 3+1,20.000 TL
Gemlik - 3+1,20.000 TL
Yıldırım / Emirsultan - 2+1,20.000 TL
Osmangazi - 2+1,20.000 TL
Mudanya - 2+1,20.000 TL
Nilüfer / Ataevler - 2+1,20.000 TL
Mudanya - 2+1,20.000 TL
Nilüfer / Merkez - 1+1,20.000 TL
Mudanya - 3+1,20.000 TL
Yıldırım / Duaçınarı - 2+1,20.000 TL
Nilüfer / Görükle - 3+1,20.000 TL
İnegöl - 3+1,20.000 TL
Karacabey - 2+1,20.000 TL
Nilüfer / Görükle - 1+1,20.000 TL
Nilüfer / Görükle - 2+1,20.000 TL
Karacabey - 1+1,20.000 TL
Nilüfer / Görükle - 2+1,20.000 TL
Nilüfer / Merkez - 2+1,20.500 TL
İnegöl / Alanyurt - 2+0,20.000 TL
Nilüfer / Görükle - 3+1,20.000 TL
Mudanya / Güzelyalı - 1+1,20.000 TL
Nilüfer / Görükle - 1+1,20.000 TL
Nilüfer / Görükle - 3+1,20.450 TL
Nilüfer / Görükle - 2+1,20.000 TL
Yıldırım / Esenevler - 3+1,20.000 TL
Yıldırım / Ertuğrulgazi - 3+1,20.000 TL
Gemlik - 3+1,20.000 TL
Osmangazi / Altıparmak - 3+1,20.000 TL
Nilüfer / Görükle - 2+1,20.500 TL
Gemlik - 2+1,20.000 TL
Nilüfer / Görükle - 2+1,20.000 TL
Osmangazi / Bağlarbaşı - 3+1,20.500 TL
Osmangazi - 3+1,20.000 TL
Osmangazi / Altıparmak - 3+1,20.000 TL
Osmangazi / Demirtaş - 2+1,20.000 TL
Gemlik - 3+1,20.000 TL
Nilüfer / Görükle - 3+1,20.000 TL
Nilüfer / Görükle - 2+1,20.000 TL
Gemlik - 2+0,20.000 TL
Nilüfer / Ataevler - 3+1,20.000 TL
Yıldırım / Eğitim - 3+1,20.000 TL
Osmangazi / Tayakadın - 2+1,20.000 TL
Nilüfer / Görükle - 2+1,20.000 TL
Nilüfer / Merkez - 2+1,20.000 TL
Gemlik - 2+1,20.000 TL
Gemlik - 3+1,20.000 TL
Nilüfer / Beşevler - 3+1,20.000 TL
Gemlik - 3+1,20.000 TL
Osmangazi / Emek - 3+1,20.000 TL
Nilüfer / Görükle - 2+1,20.000 TL
İnegöl - 2+1,20.000 TL
Orhangazi - 2+1,20.000 TL
Yıldırım / Duaçınarı - 3+1,20.000 TL
Kestel - 3+1,20.000 TL
Nilüfer / Görükle - 2+1,20.000 TL
Nilüfer / Görükle - 3+1,22.000 TL
Nilüfer / Görükle - 2+1,22.000 TL
Nilüfer / Görükle - 2+1,22.000 TL
Nilüfer / Merkez - 2+1,22.000 TL
Mudanya / Güzelyalı - 2+1,22.000 TL
Yıldırım - 2+1,21.000 TL
Mudanya / Güzelyalı - 3+1,22.500 TL
Osmangazi / Demirtaş - 3+1,22.750 TL
Yıldırım / Esenevler - 2+1,22.000 TL
İnegöl - 2+1,22.000 TL
Nilüfer / Görükle - 2+1,21.000 TL
Nilüfer / Görükle - 2+1,21.000 TL
Osmangazi / Demirtaş - 3+1,22.000 TL
Nilüfer / Akçalar - 3+1,22.000 TL
İznik - 1+1,22.500 TL
Nilüfer / Görükle - 2+1,22.000 TL
Mudanya / Güzelyalı - 2+1,22.000 TL
Osmangazi / Demirtaş - 1+1,22.000 TL
Nilüfer / Görükle - 2+1,21.500 TL
Nilüfer / Merkez - 3+1,21.000 TL
Nilüfer / Görükle - 2+1,22.000 TL
Yıldırım / Ertuğrulgazi - 3+1,22.000 TL
Osmangazi / Bağlarbaşı - 3+1,22.000 TL
Nilüfer / Görükle - 2+1,22.000 TL
Yıldırım - 2+1,21.500 TL
Osmangazi / Bağlarbaşı - 2.5+1,22.500 TL
Nilüfer / Beşevler - 3+1,21.000 TL
Orhangazi - 1+1,22.500 TL
Kestel - 3+1,21.000 TL
Nilüfer / Görükle - 2+1,22.000 TL
Nilüfer / Görükle - 2+1,21.000 TL
Mustafakemalpaşa - 3+1,22.000 TL
Mudanya - 2+1,21.000 TL
Nilüfer / Görükle - 2+1,22.000 TL
Mudanya - 2+1,22.500 TL
Nilüfer / Merkez - 1+1,21.500 TL
Nilüfer / Ataevler - 1+1,22.000 TL
Nilüfer / Görükle - 2+1,22.500 TL
Nilüfer / İhsaniye - 2+1,22.999 TL
Gemlik - 3+1,22.000 TL
Gemlik - 3+1,22.000 TL
Nilüfer / Merkez - 3+1,22.500 TL
Osmangazi / Demirtaş - 3+1,21.000 TL
Nilüfer / Ataevler - 2+1,21.000 TL
Mudanya / Güzelyalı - 2+1,21.000 TL
Yıldırım / Arabayatağı - 2+1,21.500 TL
İnegöl - 3+1,22.000 TL
Osmangazi / Tayakadın - 2+1,21.000 TL
Nilüfer / Ertuğrul - 1+1,22.250 TL
Nilüfer / Görükle - 1+1,21.000 TL
Osmangazi / Bağlarbaşı - 1+1,22.000 TL
Osmangazi - 2+1,22.000 TL
Osmangazi / Bağlarbaşı - 2+1,21.000 TL
Nilüfer / Akçalar - 3+1,22.500 TL
Nilüfer / Görükle - 2+1,22.000 TL
Nilüfer / Görükle - 2+1,21.000 TL
Nilüfer / Görükle - 2+1,21.000 TL
Nilüfer / Görükle - 2+1,22.000 TL
Osmangazi - 3+1,21.000 TL
Nilüfer / Görükle - 2+1,21.000 TL
Mudanya - 3+1,22.000 TL
Nilüfer / Görükle - 2+1,22.000 TL
Gürsu - 3+1,22.000 TL
Osmangazi / Altıparmak - 2+1,22.000 TL
Mudanya - 2+1,22.500 TL
Nilüfer / Beşevler - 3+1,21.000 TL
Osmangazi / Demirtaş - 2+1,22.500 TL
Gemlik - 3+1,22.500 TL
Nilüfer / Beşevler - 3+1,22.000 TL
Nilüfer / Görükle - 2+1,21.500 TL
Nilüfer / Görükle - 2+1,22.500 TL
İnegöl - 3+1,21.000 TL
Nilüfer / Görükle - 2+1,22.000 TL
Osmangazi - 2+1,22.000 TL
Nilüfer / Merkez - 1+1,21.000 TL
İnegöl - 1+1,22.500 TL
Nilüfer / Görükle - 2+1,21.000 TL
Gemlik - 1+1,22.000 TL
Nilüfer / Görükle - 2+1,22.000 TL
Osmangazi / Demirtaş - 3+1,21.000 TL
Nilüfer / Görükle - 3+1,22.000 TL
Nilüfer / İhsaniye - 2+1,22.000 TL
Mudanya - 1+1,22.000 TL
Nilüfer / Köyler - 2+1,21.000 TL
Osmangazi / Emek - 2+1,21.000 TL
Nilüfer / Köyler - 2+1,21.000 TL
Orhangazi - 3+1,22.000 TL
Osmangazi / Demirtaş - 4+1,22.000 TL
İnegöl / Alanyurt - 3+1,21.000 TL
Nilüfer / Görükle - 2+1,22.000 TL
Osmangazi / Demirtaş - 3+1,21.500 TL
Nilüfer / Görükle - 3+1,21.000 TL
Nilüfer / Görükle - 2+1,22.000 TL
Nilüfer / Merkez - 2+1,22.000 TL
Nilüfer / Görükle - 2+1,21.000 TL
Nilüfer / Ataevler - 2+1,22.000 TL
Osmangazi - 2+1,22.500 TL
Osmangazi / Demirtaş - 2+1,22.500 TL
Nilüfer / Görükle - 2+1,21.000 TL
Kestel - 3+1,21.000 TL
Nilüfer / Ataevler - 3+1,22.000 TL
Nilüfer / Merkez - 3+1,22.000 TL
Gemlik - 3+1,22.000 TL
Nilüfer / Görükle - 4+1,21.000 TL
Osmangazi - 2+1,22.000 TL
Nilüfer / Akçalar - 3+1,22.000 TL
Yıldırım - 3+1,22.999 TL
Nilüfer / Görükle - 3+1,22.750 TL
Nilüfer / Görükle - 2+1,21.000 TL
Nilüfer / Hasanağa - 2+1,21.000 TL
Nilüfer / Görükle - 2+1,22.000 TL
Nilüfer / Merkez - 2+1,22.500 TL
Osmangazi / Demirtaş - 2+1,22.000 TL
Nilüfer / Merkez - 2+1,21.500 TL
Nilüfer / Ataevler - 2+1,21.000 TL
Yıldırım - 3+1,22.500 TL
Gemlik - 2+1,22.000 TL
Gemlik - 2+1,22.000 TL
Gürsu - 3+1,22.000 TL
Yıldırım / Ertuğrulgazi - 3+1,21.000 TL
Nilüfer / Görükle - 3+1,22.000 TL
Gürsu - 3+1,21.000 TL
Mustafakemalpaşa - 3+1,21.000 TL
Mudanya / Köyler - 2+1,22.000 TL
Nilüfer / Görükle - 2+1,21.000 TL
Osmangazi / Tayakadın - 2+1,22.000 TL
Nilüfer / Merkez - 2+1,22.000 TL
Yıldırım / Eğitim - 2+1,22.000 TL
Osmangazi / Demirtaş - 2+1,22.000 TL
Nilüfer / Merkez - 3+1,21.000 TL
Nilüfer / Görükle - 2+1,22.500 TL
Mudanya - 1+1,22.000 TL
Nilüfer / Görükle - 3+1,22.000 TL
Nilüfer / Ataevler - 3+1,22.000 TL
İznik - 2+1,22.000 TL
Osmangazi / Emek - 3+1,21.000 TL
İnegöl - 3+1,21.500 TL
Osmangazi - 2+1,22.000 TL
Nilüfer / Merkez - 2+1,21.500 TL
Mudanya - 3+1,22.000 TL
Nilüfer / Köyler - 2+1,21.000 TL
Nilüfer / Görükle - 3+1,22.000 TL
İnegöl - 3+1,21.000 TL
Nilüfer / Akçalar - 3+1,22.500 TL
İznik - 3+1,22.000 TL
Nilüfer / Merkez - 2+1,22.500 TL
Osmangazi - 2+1,22.000 TL
İnegöl / Alanyurt - 2+1,21.000 TL
Nilüfer / İhsaniye - 1+1,22.000 TL
Osmangazi / Demirtaş - 3+1,22.500 TL
Nilüfer / Ataevler - 1+1,21.000 TL
Nilüfer / Görükle - 2+1,21.000 TL
Nilüfer / Kayapa - 2+1,22.000 TL
Nilüfer / Merkez - 2+1,21.000 TL
Nilüfer / Görükle - 2.5+1,21.500 TL
Nilüfer / Beşevler - 3+1,22.000 TL
Nilüfer / Görükle - 3+1,22.000 TL
Osmangazi - 3+1,22.000 TL
Osmangazi / Ulucami - 2+1,22.000 TL
Gemlik - 3+1,22.500 TL
Mudanya / Güzelyalı - 2+1,22.000 TL
Yıldırım / Yeşilyayla - 2+1,21.000 TL
Nilüfer / Akçalar - 3+1,22.000 TL
Yıldırım / Emirsultan - 3+1,22.000 TL
Nilüfer / Görükle - 2+1,22.000 TL
Yıldırım / Esenevler - 3+1,21.000 TL
Osmangazi / Çekirge - 2+1,22.000 TL
Osmangazi / Maksem - 3+1,22.000 TL
Osmangazi / Altıparmak - 2+1,21.000 TL
Osmangazi / Altıparmak - 3+1,22.500 TL
Nilüfer / Akçalar - 3+1,22.500 TL
Nilüfer / Hasanağa - 3+1,21.000 TL
Nilüfer / Görükle - 3+1,22.000 TL
Mustafakemalpaşa - 4+1,22.000 TL
Nilüfer / Köyler - 2+1,21.000 TL
Mudanya - 3+1,22.000 TL
Mudanya - 2+1,22.500 TL
Nilüfer / Beşevler - 3+1,21.000 TL
Yıldırım / Eğitim - 3+1,22.500 TL
Osmangazi / Altıparmak - 3+1,22.000 TL
Nilüfer / Beşevler - 3+1,21.000 TL
Osmangazi / Emek - 2+1,21.000 TL
Nilüfer / Görükle - 2+1,22.000 TL
Nilüfer / Köyler - 2+1,21.500 TL
Nilüfer / Görükle - 2+1,21.500 TL
Yıldırım / Esenevler - 2+1,21.500 TL
Gemlik - 2+1,22.000 TL
Nilüfer / Beşevler - 3+1,21.000 TL
Yıldırım / Ertuğrulgazi - 2+1,22.000 TL
Yıldırım / Hacıvat - 2+1,21.000 TL
Nilüfer / Akçalar - 3+1,22.000 TL
Nilüfer / Görükle - 2+1,22.000 TL
Nilüfer / Görükle - 2+1,21.000 TL
Osmangazi / Demirtaş - 3+1,22.950 TL
Mustafakemalpaşa - 3+1,22.000 TL
Yıldırım / Emirsultan - 2+1,21.000 TL
Osmangazi / Emek - 3+1,21.500 TL
Kestel - 3+1,22.500 TL
İnegöl / Alanyurt - 3+1,21.000 TL
Karacabey - 2+1,21.000 TL
Osmangazi / Bağlarbaşı - 1+1,21.000 TL
Yıldırım / Emirsultan - 3+1,22.500 TL
Gemlik - 3+1,22.500 TL
Nilüfer / Merkez - 3+1,21.000 TL
Osmangazi / Ulucami - 3+1,21.000 TL
Nilüfer / Ataevler - 1+1,22.500 TL
Kestel - 3+1,21.500 TL
Yıldırım / Eğitim - 3.5+1,21.000 TL
Osmangazi / Demirtaş - 3+1,22.500 TL
Yıldırım - 3+1,21.000 TL
Osmangazi - 2+1,22.000 TL
Orhangazi - 3+1,22.000 TL
Mudanya - 2+1,21.000 TL
Nilüfer / Görükle - 2+1,22.000 TL
Nilüfer / Köyler - 2+1,21.000 TL
Nilüfer / Köyler - 2+1,22.000 TL
Gemlik / Köyler - 2+1,22.000 TL
Mudanya - 3+1,22.750 TL
Yıldırım / Hacıvat - 2+1,21.000 TL
Nilüfer / Akçalar - 2+1,22.000 TL
Nilüfer / Görükle - 2+1,21.000 TL
Osmangazi / Demirtaş - 2+1,21.500 TL
Gemlik - 2+1,22.000 TL
Nilüfer / Beşevler - 3+1,21.000 TL
Gemlik / Küçükkumla - 2+1,22.500 TL
Gemlik - 2+1,21.000 TL
Nilüfer / Merkez - 2+1,21.500 TL
Nilüfer / Görükle - 2+1,21.000 TL
Osmangazi / Emek - 3+1,21.000 TL
Nilüfer / Görükle - 3+1,22.500 TL
Osmangazi / Bağlarbaşı - 3+1,22.000 TL
Osmangazi / Ovaakça - 3+1,22.000 TL
Gemlik / Umurbey - 2+1,22.000 TL
Nilüfer / Ataevler - 2+1,22.500 TL
Nilüfer / Görükle - 2+1,21.000 TL
Yıldırım / Emirsultan - 2+1,21.750 TL
Yıldırım / Emirsultan - 2+1,22.500 TL
Osmangazi / Demirtaş - 3+1,21.999 TL
Osmangazi / Bağlarbaşı - 3+1,22.500 TL
Nilüfer / Hasanağa - 3+1,22.000 TL
Nilüfer / Beşevler - 3+1,21.000 TL
Nilüfer / Görükle - 2+1,22.000 TL
Nilüfer / Görükle - 2+1,22.500 TL
Osmangazi / Altıparmak - 3+1,22.500 TL
Osmangazi / Altıparmak - 2+1,22.000 TL
Gemlik - 3+1,22.000 TL
Yıldırım - 3+1,22.000 TL
Osmangazi / Ulucami - 3+1,22.500 TL
Nilüfer / Görükle - 2+1,22.000 TL
Nilüfer / Akçalar - 2+1,21.000 TL
Osmangazi / Emek - 2+1,22.000 TL
Osmangazi / Bağlarbaşı - 3+1,22.500 TL
Osmangazi - 2+1,22.000 TL
Mudanya - 2+1,22.000 TL
Nilüfer / Merkez - 1+1,21.000 TL
Nilüfer / Görükle - 3+1,22.000 TL
Nilüfer / Görükle - 2+1,22.000 TL
Osmangazi / Tayakadın - 1+1,22.000 TL
Osmangazi / Çekirge - 3+1,22.000 TL
Yıldırım / Ertuğrulgazi - 3+1,22.000 TL
Osmangazi / Tayakadın - 2+1,21.000 TL
Osmangazi / Emek - 2+1,21.000 TL
Nilüfer / Görükle - 2+1,22.000 TL
Nilüfer / Köyler - 2+1,21.500 TL
Osmangazi - 2+1,22.000 TL
Nilüfer / Görükle - 2+1,21.000 TL
Osmangazi / Tayakadın - 2+1,21.000 TL
Yıldırım / Ertuğrulgazi - 3+1,22.000 TL
Nilüfer / Merkez - 1+1,21.500 TL
Osmangazi / Demirtaş - 2+1,22.000 TL
Nilüfer / Köyler - 2+1,22.000 TL
Mudanya / Güzelyalı - 2+1,22.000 TL
Osmangazi / Çekirge - 3+1,22.500 TL
Osmangazi / Tayakadın - 3+1,22.000 TL
Karacabey - 3+1,22.000 TL
İnegöl - 3+1,21.000 TL
Nilüfer / Ataevler - 2+1,21.000 TL
Nilüfer / Görükle - 2+1,22.000 TL
Nilüfer / Beşevler - 2+1,22.500 TL
Gemlik - 2+1,22.000 TL
Osmangazi - 3+1,21.000 TL
Nilüfer / Merkez - 1+1,22.000 TL
Osmangazi / Kovukçınar - 2+1,22.500 TL
Nilüfer / Görükle - 4+1,22.000 TL
Nilüfer / Ataevler - 2.5+1,21.000 TL
Osmangazi / Çekirge - 2+1,21.000 TL
Osmangazi / Emek - 3+1,21.000 TL
Nilüfer / Beşevler - 3+1,21.000 TL
Mudanya - 2+1,21.000 TL
Nilüfer / Görükle - 2+1,22.500 TL
Nilüfer / Beşevler - 3+1,22.500 TL
İnegöl / Alanyurt - 3+1,21.000 TL
Osmangazi / Emek - 3+1,22.000 TL
Nilüfer / Köyler - 2+1,22.000 TL
Osmangazi - 2+1,22.000 TL
Nilüfer / Görükle - 2+1,21.000 TL
Nilüfer / Görükle - 2+1,22.000 TL
Mudanya - 2+1,21.000 TL
Osmangazi / Tayakadın - Stüdyo (1+0),22.000 TL
Gemlik / Küçükkumla - 2+1,21.000 TL
Nilüfer / Beşevler - 3+1,22.500 TL
Mudanya - 3+1,21.000 TL
Nilüfer / Görükle - 2+1,21.000 TL
Osmangazi / Demirtaş - 3+1,22.000 TL
Nilüfer / Hasanağa - 3+1,22.000 TL
Osmangazi - 2+1,21.000 TL
Nilüfer / Görükle - 3+1,21.000 TL
Yıldırım / Hacıvat - 3+1,21.000 TL
Nilüfer / Görükle - 2+1,22.000 TL
Kestel - 2+1,21.500 TL
Gürsu - 2+1,22.000 TL
Nilüfer / Görükle - 2+1,22.000 TL
Osmangazi / Çekirge - 3+1,21.500 TL
Nilüfer / Akçalar - 3+1,21.000 TL
Mustafakemalpaşa - 3+1,22.500 TL
Osmangazi / Demirtaş - 2+1,22.000 TL
Nilüfer / Beşevler - 1+1,21.000 TL
Osmangazi - 3+1,22.500 TL
Gemlik - 2+1,22.000 TL
Nilüfer / Görükle - 2+1,22.000 TL
Osmangazi / Altıparmak - 2+1,22.500 TL
Osmangazi - 3+1,22.500 TL
Osmangazi - 2+1,22.000 TL
Osmangazi / Köyler - 3+1,22.000 TL
Osmangazi / Ulucami - 3+1,22.500 TL
Nilüfer / Beşevler - 2+1,22.500 TL
Karacabey - 2+0,22.000 TL
Nilüfer / Merkez - 2+1,21.000 TL
İnegöl - 3+1,21.500 TL
Nilüfer / Akçalar - 3+1,22.500 TL
Nilüfer / Akçalar - 3+1,21.000 TL
Nilüfer / Beşevler - 2+1,22.000 TL
Osmangazi / Demirtaş - 1+1,21.000 TL
Osmangazi / Çekirge - 3+1,21.000 TL
Osmangazi / Tayakadın - Stüdyo (1+0),22.000 TL
Osmangazi / Ulucami - 2+1,22.000 TL
Mudanya - 3+1,22.000 TL
Nilüfer / Görükle - 2+1,21.000 TL
Nilüfer / Görükle - 2+1,22.000 TL
Gemlik - 2+1,21.000 TL
Osmangazi - 3+1,22.000 TL
İnegöl - 3+1,21.000 TL
Osmangazi / Demirtaş - 2+1,22.000 TL
Yıldırım / Esenevler - 3+1,21.000 TL
Osmangazi / Demirtaş - 4+1,21.500 TL
İnegöl - 2+1,21.000 TL
Gemlik - 2+1,22.000 TL
Osmangazi / Çekirge - 2+1,22.500 TL
Nilüfer / Görükle - 3+1,21.000 TL
Osmangazi - 3+1,22.000 TL
Mudanya / Güzelyalı - 3+1,21.000 TL
Osmangazi - 2+1,22.000 TL
Mudanya / Güzelyalı - 3+1,21.000 TL
Osmangazi / Maksem - 2+1,21.950 TL
Osmangazi - 2+1,22.000 TL
Nilüfer / Köyler - 2+1,22.000 TL
İnegöl - 2+1,21.000 TL
Osmangazi / Kovukçınar - 2+1,22.000 TL
Osmangazi - 4+1,21.500 TL
Nilüfer / Görükle - 2+1,22.000 TL
Osmangazi / Maksem - 2+1,21.000 TL
Gemlik - 3+1,21.000 TL
Yıldırım / Duaçınarı - 3+1,22.000 TL
Mudanya / Güzelyalı - 2+1,21.000 TL
Nilüfer / Akçalar - 3+1,21.750 TL
Nilüfer / Görükle - 2+1,21.500 TL
Osmangazi / Demirtaş - 2+1,22.000 TL
Nilüfer / Ataevler - 1+1,22.500 TL
Nilüfer / Görükle - 2+1,22.500 TL
Osmangazi / Maksem - 2+1,21.000 TL
Gemlik - 3+1,22.000 TL
Mudanya / Güzelyalı - 2+1,22.000 TL
Nilüfer / Görükle - 2+1,21.000 TL
Yıldırım / Duaçınarı - 2+1,21.500 TL
Yıldırım - 3+1,21.000 TL
Osmangazi / Bağlarbaşı - 2+1,21.000 TL
Gemlik - 3+1,21.000 TL
Karacabey - 3+1,22.500 TL
Nilüfer / Merkez - Stüdyo (1+0),21.500 TL
Gürsu - 2+1,21.000 TL
Nilüfer / Görükle - 2+1,22.000 TL
Nilüfer / Akçalar - 2+1,21.000 TL
Kestel - 3+1,21.000 TL
Nilüfer / Akçalar - 3+1,21.000 TL
Nilüfer / Görükle - 3+1,22.000 TL
Nilüfer / Görükle - 2+1,22.000 TL
Osmangazi - 2+1,22.500 TL
Gemlik - 2+1,21.000 TL
Nilüfer / Görükle - 2+1,22.000 TL
Mustafakemalpaşa - 3+1,22.000 TL
Mudanya / Güzelyalı - 3+1,22.500 TL
Karacabey - 2+0,22.500 TL
Nilüfer / Ataevler - 2+1,21.500 TL
Nilüfer / Ertuğrul - 3+1,22.000 TL
Mudanya - 3+1,22.000 TL
Nilüfer / Beşevler - 2+1,21.000 TL
Nilüfer / Merkez - 3+1,22.500 TL
Osmangazi - 2+1,21.000 TL
Osmangazi / Altıparmak - 3+1,22.000 TL
Mustafakemalpaşa - 3+1,22.500 TL
Nilüfer / Akçalar - 3+1,21.000 TL
Nilüfer / Görükle - 2+1,22.000 TL
Osmangazi - 3+1,22.000 TL
Nilüfer / Köyler - 2+1,22.500 TL
Osmangazi / Emek - 2+1,22.000 TL
Yenişehir - 3+1,21.000 TL
Gemlik - 2+1,21.000 TL
Nilüfer / İhsaniye - 3+1,22.750 TL
Yıldırım / Emirsultan - 3+1,22.000 TL
Yıldırım / Eğitim - 1+1,22.000 TL
Gemlik - 3+1,22.000 TL
Nilüfer / Görükle - 2+1,22.000 TL
Osmangazi / Altıparmak - 2+1,22.000 TL
Osmangazi / Bağlarbaşı - 3+1,21.000 TL
Osmangazi / Kovukçınar - 2+1,22.500 TL
Nilüfer / Merkez - 2+1,22.000 TL
Osmangazi - 3+1,21.000 TL
Osmangazi - 2+1,21.000 TL
Yıldırım / Ertuğrulgazi - 3+1,22.000 TL
Nilüfer / Görükle - 3+1,22.000 TL
Mustafakemalpaşa - 2+1,22.000 TL
Osmangazi / Kovukçınar - 2+1,22.000 TL
Yenişehir - 3+1,21.000 TL
Mustafakemalpaşa - 3+1,22.000 TL
Yıldırım / Emirsultan - 2+1,21.500 TL
Nilüfer / Köyler - 2+1,21.000 TL
Mudanya - 2+1,22.500 TL
Yıldırım / Eğitim - 3+1,22.000 TL
İnegöl - 1+1,21.000 TL
Osmangazi / Tayakadın - 2+1,22.000 TL
Yıldırım / Esenevler - 2+1,21.000 TL
Osmangazi - 3+1,22.750 TL
Nilüfer / Akçalar - 2+1,21.000 TL
Nilüfer / Köyler - 2+1,21.500 TL
Yıldırım / Esenevler - 3+1,22.500 TL
Osmangazi - 3+1,21.000 TL
Nilüfer / Görükle - 3+1,21.000 TL
Osmangazi / Çekirge - 2+1,21.000 TL
Nilüfer / Merkez - 2+1,21.000 TL
Nilüfer / İhsaniye - 3+1,22.000 TL
Osmangazi / Demirtaş - 3+1,21.000 TL
Gemlik / Küçükkumla - 2+0,22.000 TL
Nilüfer / Görükle - 2+1,21.000 TL
Nilüfer / Merkez - 3+1,22.000 TL
Yıldırım / Esenevler - 3.5+1,21.000 TL
Nilüfer / Ataevler - 3+1,22.500 TL
Osmangazi / Maksem - 2+1,22.000 TL
Osmangazi / Demirtaş - 1+1,22.000 TL
Yıldırım / Hacıvat - 3+1,22.000 TL
Osmangazi / Çekirge - 2+1,22.750 TL
Osmangazi / Bağlarbaşı - 2+1,21.000 TL
Karacabey - 3+1,21.000 TL
Gemlik - 3+1,22.000 TL
Yıldırım / Esenevler - 3+1,21.000 TL
Yıldırım / Emirsultan - 3+1,22.000 TL
Gemlik - 4+1,22.000 TL
Gemlik - 3+1,22.000 TL
Osmangazi / Tayakadın - 2+1,21.000 TL
İnegöl / Alanyurt - 1+1,22.000 TL
Nilüfer / Akçalar - 2+1,22.500 TL
Karacabey - 4+1,21.000 TL
Nilüfer / Merkez - 2+1,21.750 TL
Mudanya - 1+1,22.000 TL
Nilüfer / Görükle - 2+1,22.000 TL
Nilüfer / Merkez - 3+1,21.000 TL
Nilüfer / Görükle - 2+1,21.000 TL
Nilüfer / Ertuğrul - 2+1,22.000 TL
Karacabey - 3+1,22.500 TL
Nilüfer / Görükle - 2+1,21.000 TL
Osmangazi / Emek - 2+1,22.000 TL
Gemlik - 3+1,21.000 TL
Nilüfer / Merkez - 2+1,21.000 TL
Nilüfer / Görükle - 2+1,22.000 TL
Nilüfer / Görükle - 2+1,21.000 TL
Gemlik - 3+1,21.000 TL
Gemlik - 3+1,22.000 TL
Gemlik - 3+1,22.000 TL
Nilüfer / Görükle - 2+1,21.500 TL
Mudanya - 2+1,23.000 TL
Nilüfer / Beşevler - 3+1,24.500 TL
İnegöl - 2+1,24.000 TL
Nilüfer / Görükle - 2+1,23.000 TL
Osmangazi / Demirtaş - 3+1,23.000 TL
Osmangazi / Tayakadın - 2+1,23.500 TL
Gürsu - 3+1,23.000 TL
Nilüfer / Merkez - 3+1,23.000 TL
Osmangazi / Demirtaş - 4+1,23.000 TL
Nilüfer / Görükle - 2+1,24.000 TL
Osmangazi / Çekirge - 3+1,24.500 TL
Osmangazi / Çekirge - 3+1,24.000 TL
Gürsu - 3+1,23.000 TL
Nilüfer / Görükle - 2+1,23.000 TL
Nilüfer / Görükle - 3+1,23.000 TL
Orhangazi - 2+1,23.000 TL
Nilüfer / Merkez - 2+1,23.000 TL
Nilüfer / Merkez - 2+1,24.000 TL
Osmangazi / Demirtaş - 3+1,23.000 TL
Yıldırım / Esenevler - 3+1,24.900 TL
Nilüfer / Köyler - 2+1,24.000 TL
Osmangazi / Demirtaş - 3+1,23.000 TL
Osmangazi / Demirtaş - 3+1,23.000 TL
Nilüfer / Merkez - 2+1,23.000 TL
Osmangazi / Demirtaş - 3+1,23.000 TL
Yıldırım / Ertuğrulgazi - 2+1,23.000 TL
Osmangazi / Tayakadın - 2+1,24.500 TL
Nilüfer / Görükle - 2+1,23.000 TL
Nilüfer / Görükle - 2+1,23.000 TL
Nilüfer / Görükle - 2+1,23.000 TL
Nilüfer / Görükle - 3+1,23.000 TL
İnegöl / Alanyurt - 2+1,24.000 TL
Gemlik - 1+1,23.000 TL
Gemlik - 4+1,23.000 TL
Kestel - 3+1,23.000 TL
Nilüfer / Görükle - 3+1,24.000 TL
Nilüfer / Beşevler - 3+1,23.000 TL
Gemlik - 2+1,24.000 TL
Osmangazi / Tayakadın - Stüdyo (1+0),23.500 TL
Nilüfer / Görükle - 3+1,23.500 TL
Osmangazi / Demirtaş - 3+1,24.500 TL
İnegöl / Alanyurt - 2+1,23.000 TL
Osmangazi / Demirtaş - 3+1,23.000 TL
İnegöl - 1+1,23.000 TL
Osmangazi - 5+1,23.000 TL
Nilüfer / Ataevler - 3+0,24.000 TL
Nilüfer / Merkez - 2.5+1,24.000 TL
Yıldırım - 2+1,23.000 TL
Osmangazi - 3+1,24.500 TL
Nilüfer / Ataevler - 2+1,23.000 TL
Nilüfer / Hasanağa - 3+1,23.500 TL
Nilüfer / Merkez - 5+1,23.750 TL
Osmangazi / Demirtaş - 3+1,24.000 TL
Nilüfer / Merkez - 3+1,23.000 TL
Nilüfer / Merkez - 3+1,23.000 TL
İnegöl / Alanyurt - 2+0,24.000 TL
Osmangazi / Demirtaş - 2+1,23.000 TL
Osmangazi / Demirtaş - 3+1,23.000 TL
Osmangazi - 4+1,23.000 TL
Yıldırım / Ertuğrulgazi - 3+1,23.000 TL
Gemlik - 3+1,23.000 TL
Osmangazi / Demirtaş - 3+1,24.000 TL
Osmangazi - 2+1,24.500 TL
Osmangazi / Demirtaş - 2+1,24.500 TL
Osmangazi / Çekirge - 3+1,23.000 TL
Osmangazi / Altıparmak - 2+1,24.000 TL
Nilüfer / Ertuğrul - 1+1,23.000 TL
Gemlik - 3+1,23.000 TL
Nilüfer / Merkez - 2+1,24.500 TL
Nilüfer / Kayapa - 3+1,24.000 TL
Osmangazi - 3+1,23.000 TL
Nilüfer / Görükle - 2+1,23.000 TL
Gemlik - 3+1,23.000 TL
Osmangazi / Emek - 3+1,23.000 TL
Yıldırım / Duaçınarı - 2+1,24.000 TL
İnegöl - 3+1,24.000 TL
Nilüfer / Merkez - 2+1,23.000 TL
Nilüfer / Beşevler - 2+1,24.000 TL
Mustafakemalpaşa - 2+1,23.000 TL
Yıldırım / Emirsultan - 3+1,23.000 TL
Osmangazi / Çekirge - 3+1,24.000 TL
Osmangazi / Demirtaş - 3+1,24.750 TL
Nilüfer / Merkez - 3+1,23.900 TL
Osmangazi / Demirtaş - 2+1,24.000 TL
Nilüfer / Görükle - 2+1,23.500 TL
Gemlik - 2+1,23.000 TL
Nilüfer / Beşevler - 3+1,23.000 TL
İznik - 2+1,24.000 TL
Nilüfer / Merkez - 3+1,23.000 TL
Osmangazi / Demirtaş - 2+1,24.000 TL
Nilüfer / İhsaniye - 2+1,23.500 TL
Mustafakemalpaşa - 3+1,23.500 TL
Nilüfer / Merkez - 2+1,24.000 TL
Osmangazi - 2+1,23.000 TL
Nilüfer / İhsaniye - 3+1,23.000 TL
Osmangazi - 2+1,23.000 TL
Osmangazi / Emek - 2+1,23.000 TL
Osmangazi / Ovaakça - 2+1,23.000 TL
Nilüfer / Beşevler - 3+1,24.000 TL
Nilüfer / Beşevler - 3+1,24.750 TL
Gürsu - 3+1,23.000 TL
Osmangazi / Emek - 2+1,24.500 TL
Nilüfer / Ataevler - 3+1,23.000 TL
Nilüfer / Görükle - 3+1,23.500 TL
Mustafakemalpaşa - 2+1,24.000 TL
Nilüfer / Görükle - 2+1,24.500 TL
Osmangazi - 2+1,24.000 TL
Nilüfer / Merkez - 3+1,23.000 TL
Nilüfer / Görükle - 2+1,23.000 TL
Gemlik - 3+1,23.000 TL
Nilüfer / İhsaniye - 2+1,24.000 TL
Osmangazi / Demirtaş - 3+1,24.500 TL
Nilüfer / Akçalar - 3+1,24.000 TL
Osmangazi / Demirtaş - 3+1,24.500 TL
Osmangazi / Demirtaş - 4+1,23.000 TL
Osmangazi / Demirtaş - 3+1,23.500 TL
Mudanya - 3+1,24.000 TL
Nilüfer / Merkez - 2+1,23.000 TL
Nilüfer / Merkez - 2+1,24.500 TL
İnegöl / Alanyurt - 3+1,23.000 TL
Nilüfer / Görükle - 2+1,24.000 TL
Mudanya / Güzelyalı - 3+1,23.000 TL
Nilüfer / İhsaniye - 2+1,23.000 TL
Osmangazi / Tayakadın - 3+1,23.000 TL
Osmangazi / Demirtaş - 3+1,24.000 TL
Nilüfer / Merkez - 2+1,24.000 TL
Nilüfer / Görükle - 2+1,24.000 TL
Nilüfer / Merkez - 2+1,23.000 TL
Osmangazi - 2+1,24.000 TL
Nilüfer / Görükle - 2+1,23.000 TL
Nilüfer / Köyler - 2+1,23.000 TL
Gemlik - 3+1,23.000 TL
Yıldırım / Arabayatağı - 2+1,23.000 TL
Nilüfer / Ertuğrul - 3+1,24.000 TL
Nilüfer / Ataevler - 1+1,23.500 TL
Nilüfer / Beşevler - 3+1,24.000 TL
Nilüfer / Merkez - 2+1,23.000 TL
Osmangazi / Demirtaş - 1+1,23.000 TL
Osmangazi / Soğanlı - 3+1,24.000 TL
Mudanya - 3+1,23.000 TL
Nilüfer / İhsaniye - 3+1,23.000 TL
Nilüfer / Merkez - 3+1,24.500 TL
Gürsu - 2+1,23.000 TL
Osmangazi / Ovaakça - 3+1,24.000 TL
Nilüfer / Merkez - 2.5+1,23.500 TL
Nilüfer / Ertuğrul - 2+1,24.000 TL
Nilüfer / Ataevler - 3+1,24.000 TL
Osmangazi / Altıparmak - 3+1,23.000 TL
Mudanya / Güzelyalı - 2+1,23.000 TL
Mudanya - 3+1,24.000 TL
Nilüfer / Ataevler - 3+1,24.000 TL
Nilüfer / Merkez - 1+1,23.000 TL
Osmangazi / Demirtaş - 3+1,23.000 TL
Osmangazi - 2+1,23.000 TL
Nilüfer / Görükle - 3+1,24.000 TL
Nilüfer / Görükle - 2+1,23.500 TL
Nilüfer / Görükle - 2+1,23.000 TL
Nilüfer / Beşevler - 3+1,24.750 TL
Nilüfer / Görükle - 2+1,23.000 TL
Osmangazi / Tayakadın - 2+1,23.000 TL
Nilüfer / Merkez - 4+1,24.500 TL
Yıldırım / Ertuğrulgazi - 5+1,24.000 TL
Nilüfer / Beşevler - 3+1,24.000 TL
Nilüfer / Merkez - 3+1,23.500 TL
Nilüfer / Akçalar - 4+1,23.000 TL
Nilüfer / Köyler - 3+1,24.000 TL
Nilüfer / Merkez - 2+1,23.000 TL
İnegöl - 2+1,24.000 TL
Yıldırım / Esenevler - 2+1,23.000 TL
Nilüfer / Merkez - 2+1,23.000 TL
Osmangazi / Demirtaş - 3+1,24.500 TL
Mudanya - 2+1,23.500 TL
Nilüfer / Merkez - 3+1,24.000 TL
Nilüfer / Beşevler - 3+1,23.000 TL
Osmangazi / Tayakadın - 2+1,23.000 TL
Osmangazi / Demirtaş - 3+1,24.500 TL
Yıldırım / Esenevler - 3+1,24.999 TL
Mudanya / Güzelyalı - 2+1,23.000 TL
Osmangazi / Çekirge - 3+1,23.000 TL
Nilüfer / Ataevler - 3+1,23.000 TL
Karacabey - 4+1,23.000 TL
İznik - 3+1,23.000 TL
Nilüfer / Merkez - 1+1,24.000 TL
Nilüfer / Beşevler - 3+1,23.000 TL
Nilüfer / Görükle - 3+1,23.000 TL
Gürsu - 3+1,23.000 TL
Nilüfer / Merkez - 2+1,23.000 TL
Mustafakemalpaşa - 2+1,24.000 TL
Nilüfer / Görükle - 2+1,23.000 TL
Nilüfer / Merkez - 2+1,24.000 TL
İznik - 3+1,24.000 TL
Nilüfer / Görükle - 2+1,24.000 TL
İnegöl / Alanyurt - 3+1,23.000 TL
Nilüfer / Görükle - 5+1,23.000 TL
Mudanya / Güzelyalı - 1+1,24.000 TL
Yıldırım / Emirsultan - 3+1,24.500 TL
Nilüfer / Merkez - 2+1,24.000 TL
Gemlik / Köyler - 2+1,23.000 TL
Osmangazi / Demirtaş - 1+1,23.000 TL
Nilüfer / Beşevler - 3+1,23.000 TL
Osmangazi / Ovaakça - 2+1,24.000 TL
Nilüfer / Köyler - 2+1,23.000 TL
Nilüfer / Beşevler - 3+1,23.500 TL
Gürsu - 3+1,24.000 TL
Nilüfer / İhsaniye - 3+1,23.000 TL
Nilüfer / Merkez - 3+1,24.000 TL
Yıldırım / Esenevler - 2+1,23.000 TL
Mudanya - 3+1,23.000 TL
Osmangazi / Tayakadın - 3+1,23.000 TL
Nilüfer / Görükle - 2+1,23.500 TL
Nilüfer / Görükle - 3+1,24.000 TL
Mustafakemalpaşa - 2+1,24.500 TL
Nilüfer / Akçalar - 3+1,23.500 TL
Osmangazi / Demirtaş - 4+1,23.000 TL
Yıldırım / Emirsultan - 5+1,24.000 TL
Nilüfer / Merkez - 2+1,24.500 TL
Nilüfer / Merkez - 2+1,24.500 TL
Yıldırım / Eğitim - 2+1,23.000 TL
Nilüfer / Merkez - 3+1,24.000 TL
Mudanya / Köyler - 2+1,23.500 TL
Gürsu - 3+1,24.000 TL
Nilüfer / Merkez - 2+1,23.000 TL
Osmangazi - 2+1,24.500 TL
Nilüfer / Görükle - 2+1,24.000 TL
Nilüfer / Ataevler - 3+1,24.500 TL
Nilüfer / Görükle - 2+1,24.000 TL
Nilüfer / Merkez - 3+1,24.000 TL
Nilüfer / Görükle - 2+1,23.500 TL
Osmangazi / Demirtaş - 3+1,24.000 TL
Osmangazi / Tayakadın - 3+1,23.000 TL
Nilüfer / Ataevler - 2+1,24.000 TL
Mudanya / Güzelyalı - 3+1,23.000 TL
Nilüfer / Merkez - 2+1,24.000 TL
Yıldırım - 3+1,23.500 TL
Nilüfer / Ataevler - 1+1,23.000 TL
Nilüfer / Merkez - 3+1,24.500 TL
Osmangazi / Demirtaş - 3+1,24.999 TL
Osmangazi / Emek - 3+1,24.000 TL
Nilüfer / Merkez - 2+1,24.000 TL
Nilüfer / Akçalar - 3+1,24.000 TL
Nilüfer / Ataevler - 2+1,24.500 TL
Nilüfer / Merkez - 2+1,24.500 TL
Nilüfer / Merkez - 2+1,23.000 TL
Nilüfer / Görükle - 3+1,24.999 TL
İnegöl - 2+1,24.000 TL
Nilüfer / Ataevler - 3+1,24.000 TL
Osmangazi / Emek - 3+1,24.000 TL
Osmangazi / Demirtaş - 3+1,23.000 TL
Mudanya / Güzelyalı - 3+1,23.000 TL
Nilüfer / Görükle - 2+1,24.000 TL
Gemlik - 3+1,23.000 TL
Nilüfer / Beşevler - 2+1,23.000 TL
Osmangazi - 4+1,23.000 TL
Osmangazi / Kovukçınar - 3+1,23.000 TL
Nilüfer / Görükle - 2+1,23.500 TL
Nilüfer / Görükle - 2+1,23.500 TL
Nilüfer / Akçalar - 3+1,23.000 TL
Nilüfer / Hasanağa - 4+1,23.000 TL
Osmangazi - 2+1,23.000 TL
Nilüfer / Görükle - 3+1,23.500 TL
Osmangazi / Demirtaş - 3+1,23.000 TL
Mudanya / Güzelyalı - 1+1,23.500 TL
Nilüfer / Merkez - 2+1,23.500 TL
Osmangazi / Bağlarbaşı - 3+1,23.000 TL
Nilüfer / Ataevler - 1+1,24.000 TL
Nilüfer / Görükle - 3+1,24.000 TL
Nilüfer / Merkez - 2+1,23.000 TL
Gemlik - 3+1,24.000 TL
Mustafakemalpaşa - 3+1,23.500 TL
Osmangazi / Emek - 3+1,24.000 TL
Osmangazi / Tayakadın - 3+1,24.000 TL
Nilüfer / Beşevler - 2+1,23.000 TL
Osmangazi / Demirtaş - 1+1,24.500 TL
Yıldırım / Emirsultan - 2+1,23.000 TL
Nilüfer / Köyler - 2+1,24.000 TL
Nilüfer / Ataevler - 3+1,23.000 TL
Nilüfer / Görükle - 2+1,23.000 TL
Orhaneli - 3+1,23.000 TL
Nilüfer / Hasanağa - 3+1,24.000 TL
Nilüfer / Görükle - 1+1,23.500 TL
Nilüfer / Akçalar - 2+1,23.000 TL
Osmangazi / Tayakadın - 3+1,23.000 TL
Nilüfer / Görükle - 2+1,23.000 TL
Osmangazi / Bağlarbaşı - 3+1,24.000 TL
Nilüfer / Merkez - 2+1,24.000 TL
Nilüfer / Köyler - 2+1,23.000 TL
İnegöl / Alanyurt - 3+1,24.000 TL
Mudanya - 3+1,24.000 TL
Yıldırım / Esenevler - 3+1,23.000 TL
Nilüfer / Görükle - 2+1,23.000 TL
Osmangazi - 3+1,23.000 TL
Osmangazi / Ovaakça - 1+1,24.500 TL
Nilüfer / Akçalar - 3+1,23.000 TL
Osmangazi / Çekirge - 3+1,23.000 TL
Mudanya - 3+1,23.000 TL
Osmangazi / Demirtaş - 3+1,24.000 TL
Yıldırım / Yeşilyayla - 3+1,23.000 TL
Mudanya - 3+1,23.000 TL
Yıldırım / Esenevler - 3+1,24.000 TL
Yıldırım / Esenevler - 3+1,23.000 TL
Nilüfer / Beşevler - 3+1,24.000 TL
Nilüfer / Merkez - 3+1,24.500 TL
Nilüfer / Görükle - 2+1,23.000 TL
Nilüfer / Ataevler - 1+1,24.000 TL
Nilüfer / Merkez - 2+1,24.500 TL
Nilüfer / İhsaniye - 3+1,23.000 TL
Nilüfer / Görükle - 2+1,24.000 TL
Mudanya / Güzelyalı - 3+1,24.000 TL
Osmangazi / Demirtaş - 3+1,23.000 TL
Nilüfer / Merkez - 2+1,23.000 TL
Mudanya / Güzelyalı - 2+1,24.500 TL
Nilüfer / Merkez - 3+1,24.500 TL
Osmangazi / Demirtaş - 3+1,23.000 TL
İnegöl / Kurşunlu - 4+1,24.500 TL
Osmangazi / Demirtaş - 2+1,23.500 TL
Gemlik - 2+1,23.000 TL
İnegöl - 4+1,23.000 TL
Yıldırım / Emirsultan - 2+1,24.000 TL
Osmangazi / Demirtaş - 2+1,24.000 TL
Nilüfer / Ertuğrul - 1+1,23.500 TL
Nilüfer / Merkez - 3+1,24.000 TL
Nilüfer / Ataevler - 2+1,23.000 TL
Nilüfer / Merkez - 3+1,23.000 TL
Nilüfer / Ataevler - 1+1,24.500 TL
İnegöl / Alanyurt - 2+1,23.500 TL
Mudanya / Güzelyalı - 3+1,23.000 TL
Nilüfer / Ataevler - 3+1,23.000 TL
Nilüfer / Görükle - 2+1,23.000 TL
Kestel - 3+1,23.000 TL
Osmangazi / Emek - 3+1,24.000 TL
Nilüfer / İhsaniye - 3+1,24.500 TL
Nilüfer / Merkez - 2+1,24.000 TL
Osmangazi / Tayakadın - 2+1,23.000 TL
Yıldırım / Emirsultan - 3+1,23.000 TL
İznik - 3+1,23.000 TL
Osmangazi / Tayakadın - 2+1,23.000 TL
Osmangazi - 2+1,23.000 TL
Osmangazi / Demirtaş - 2+1,23.000 TL
Osmangazi / Altıparmak - 4+1,23.000 TL
Mudanya / Güzelyalı - 2+1,24.000 TL
Yıldırım / Ertuğrulgazi - 3+1,23.000 TL
Yıldırım / Eğitim - 2+1,23.500 TL
Nilüfer / Merkez - 2+1,24.500 TL
Osmangazi - 2+1,23.000 TL
Mudanya / Güzelyalı - 2+1,24.000 TL
Nilüfer / Merkez - 2+1,24.000 TL
Osmangazi - 3+1,23.000 TL
Mustafakemalpaşa - 3+1,24.000 TL
Kestel - 3+1,24.000 TL
Mudanya / Güzelyalı - 2+1,24.000 TL
Nilüfer / Beşevler - 2+1,23.000 TL
Nilüfer / Görükle - 2+1,24.000 TL
Nilüfer / Ertuğrul - 2+1,24.000 TL
Osmangazi - 2+1,23.000 TL
Gürsu - 3+1,23.000 TL
Osmangazi / Demirtaş - 3+1,23.500 TL
Yıldırım / Esenevler - 1+1,24.500 TL
Osmangazi / Çekirge - 2+1,23.000 TL
Nilüfer / Beşevler - 2+1,24.000 TL
Nilüfer / Görükle - 3+1,24.800 TL
Mudanya - 3+1,23.000 TL
İznik - 3+1,24.000 TL
Osmangazi / Demirtaş - 3+1,24.000 TL
Nilüfer / Görükle - 2+1,24.500 TL
Nilüfer / Merkez - 1+1,24.000 TL
Osmangazi / Demirtaş - 2+1,24.000 TL
Kestel - 3+1,24.000 TL
Osmangazi / Demirtaş - 3+1,23.000 TL
Osmangazi / Çekirge - 3+1,23.000 TL
Nilüfer / Görükle - 4+1,23.000 TL
Osmangazi / Demirtaş - 3+1,23.500 TL
Nilüfer / Görükle - 2+1,23.000 TL
Nilüfer / Merkez - 2+1,23.000 TL
Mudanya / Güzelyalı - 3+1,23.000 TL
Nilüfer / Beşevler - 2+1,23.000 TL
Osmangazi - 4+1,23.500 TL
Mudanya - 3+1,23.900 TL
Nilüfer / Görükle - 2+1,24.500 TL
Nilüfer / İhsaniye - 1+1,23.000 TL
Nilüfer / Ertuğrul - 2+1,24.000 TL
Osmangazi / Demirtaş - 3+1,24.500 TL
Kestel - 3+1,24.000 TL
Nilüfer / Merkez - 3+1,24.000 TL
Osmangazi - 3+1,23.000 TL
Nilüfer / Beşevler - 2+1,24.000 TL
Osmangazi / Tayakadın - 3+1,23.000 TL
İnegöl / Alanyurt - 3+1,23.000 TL
Nilüfer / Merkez - 2+1,24.500 TL
Mustafakemalpaşa - 3+1,24.000 TL
Nilüfer / Görükle - 3+1,24.000 TL
Gemlik - 3+1,23.000 TL
Nilüfer / Merkez - 2+1,23.500 TL
Nilüfer / Merkez - 2+1,24.000 TL
Mustafakemalpaşa - 3+1,23.500 TL
Nilüfer / Görükle - 3+1,24.000 TL
Mustafakemalpaşa - 3+1,23.000 TL
Yıldırım / Esenevler - 2+1,23.500 TL
Osmangazi / Demirtaş - 3+1,24.000 TL
Nilüfer / Görükle - 2+1,23.000 TL
Osmangazi / Altıparmak - 3+1,24.500 TL
Nilüfer / Köyler - 2+1,24.000 TL
Nilüfer / Görükle - 2+1,23.000 TL
Gürsu - 2+1,23.000 TL
Nilüfer / Merkez - 2+1,24.000 TL
Yıldırım / Esenevler - 3+1,23.000 TL
Nilüfer / Ataevler - 3+1,24.000 TL
Nilüfer / İhsaniye - 2+1,24.000 TL
Yıldırım / Eğitim - 2+1,23.250 TL
Nilüfer / Görükle - 1+1,23.250 TL
Nilüfer / Görükle - 2+1,24.000 TL
İnegöl / Alanyurt - 3+1,23.000 TL
İnegöl / Alanyurt - 2+1,23.500 TL
Nilüfer / Merkez - 2+1,23.500 TL
Nilüfer / İhsaniye - 3+1,23.900 TL
Osmangazi / Maksem - 3+1,24.500 TL
Nilüfer / Merkez - 2+1,23.000 TL
Osmangazi / Demirtaş - 1+1,24.000 TL
Nilüfer / Ataevler - 2+1,24.000 TL
İnegöl / Alanyurt - 2+1,23.500 TL
Gemlik - 3+1,23.000 TL
Gemlik - 3+1,24.000 TL
Nilüfer / Görükle - 2+1,24.500 TL
Nilüfer / Görükle - 2+1,23.000 TL
Nilüfer / Merkez - 2+1,24.000 TL
Nilüfer / Görükle - 2+1,23.000 TL
Nilüfer / Görükle - 2+1,24.000 TL
Nilüfer / Görükle - 2+1,23.000 TL
Gemlik - 3+1,23.000 TL
Osmangazi / Demirtaş - 3+1,23.000 TL
Nilüfer / Görükle - 2+1,23.000 TL
Osmangazi / Emek - 3+1,24.500 TL
Osmangazi / Demirtaş - 2+1,23.500 TL
Osmangazi / Çekirge - 3+1,24.500 TL
Yıldırım / Emirsultan - 3+1,24.000 TL
Nilüfer / Görükle - 2+1,23.000 TL
Nilüfer / İhsaniye - 3+1,26.000 TL
Nilüfer / Beşevler - 3+1,25.000 TL
Osmangazi - 2+1,26.500 TL
Nilüfer / Merkez - 2+1,26.000 TL
Mudanya - 2+1,25.000 TL
Nilüfer / Görükle - 3+1,26.000 TL
Osmangazi / Tayakadın - 2+1,25.500 TL
Yıldırım / Duaçınarı - 2+1,26.000 TL
Osmangazi - 3+1,25.000 TL
Nilüfer / İhsaniye - 3+1,25.000 TL
Kestel - 2+1,25.000 TL
Kestel - 3+1,25.000 TL
Osmangazi / Bağlarbaşı - 3+1,26.500 TL
Osmangazi - 2+1,25.000 TL
Osmangazi / Demirtaş - 3+1,25.500 TL
Nilüfer / İhsaniye - 3+1,26.000 TL
Nilüfer / Merkez - 1+1,25.000 TL
Gemlik - 2+1,25.000 TL
İnegöl / Alanyurt - 2+1,25.500 TL
Nilüfer / Merkez - 2+1,26.500 TL
Nilüfer / Merkez - 3+1,25.500 TL
Gemlik - 3+1,25.000 TL
Orhangazi - 3+1,26.000 TL
Osmangazi / Demirtaş - 3+1,25.000 TL
Gemlik - 3+1,25.000 TL
Nilüfer / Merkez - 2+1,25.000 TL
Nilüfer / Beşevler - 1+1,25.750 TL
Nilüfer / Merkez - 3+1,25.000 TL
Nilüfer / Görükle - 2+1,25.000 TL
Osmangazi / Demirtaş - 3+1,25.750 TL
Nilüfer / Merkez - 3+1,25.000 TL
İnegöl - 3+1,26.000 TL
İnegöl / Alanyurt - 3+1,26.000 TL
Nilüfer / Görükle - 2+1,25.000 TL
Osmangazi / Maksem - 2.5+1,25.000 TL
Nilüfer / Beşevler - 5+1,26.500 TL
Nilüfer / Merkez - 3+1,25.000 TL
Osmangazi - 3+1,25.500 TL
Osmangazi / Emek - 3+1,26.000 TL
Nilüfer / Görükle - 2+1,25.000 TL
Nilüfer / Ataevler - 3+1,26.000 TL
Osmangazi / Demirtaş - 3+1,25.500 TL
Nilüfer / Merkez - 2+1,25.000 TL
Osmangazi / Tayakadın - 2+1,25.000 TL
Nilüfer / Ataevler - 1+1,25.000 TL
Karacabey - 1+1,25.000 TL
Nilüfer / Merkez - 3+1,26.000 TL
Nilüfer / Merkez - 3+1,26.000 TL
Osmangazi / Kovukçınar - 3+1,25.500 TL
Nilüfer / Köyler - 2+1,25.000 TL
Osmangazi - 2+1,26.000 TL
Karacabey - 3+1,25.000 TL
Osmangazi / Demirtaş - 3+1,25.000 TL
Yıldırım / Ertuğrulgazi - 3+1,25.000 TL
Nilüfer / Merkez - 3+1,25.000 TL
Nilüfer / Ataevler - 3+1,26.000 TL
Mustafakemalpaşa - 3+1,25.000 TL
Yıldırım / Esenevler - 3+1,26.000 TL
Yıldırım / Emirsultan - 3+1,25.000 TL
Nilüfer / Merkez - 3+1,26.000 TL
Nilüfer / Merkez - 2+1,25.000 TL
Osmangazi / Demirtaş - 3+1,25.000 TL
Nilüfer / Ataevler - 3+1,26.000 TL
Osmangazi / Tayakadın - 2+1,26.000 TL
Osmangazi - 1+1,25.500 TL
Nilüfer / Merkez - 1+1,25.000 TL
Yıldırım / Duaçınarı - 2+1,25.000 TL
Osmangazi / Demirtaş - 3+1,26.000 TL
Osmangazi / Kovukçınar - 3+1,25.500 TL
İnegöl - 3+1,25.000 TL
Osmangazi / Demirtaş - 5+1,25.000 TL
Mudanya - 3+1,25.000 TL
Osmangazi / Kovukçınar - 4+1,25.000 TL
Osmangazi / Demirtaş - 1+1,26.750 TL
Mudanya / Güzelyalı - 2+1,25.000 TL
Osmangazi / Demirtaş - 3+1,26.500 TL
Nilüfer / Ataevler - 3+1,26.000 TL
Nilüfer / İhsaniye - 3+1,25.500 TL
Nilüfer / Merkez - 3+1,25.000 TL
Nilüfer / Ataevler - 1+1,25.000 TL
Orhangazi - 3+1,25.000 TL
Nilüfer / Beşevler - 3+1,25.000 TL
Nilüfer / Görükle - 1+1,26.000 TL
Nilüfer / Köyler - 2+1,25.500 TL
Nilüfer / Merkez - 1+1,25.000 TL
Nilüfer / Hasanağa - 2+1,26.000 TL
Gemlik - 1+1,25.000 TL
Mudanya / Güzelyalı - 1+1,25.000 TL
Nilüfer / Görükle - 2+1,25.000 TL
Nilüfer / Görükle - 3+1,25.000 TL
Nilüfer / Merkez - 2+1,25.000 TL
Osmangazi - 3+1,26.500 TL
Kestel - 3+1,25.500 TL
Nilüfer / Ataevler - 3+1,25.500 TL
Nilüfer / Merkez - 2+1,25.000 TL
Gemlik - 3+1,25.000 TL
Nilüfer / Merkez - 2+1,25.000 TL
Nilüfer / Beşevler - 3+1,25.000 TL
Gemlik / Köyler - 2+1,25.500 TL
Osmangazi / Demirtaş - 3+1,25.000 TL
Osmangazi - 2+1,25.000 TL
Nilüfer / Merkez - 3+1,25.000 TL
Nilüfer / Merkez - 2+1,25.000 TL
Nilüfer / Görükle - 2+1,25.000 TL
Nilüfer / Merkez - 3+1,26.000 TL
Yıldırım - 2+1,25.000 TL
Nilüfer / Görükle - 2+1,25.000 TL
Mudanya - 3+1,25.000 TL
Gemlik / Köyler - 3+1,25.000 TL
Nilüfer / Merkez - 2+1,25.000 TL
Osmangazi - 3+1,25.000 TL
Nilüfer / Görükle - 2+1,25.000 TL
Nilüfer / Ataevler - 3+1,26.000 TL
Mudanya / Güzelyalı - 2+1,26.500 TL
Osmangazi / Bağlarbaşı - 3+1,25.000 TL
Nilüfer / Merkez - 3+1,26.000 TL
Nilüfer / İhsaniye - 3+1,25.000 TL
Nilüfer / Görükle - 3+1,25.500 TL
Yıldırım / Emirsultan - 3+1,25.500 TL
İnegöl - 3+1,25.000 TL
Osmangazi / Demirtaş - 1+1,26.500 TL
Mudanya / Güzelyalı - 3+1,25.000 TL
Mudanya - 2+1,25.000 TL
Nilüfer / Ertuğrul - 3+1,26.000 TL
Mudanya / Güzelyalı - 4+1,25.000 TL
Karacabey - 5+1,26.000 TL
Nilüfer / Görükle - 3+1,25.000 TL
Yıldırım - 3+1,26.000 TL
Osmangazi / Bağlarbaşı - 3+1,26.000 TL
Mudanya / Güzelyalı - 3+1,26.000 TL
Nilüfer / Görükle - 3+1,25.000 TL
Nilüfer / Beşevler - 3+1,26.000 TL
Nilüfer / Merkez - 3+1,26.000 TL
Nilüfer / Merkez - 3+1,26.000 TL
Nilüfer / Merkez - 1+1,25.500 TL
Nilüfer / Beşevler - 2+1,26.000 TL
Nilüfer / İhsaniye - 3+1,25.000 TL
Nilüfer / Ataevler - 1+1,26.500 TL
Nilüfer / Görükle - 3+1,25.000 TL
Mudanya - 2+1,25.000 TL
Nilüfer / Beşevler - 3+1,25.000 TL
İnegöl / Alanyurt - 3+1,25.500 TL
Yıldırım / Ertuğrulgazi - 3+1,25.000 TL
Yenişehir - 3+1,25.000 TL
Nilüfer / Merkez - 2+1,25.000 TL
Yenişehir - 3+1,25.000 TL
Mudanya / Güzelyalı - 2+1,26.500 TL
Nilüfer / Ataevler - 2+1,25.000 TL
Karacabey - 3+1,25.500 TL
Kestel - 3+1,25.000 TL
Osmangazi / Demirtaş - 3+1,26.000 TL
Nilüfer / Beşevler - 3+1,25.000 TL
Nilüfer / Merkez - 1+1,26.500 TL
Nilüfer / Merkez - 3+1,25.500 TL
Mudanya - 3+1,25.000 TL
Nilüfer / Merkez - 3+1,26.000 TL
Mudanya / Güzelyalı - 3+1,25.000 TL
Nilüfer / Merkez - 2+1,26.000 TL
Nilüfer / Merkez - 3+1,26.000 TL
Osmangazi / Demirtaş - 4+1,25.000 TL
Nilüfer / Ataevler - 3+1,25.500 TL
Mudanya / Güzelyalı - 3+1,26.000 TL
Osmangazi / Çekirge - 3+1,26.500 TL
Osmangazi / Çekirge - 2+1,25.000 TL
Gemlik - 3+1,25.000 TL
Nilüfer / İhsaniye - 3+1,25.000 TL
İnegöl / Alanyurt - 3+1,26.000 TL
Yıldırım / Yeşilyayla - 10 Üzeri,25.000 TL
Karacabey - 4+1,25.000 TL
Osmangazi / Çekirge - 2+1,25.000 TL
Gemlik - 3+1,25.000 TL
Orhangazi - 3+1,25.000 TL
Nilüfer / Merkez - 2+1,25.000 TL
Nilüfer / Merkez - 2+1,26.000 TL
Nilüfer / Ataevler - 3+1,25.000 TL
Nilüfer / Ertuğrul - 3+1,25.000 TL
Osmangazi / Maksem - 4+1,26.000 TL
Nilüfer / Ertuğrul - 1+1,26.000 TL
Gemlik - 1+1,25.000 TL
Nilüfer / Ataevler - 1+1,26.500 TL
Nilüfer / Ataevler - 1+1,25.000 TL
Orhangazi - 5+2,25.000 TL
Nilüfer / Merkez - 1+1,25.000 TL
Osmangazi / Demirtaş - 3+1,25.000 TL
Nilüfer / Köyler - 1+1,26.500 TL
Mudanya / Güzelyalı - 2+1,25.000 TL
Nilüfer / İhsaniye - 2+1,25.000 TL
Osmangazi / Tayakadın - 3+1,25.000 TL
Gemlik - 2+1,26.000 TL
Nilüfer / Ataevler - 1+1,25.000 TL
Nilüfer / Merkez - 3+1,25.000 TL
Nilüfer / Ataevler - 3+1,26.000 TL
Osmangazi / Demirtaş - 3+1,25.500 TL
İnegöl - 2+1,25.000 TL
Nilüfer / Görükle - 3+1,25.000 TL
Osmangazi / Demirtaş - 2+1,26.000 TL
Nilüfer / Merkez - 2+1,25.000 TL
Nilüfer / Merkez - 3+1,25.000 TL
Nilüfer / Beşevler - 1+1,25.000 TL
Yıldırım / Esenevler - 3+1,25.000 TL
Mustafakemalpaşa - 4+1,26.000 TL
Gemlik / Köyler - 2+1,25.000 TL
Osmangazi - 2+1,25.000 TL
Mudanya - 3+1,26.000 TL
Yıldırım / Esenevler - 2+1,25.000 TL
İnegöl / Alanyurt - 3+1,26.000 TL
Osmangazi / Altıparmak - 3+1,25.000 TL
Yıldırım / Emirsultan - 2+1,25.000 TL
Nilüfer / Merkez - 2+1,25.000 TL
Mudanya / Güzelyalı - 3+1,26.500 TL
Gürsu - 3+1,25.000 TL
Osmangazi - 3+1,25.000 TL
Gemlik - 3+1,25.000 TL
Mudanya - 3+1,25.000 TL
Nilüfer / Görükle - 2+1,25.000 TL
Nilüfer / Merkez - 3+1,25.000 TL
Osmangazi / Çekirge - 3+1,25.000 TL
Mudanya / Köyler - 2+1,25.000 TL
Osmangazi / Bağlarbaşı - 2+1,25.000 TL
Nilüfer / İhsaniye - 3+1,25.000 TL
Nilüfer / Merkez - 2+1,26.000 TL
Nilüfer / Merkez - 3+1,25.000 TL
Mudanya / Güzelyalı - 2+1,25.000 TL
Nilüfer / İhsaniye - 2+1,25.000 TL
Nilüfer / İhsaniye - 3+1,25.000 TL
Osmangazi / Kovukçınar - 2+1,25.000 TL
Orhangazi - 2+1,25.000 TL
Nilüfer / Merkez - 3+1,26.000 TL
Osmangazi / Demirtaş - 3+1,26.000 TL
Nilüfer / Görükle - 2+1,25.000 TL
Osmangazi / Ulucami - 2+1,26.500 TL
Osmangazi / Demirtaş - 5+1,25.000 TL
Osmangazi / Demirtaş - 3+1,26.000 TL
Nilüfer / Merkez - 3+1,26.000 TL
Karacabey - 3+1,25.000 TL
Osmangazi / Tayakadın - 3+1,25.000 TL
Nilüfer / Ertuğrul - 3+1,25.000 TL
Nilüfer / İhsaniye - 2+1,25.000 TL
Osmangazi - 2+1,25.000 TL
Gemlik - 3+1,25.000 TL
Nilüfer / İhsaniye - 2+1,25.000 TL
Osmangazi - 2+1,26.000 TL
Osmangazi / Demirtaş - 2+1,25.000 TL
Osmangazi / Çekirge - 2+1,26.000 TL
Nilüfer / İhsaniye - 2+1,26.500 TL
Osmangazi / Demirtaş - 3+1,25.000 TL
Orhangazi - 3+1,26.000 TL
Nilüfer / Görükle - 3+1,25.000 TL
Nilüfer / Ataevler - 3+1,26.000 TL
Yıldırım / Ertuğrulgazi - 2+1,26.000 TL
Nilüfer / Görükle - 2+1,25.500 TL
Nilüfer / Görükle - 2.5+1,25.000 TL
Nilüfer / Ertuğrul - 3+1,26.500 TL
Nilüfer / Merkez - 2+1,26.000 TL
İznik - 2+1,25.000 TL
Nilüfer / Görükle - 3+1,25.000 TL
Nilüfer / Görükle - 3+1,26.000 TL
Osmangazi - 2+1,26.000 TL
Nilüfer / Beşevler - 1+1,26.000 TL
Nilüfer / Köyler - 2+1,25.000 TL
Nilüfer / Merkez - 3+1,26.000 TL
Nilüfer / Merkez - 2+1,25.000 TL
Yıldırım / Arabayatağı - 3+1,25.000 TL
Nilüfer / Görükle - 3+1,25.500 TL
Osmangazi / Demirtaş - 2+1,26.500 TL
Nilüfer / Merkez - 1+1,25.000 TL
Nilüfer / Merkez - 1+1,26.000 TL
Nilüfer / Görükle - 2+1,25.000 TL
Nilüfer / Merkez - 3+1,26.000 TL
Nilüfer / Merkez - 3+1,25.250 TL
Yıldırım / Duaçınarı - 2+1,26.000 TL
Nilüfer / Ertuğrul - 1+1,26.000 TL
Nilüfer / Görükle - 3+1,26.000 TL
Mustafakemalpaşa - 3+1,25.000 TL
Orhangazi - 3+1,25.000 TL
Osmangazi / Demirtaş - 3+1,26.000 TL
Osmangazi - 3+1,25.000 TL
Nilüfer / Görükle - 3+1,26.000 TL
Osmangazi / Demirtaş - 3+1,25.500 TL
Nilüfer / Beşevler - 3+1,25.000 TL
Yıldırım / Eğitim - 3+1,25.000 TL
Nilüfer / Beşevler - 3+1,26.750 TL
Nilüfer / Beşevler - 3+1,25.900 TL
Osmangazi / Demirtaş - 3+1,25.000 TL
Nilüfer / Beşevler - 3+1,25.000 TL
Osmangazi / Demirtaş - 3+1,25.000 TL
Osmangazi / Demirtaş - 3+1,25.000 TL
Yıldırım / Duaçınarı - 2+1,25.000 TL
Mudanya / Güzelyalı - 3+1,25.000 TL
Nilüfer / Beşevler - 3+1,26.500 TL
Nilüfer / Ataevler - 2+1,25.500 TL
Nilüfer / Ataevler - 3+1,26.000 TL
Nilüfer / Merkez - 2+1,25.500 TL
Gemlik - 3+1,26.500 TL
Nilüfer / Beşevler - 3+1,25.000 TL
Osmangazi / Kovukçınar - 2+1,25.000 TL
Nilüfer / Görükle - 3+1,25.500 TL
Yıldırım / Emirsultan - 5+1,26.000 TL
Nilüfer / İhsaniye - 3+1,26.000 TL
Nilüfer / Merkez - 2+1,26.000 TL
Nilüfer / Görükle - 2+1,26.000 TL
Osmangazi / Tayakadın - 2+1,25.500 TL
Nilüfer / Ataevler - 3+1,25.000 TL
Gemlik - 3+1,25.000 TL
Osmangazi / Demirtaş - 2+1,25.500 TL
Nilüfer / Görükle - 3+1,25.500 TL
Nilüfer / Merkez - 1+1,26.250 TL
Nilüfer / Görükle - 2+1,25.000 TL
Gemlik - 2+1,25.000 TL
Nilüfer / Ataevler - 3+1,25.000 TL
İznik - 4+1,25.000 TL
Kestel - 3+1,25.000 TL
Nilüfer / Ataevler - 1+1,26.500 TL
Nilüfer / Ertuğrul - 3+1,26.000 TL
Nilüfer / Beşevler - 3+1,25.000 TL
Nilüfer / Merkez - 2+1,26.000 TL
İznik - 3+0,26.000 TL
Osmangazi - 2+1,25.500 TL
Gemlik - 2+1,25.000 TL
Gemlik - 3+1,25.000 TL
Osmangazi / Demirtaş - 3+1,25.500 TL
Yenişehir - 3+1,25.000 TL
Gemlik - 2+1,25.000 TL
Yıldırım / Eğitim - 2+1,25.000 TL
Gemlik - 3+1,25.000 TL
Osmangazi / Demirtaş - 3+1,25.500 TL
Nilüfer / Merkez - 2+1,25.000 TL
Mustafakemalpaşa,25.000 TL
Osmangazi / Çekirge - 2+1,25.000 TL
Nilüfer / Merkez - 2+1,26.000 TL
Nilüfer / Görükle - 3+1,25.500 TL
Mudanya / Güzelyalı - 2+1,25.000 TL
Osmangazi - 3+1,26.000 TL
Nilüfer / İhsaniye - 3+1,25.000 TL
Osmangazi / Maksem - 4+1,25.000 TL
Yıldırım - 3+1,25.000 TL
Nilüfer / Kayapa - 3+1,26.000 TL
Mudanya / Güzelyalı - 3+1,25.000 TL
Nilüfer / Merkez - 3+1,26.500 TL
Osmangazi / Ulucami - 2+1,26.000 TL
Osmangazi / Çekirge - 3+1,25.000 TL
Mudanya / Güzelyalı - 3+1,25.000 TL
Yıldırım / Arabayatağı - 2+1,26.000 TL
Mudanya - 3+1,25.000 TL
Nilüfer / Beşevler - 3+1,26.000 TL
Yıldırım / Ertuğrulgazi - 3+1,25.500 TL
Osmangazi / Demirtaş - 2.5+1,25.000 TL
Nilüfer / Beşevler - 3+1,25.000 TL
Nilüfer / Görükle - 3+1,26.000 TL
Nilüfer / Görükle - 3+1,26.000 TL
Mudanya / Güzelyalı - 4+1,25.500 TL
Nilüfer / Ataevler - 3+1,25.000 TL
Mudanya - 3+1,25.000 TL
Nilüfer / Görükle - 3+1,26.500 TL
İnegöl - 3+1,25.500 TL
Nilüfer / Merkez - 2+1,26.000 TL
Nilüfer / Merkez - 3+1,25.000 TL
Nilüfer / Ataevler - 3+1,26.000 TL
Osmangazi - 2+1,26.500 TL
Nilüfer / Merkez - 3+1,26.500 TL
Yıldırım / Duaçınarı - 3+1,26.500 TL
Osmangazi - 5+1,25.000 TL
Osmangazi / Kovukçınar - 2+1,25.000 TL
Nilüfer / Merkez - 2.5+1,25.000 TL
Nilüfer / İhsaniye - 3+1,26.000 TL
Nilüfer / Beşevler - 3+1,26.000 TL
İnegöl - 2+1,25.000 TL
Osmangazi / Tayakadın - 2+1,26.000 TL
Nilüfer / Ataevler - 1+1,25.000 TL
Nilüfer / Merkez - 2+1,25.000 TL
Nilüfer / Ertuğrul - 1+1,25.000 TL
Nilüfer / Ataevler - 3+1,26.000 TL
Osmangazi / Çekirge - 3+1,26.000 TL
İznik - 3+1,25.000 TL
Yıldırım - 3+1,25.000 TL
Osmangazi / Çekirge - 3+1,25.000 TL
Osmangazi / Demirtaş - 3+1,25.000 TL
Nilüfer / Merkez - 1+1,26.000 TL
Mudanya - 2+1,25.000 TL
İnegöl - 2+1,25.000 TL
Nilüfer / İhsaniye - 2+1,25.000 TL
Osmangazi / Demirtaş - 3+1,25.000 TL
Osmangazi - 3+1,25.000 TL
Nilüfer / Görükle - 3+1,26.000 TL
Nilüfer / Görükle - 2+1,25.000 TL
Nilüfer / Merkez - 3+1,26.000 TL
Nilüfer / Görükle - 2+1,25.000 TL
Nilüfer / Merkez - 2+1,25.000 TL
Nilüfer / Merkez - 2+1,26.000 TL
Osmangazi / Çekirge - 2+1,25.000 TL
Mudanya / Güzelyalı - 2+1,25.000 TL
Osmangazi - 3+1,25.000 TL
Nilüfer / Ertuğrul - 1+1,25.000 TL
Osmangazi - 2+1,26.000 TL
Nilüfer / Merkez - 4+1,25.000 TL
Nilüfer / Görükle - 2+1,25.000 TL
Nilüfer / Ataevler - 3+1,25.000 TL
Osmangazi / Demirtaş - 3+1,25.000 TL
İznik / Çeltikçi - 3+1,25.000 TL
Osmangazi - 4+1,25.500 TL
Gemlik - 3+1,25.000 TL
Gemlik - 2+1,25.000 TL
Osmangazi / Demirtaş - 2+1,25.000 TL
Nilüfer / Merkez - 2+1,26.500 TL
Nilüfer / Ertuğrul - 1+1,25.000 TL
Osmangazi / Demirtaş - 3+1,26.000 TL
Nilüfer / Beşevler - 3+1,25.000 TL
Nilüfer / Merkez - 2+1,25.000 TL
Nilüfer / Ataevler - 3+1,25.500 TL
Nilüfer / Merkez - 1+1,25.000 TL
Mudanya / Güzelyalı - 3+1,25.000 TL
İznik - 3+1,25.000 TL
Nilüfer / Görükle - 2+1,25.500 TL
Nilüfer / Akçalar - 3+1,26.000 TL
Osmangazi / Demirtaş - 3+1,25.000 TL
Osmangazi / Demirtaş - 3+1,26.000 TL
Nilüfer / Görükle - 3+1,25.000 TL
Osmangazi / Demirtaş - 3+1,25.000 TL
Osmangazi / Bağlarbaşı - 2+1,25.000 TL
Nilüfer / Merkez - 1+1,25.250 TL
Osmangazi / Demirtaş - 3+1,25.000 TL
Nilüfer / Merkez - 3+1,25.000 TL
Nilüfer / Ataevler - 3+1,25.000 TL
Nilüfer / Merkez - 2+1,26.500 TL
Osmangazi / Demirtaş - 3+1,25.000 TL
Mudanya - 3+1,26.000 TL
Osmangazi / Çekirge - 2+1,26.000 TL
Yıldırım / Esenevler - 3+1,25.000 TL
Gemlik - 1+1,25.000 TL
Osmangazi / Demirtaş - 3+1,25.000 TL
Nilüfer / Ataevler - 1+1,26.000 TL
Osmangazi / Emek - 3+1,26.000 TL
Nilüfer / Görükle - 2+1,26.000 TL
Gemlik - 2+1,25.000 TL
Nilüfer / Merkez - 2+1,26.000 TL
Mudanya / Güzelyalı - 3+1,26.000 TL
Osmangazi / Emek - 2+1,25.000 TL
Mudanya / Güzelyalı - 2+1,25.000 TL
Nilüfer / Ataevler - 1+1,25.000 TL
Osmangazi / Emek - 1+1,26.000 TL
Nilüfer / Merkez - 1+1,25.000 TL
Osmangazi / Altıparmak - 4+1,25.000 TL
Osmangazi - 3+1,26.500 TL
Osmangazi - 2+1,26.000 TL
Osmangazi / Soğanlı - 3+1,25.000 TL
Nilüfer / Ataevler - 2+1,25.750 TL
Nilüfer / Kayapa - 2+1,25.000 TL
Nilüfer / Görükle - 1+1,25.000 TL
Nilüfer / Ertuğrul - 1+1,25.000 TL
İnegöl - 2+1,26.000 TL
Osmangazi - 3+1,25.000 TL
Osmangazi / Bağlarbaşı - 2+1,25.000 TL
Osmangazi / Kovukçınar - 2+1,26.000 TL
Nilüfer / İhsaniye - 2+1,26.000 TL
Nilüfer / Ataevler - 2+1,25.000 TL
Mudanya / Güzelyalı - 3+1,25.500 TL
Osmangazi / Çekirge - 3+1,26.000 TL
Nilüfer / Merkez - 2+1,25.500 TL
Osmangazi / Demirtaş - 2+1,25.000 TL
Osmangazi - 2+1,26.000 TL
Yenişehir - 3+1,25.000 TL
Nilüfer / Ataevler - 3+1,26.000 TL
Gemlik - 3+1,25.000 TL
Nilüfer / Ataevler - 1+1,25.000 TL
Mudanya / Güzelyalı - 3+1,26.000 TL
Nilüfer / Merkez - 1+1,25.000 TL
Nilüfer / Merkez - 2+1,26.500 TL
Mudanya / Güzelyalı - 2+1,25.000 TL
Nilüfer / Görükle - 3+1,25.000 TL
Mudanya - 2+1,25.000 TL
Osmangazi / Demirtaş - 3+1,25.000 TL
Osmangazi / Emek - 1+1,25.000 TL
İnegöl - 5+1,25.000 TL
Yıldırım / Hacıvat - 3+1,25.000 TL
Nilüfer / Görükle - 2+1,26.000 TL
Osmangazi / Demirtaş - 3+1,25.000 TL
Osmangazi - 2+1,26.000 TL
Osmangazi / Bağlarbaşı - 3+1,26.500 TL
Nilüfer / Ertuğrul - 2+1,26.000 TL
Nilüfer / Merkez - 3+1,26.000 TL
Nilüfer / Görükle - 2+1,25.000 TL
Gemlik / Umurbey - 4+1,25.000 TL
Yıldırım / Duaçınarı - 2+1,25.500 TL
Osmangazi / Tayakadın - 2+1,25.000 TL
Gemlik - 3+1,25.000 TL
Yıldırım / Esenevler - 3+1,25.000 TL
Osmangazi / Demirtaş - 3+1,25.000 TL
Nilüfer / Merkez - 3+1,26.000 TL
Yıldırım - 3+1,25.000 TL
Osmangazi - 2+1,25.000 TL
Nilüfer / İhsaniye - 3+1,25.000 TL
Gemlik - 3+1,25.000 TL
Osmangazi - 3+1,25.000 TL
Nilüfer / Merkez - 3+1,26.000 TL
Osmangazi / Demirtaş - 3+1,26.000 TL
Gemlik - 3+1,26.500 TL
Osmangazi / Tayakadın - 3+1,26.000 TL
Nilüfer / Merkez - 3+1,26.000 TL
Nilüfer / Görükle - 2+1,25.000 TL
Nilüfer / Görükle - 3+1,25.000 TL
Osmangazi / Demirtaş - 3+1,26.000 TL
Yıldırım - 4+2,25.500 TL
Nilüfer / Merkez - 3+1,25.000 TL
Gemlik - 2+1,25.500 TL
Osmangazi - 2+1,25.500 TL
Mudanya - 3+1,25.500 TL
Nilüfer / Merkez - 3+1,26.000 TL
İnegöl - 1+1,25.000 TL
Nilüfer / Merkez - 3+1,25.000 TL
Nilüfer / Merkez - 2+1,25.000 TL
Nilüfer / Merkez - 2+1,26.000 TL
Osmangazi - 2+1,25.800 TL
Osmangazi / Emek - 1+1,26.000 TL
Nilüfer / Merkez - 2.5+1,25.000 TL
Nilüfer / Merkez - 1+1,25.000 TL
Osmangazi / Demirtaş - 3+1,25.000 TL
Mudanya / Güzelyalı - 2+1,25.000 TL
Osmangazi / Çekirge - 2+1,25.000 TL
Yıldırım / Ertuğrulgazi - 2+1,26.000 TL
Osmangazi / Ulucami - 3+1,25.500 TL
Yenişehir - 3+1,26.000 TL
Osmangazi - 2+1,25.000 TL
Osmangazi - 2+1,25.000 TL
Osmangazi / Demirtaş - 3+1,26.000 TL
Osmangazi / Demirtaş - 3+1,25.000 TL
Nilüfer / Merkez - 3+1,25.000 TL
Osmangazi / Tayakadın - 3.5+1,26.000 TL
Gemlik - 3+1,25.000 TL
Osmangazi / Çekirge - 3+1,26.000 TL
Osmangazi / Demirtaş - 3+1,26.000 TL
Nilüfer / Merkez - 2+1,26.000 TL
Nilüfer / Merkez - 2+1,25.000 TL
Osmangazi / Çekirge - 2+1,25.000 TL
Osmangazi - 2+1,26.500 TL
Osmangazi / Çekirge - 3+1,25.000 TL
Nilüfer / İhsaniye - 1+1,26.000 TL
Osmangazi / Bağlarbaşı - 3+1,26.000 TL
Osmangazi / Demirtaş - 2+1,26.500 TL
Nilüfer / Ataevler - 1+1,25.000 TL
Nilüfer / Görükle - 2+1,25.500 TL
Osmangazi / Çekirge - 3+1,26.000 TL
Osmangazi / Demirtaş - 3+1,25.000 TL
Nilüfer / Beşevler - 3+1,25.500 TL
Osmangazi / Demirtaş - 2+1,25.000 TL
Nilüfer / Akçalar - 3+1,26.000 TL
Osmangazi / Altıparmak - 3+1,25.000 TL
Osmangazi / Demirtaş - 2+1,26.000 TL
Mudanya - 1+1,25.000 TL
Gemlik - 3+1,25.000 TL
Nilüfer / Beşevler - 2+1,25.000 TL
Nilüfer / Beşevler - 3+1,25.000 TL
Osmangazi / Tayakadın - 3+1,25.000 TL
Osmangazi / Çekirge - 3+1,25.000 TL
Nilüfer / Merkez - 3+1,26.000 TL
Nilüfer / Ataevler - 3+1,26.000 TL
Yıldırım / Ertuğrulgazi - 3+1,26.000 TL
Osmangazi / Demirtaş - 2+1,25.000 TL
Osmangazi / Demirtaş - 3+1,25.000 TL
İznik - 3+1,25.000 TL
Osmangazi / Demirtaş - 1+1,25.250 TL
Nilüfer / Ataevler - 3+1,25.000 TL
Nilüfer / Merkez - 3+1,25.000 TL
Nilüfer / Ataevler - 3+1,26.500 TL
Nilüfer / Merkez - 1+1,26.500 TL
Nilüfer / Ataevler - 1+1,26.500 TL
Nilüfer / Merkez - 2+1,25.000 TL
Nilüfer / Beşevler - 3+1,25.500 TL
Osmangazi / Demirtaş - 3+1,25.000 TL
Osmangazi - 3+1,25.000 TL
Gemlik - 3+1,25.000 TL
Osmangazi / Demirtaş - 3+1,25.000 TL
Nilüfer / Akçalar - 4+1,25.000 TL
Osmangazi - 2+1,25.000 TL
Yıldırım / Esenevler - 3+1,26.000 TL
Osmangazi - 2+1,25.000 TL
Kestel - 3+1,25.000 TL
Nilüfer / Merkez - 4+1,26.000 TL
Nilüfer / Ataevler - 1+1,26.000 TL
İnegöl / Alanyurt - 3+1,25.000 TL
Nilüfer / Akçalar - 4+1,25.000 TL
İnegöl - 2+1,26.000 TL
Nilüfer / Merkez - 2+1,25.000 TL
Nilüfer / Merkez - 2+1,26.000 TL
Yıldırım / Eğitim - 3+0,25.000 TL
Osmangazi / Demirtaş - 3+1,26.500 TL
Osmangazi - 2+1,25.000 TL
Nilüfer / Görükle - 2+1,26.000 TL
Nilüfer / Merkez - 3+1,25.000 TL
Mustafakemalpaşa - 3+1,25.000 TL
Mudanya / Güzelyalı - 1+1,25.000 TL
Osmangazi / Demirtaş - 3+1,25.500 TL
Nilüfer / Beşevler - 2+1,25.000 TL
Nilüfer / Görükle - 3+1,26.999 TL
Nilüfer / Merkez - 3+1,25.000 TL
Osmangazi - 2+1,25.000 TL
Mudanya / Güzelyalı - 3+1,26.000 TL
Mudanya / Güzelyalı - 3+1,25.000 TL
İnegöl - 3+1,25.000 TL
Gemlik - 3+1,25.000 TL
Yıldırım / Duaçınarı - 3+1,26.250 TL
Yıldırım / Duaçınarı - 2+1,26.000 TL
Nilüfer / Ataevler - 1+1,26.500 TL
Karacabey - 3+1,25.000 TL
Nilüfer / Köyler - 2+1,25.000 TL
Nilüfer / Merkez - 3+1,26.000 TL
Yıldırım / Esenevler - 3+1,25.000 TL
Nilüfer / İhsaniye - 2+1,25.000 TL
Nilüfer / Görükle - 3+1,25.000 TL
Osmangazi / Bağlarbaşı - 2+1,25.000 TL
Nilüfer / Ataevler - 3+1,25.000 TL
Osmangazi / Demirtaş - 2+1,26.000 TL
Nilüfer / Merkez - 2+1,25.000 TL
Osmangazi / Tayakadın - 4+1,25.000 TL
Nilüfer / Merkez - 2+1,26.000 TL
Nilüfer / Beşevler - 3+1,25.000 TL
Nilüfer / Akçalar - 3+1,25.000 TL
Nilüfer / Beşevler - 3+1,25.000 TL
Osmangazi - 2+1,26.000 TL
Osmangazi / Çekirge - 3+1,25.000 TL
Yıldırım / Ertuğrulgazi - 1+1,25.000 TL
Yıldırım / Ertuğrulgazi - 3+1,25.000 TL
Osmangazi / Demirtaş - 4+1,25.000 TL
Osmangazi / Bağlarbaşı - 3+1,26.000 TL
Osmangazi / Demirtaş - 3+1,25.000 TL
Kestel - 2+1,25.000 TL
Nilüfer / Merkez - 3+1,26.500 TL
Osmangazi - 4+1,26.000 TL
Osmangazi / Kovukçınar - 2+1,25.500 TL
Nilüfer / Merkez - 2+1,26.500 TL
Nilüfer / Görükle - 3+1,25.000 TL
Yıldırım / Ertuğrulgazi - 3+1,25.000 TL
Nilüfer / Görükle - 2+1,25.000 TL
Yıldırım / Duaçınarı - 2+1,26.000 TL
Osmangazi - 2+1,25.000 TL
Osmangazi / Bağlarbaşı - 2+1,25.000 TL
Nilüfer / Görükle - 4+1,26.000 TL
Nilüfer / Merkez - 2+1,26.000 TL
Nilüfer / Beşevler - 2+1,25.000 TL
Mudanya - 2+1,25.000 TL
Nilüfer / Merkez - 3+1,25.000 TL
Nilüfer / Beşevler - 3+1,25.000 TL
Osmangazi - 2+1,25.000 TL
Nilüfer / Merkez - 3+1,26.000 TL
Nilüfer / Merkez - 2+1,26.000 TL
Nilüfer / Görükle - 2+1,26.000 TL
Mudanya / Güzelyalı - 3+1,25.000 TL
Nilüfer / Ataevler - 3+1,25.000 TL
Osmangazi / Demirtaş - 3+1,25.000 TL
Nilüfer / Beşevler - 1+1,25.000 TL
Mudanya / Güzelyalı - 2+1,25.000 TL
Nilüfer / Ertuğrul - 1+1,25.500 TL
Nilüfer / Merkez - 3+1,26.000 TL
Osmangazi - 2+1,25.000 TL
Yıldırım / Emirsultan - 2+1,25.000 TL
Nilüfer / İhsaniye - 3+1,25.000 TL
Osmangazi / Çekirge - 3+1,25.000 TL
Nilüfer / Görükle - 3+1,25.000 TL
Osmangazi / Çekirge - 3+1,26.500 TL
İnegöl - 3+1,25.000 TL
Osmangazi / Kovukçınar - 3+1,26.000 TL
Nilüfer / Akçalar - 3+1,25.000 TL
Osmangazi / Çekirge - 2+1,25.000 TL
Nilüfer / Ataevler - 3+1,25.000 TL
Nilüfer / Ertuğrul - 2+1,26.000 TL
Osmangazi / Demirtaş - 3+1,25.500 TL
Osmangazi / Ulucami - 3.5+1,25.000 TL
Nilüfer / İhsaniye - 2+1,25.000 TL
Nilüfer / Ataevler - 1+1,26.000 TL
Nilüfer / Görükle - 3+1,25.000 TL
Nilüfer / Merkez - 2+1,26.500 TL
Nilüfer / Merkez - 3+1,25.000 TL
Osmangazi / Demirtaş - 2+1,26.500 TL
Mudanya / Güzelyalı - 3+1,25.000 TL
Osmangazi - 2+1,25.000 TL
Yenişehir - 3+1,26.000 TL
Nilüfer / Merkez - 3+1,26.000 TL
Nilüfer / Merkez - 2+1,25.000 TL
Nilüfer / Ataevler - 3+1,26.500 TL
İznik - 4+1,25.000 TL
Karacabey - 3+1,25.000 TL
Gemlik - 3+1,25.500 TL
Osmangazi / Demirtaş - 3+1,25.000 TL
Yıldırım / Ertuğrulgazi - 3+1,25.000 TL
Nilüfer / Merkez - 3+1,25.000 TL
Osmangazi / Demirtaş - 3+1,25.500 TL
Nilüfer / Merkez - 2+1,25.000 TL
İnegöl - 3+1,25.000 TL
Yıldırım - 5+1,25.000 TL
Osmangazi / Çekirge - 3+1,25.000 TL
Nilüfer / Merkez - 2+1,25.000 TL
Yıldırım / Esenevler - 3+1,25.000 TL
Nilüfer / Merkez - 2+1,26.000 TL
Nilüfer / Görükle - 3+2,25.000 TL
Nilüfer / Merkez - 3+1,25.000 TL
Yıldırım / Emirsultan - 3+1,25.000 TL
Yıldırım / Duaçınarı - 3+1,25.000 TL
Nilüfer / Ertuğrul - 3+1,26.000 TL
Nilüfer / Merkez - 1+1,26.000 TL
Gemlik - 3+1,26.000 TL
Osmangazi / Çekirge - 4+1,25.000 TL
Gürsu - 3+1,25.000 TL
Nilüfer / Ataevler - 3+1,25.000 TL
Gemlik - 3+1,25.000 TL
Yenişehir - 3+1,26.000 TL
Nilüfer / Merkez - 2+1,26.000 TL
Gemlik - 3+1,26.500 TL
Yıldırım / Ertuğrulgazi - 3+1,25.000 TL
Nilüfer / İhsaniye - 3+1,25.000 TL
Yıldırım / Yeşilyayla - 3+1,25.000 TL
Osmangazi - 3+1,26.000 TL
Mudanya - 3+1,25.500 TL
Osmangazi / Demirtaş - 3+1,25.000 TL
Nilüfer / Görükle - 2+1,25.000 TL
Nilüfer / Görükle - 2+1,25.000 TL
Nilüfer / Merkez - 3+1,25.000 TL
Osmangazi / Çekirge - 3+1,25.000 TL
Nilüfer / Merkez - 2+1,26.000 TL
Kestel - 3+1,25.000 TL
Nilüfer / Görükle - 2+1,25.000 TL
Osmangazi / Tayakadın - 4+1,26.000 TL
Nilüfer / Merkez - 3+1,26.000 TL
Nilüfer / İhsaniye - 3+1,25.000 TL
Nilüfer / Görükle - 4+1,25.000 TL
Osmangazi / Demirtaş - 3+1,25.500 TL
Nilüfer / Merkez - 1+1,26.500 TL
Nilüfer / Görükle - 2+1,26.000 TL
Gemlik - 2+1,25.000 TL
Nilüfer / Görükle - 2+1,26.000 TL
Osmangazi / Demirtaş - 3+1,25.500 TL
Gemlik - 3+1,25.000 TL
Nilüfer / Görükle - 2+1,25.000 TL
Nilüfer / Merkez - 3+1,25.000 TL
Gemlik - 3+1,25.000 TL
Nilüfer / Kayapa - 2+1,25.000 TL
Nilüfer / İhsaniye - 3+1,27.500 TL
Nilüfer / Beşevler - 3+1,28.000 TL
Nilüfer / İhsaniye - 3+1,28.000 TL
Nilüfer / Ataevler - 3+1,28.000 TL
Osmangazi / Demirtaş - 1+1,28.500 TL
Osmangazi - 2+1,28.000 TL
Osmangazi / Bağlarbaşı - 3+1,28.000 TL
Nilüfer / Görükle - 2+1,27.500 TL
Osmangazi - 4+1,27.400 TL
Mudanya / Güzelyalı - 3+1,27.000 TL
Nilüfer / Görükle - 2+1,28.000 TL
Osmangazi / Çekirge - 3+1,29.000 TL
Osmangazi - 4+1,28.000 TL
Nilüfer / Beşevler - 3+1,28.500 TL
Nilüfer / Ertuğrul - 1+1,29.000 TL
Osmangazi / Demirtaş - 3+1,28.000 TL
Gemlik - 3+1,28.000 TL
Nilüfer / Ertuğrul - 1+1,27.000 TL
Nilüfer / Ataevler - 2+1,27.750 TL
Nilüfer / Merkez - 2+1,27.500 TL
Nilüfer / Ertuğrul - 3+1,28.000 TL
Nilüfer / Beşevler - 2+1,27.000 TL
Osmangazi / Demirtaş - 3+1,28.000 TL
Gemlik - 3+1,29.000 TL
Nilüfer / Görükle - 3+1,29.000 TL
Osmangazi / Demirtaş - 3+1,27.250 TL
Nilüfer / Merkez - 3+1,28.000 TL
Nilüfer / Beşevler - 4+1,28.000 TL
Osmangazi - 3+1,27.000 TL
Nilüfer / Beşevler - 3+1,28.000 TL
Nilüfer / Merkez - 1+1,28.500 TL
Nilüfer / Görükle - 3+1,27.000 TL
Nilüfer / Merkez - 2+1,29.000 TL
Nilüfer / Görükle - 2+1,29.000 TL
Yıldırım / Esenevler - 3+1,27.000 TL
Osmangazi / Emek - 3+1,27.000 TL
Nilüfer / Merkez - 3+1,28.000 TL
Osmangazi / Maksem - 3+1,27.000 TL
Mudanya / Güzelyalı - 3+1,28.000 TL
Nilüfer / Merkez - 3+1,28.000 TL
Mustafakemalpaşa - 3+1,29.000 TL
Osmangazi / Demirtaş - 2+1,27.500 TL
Osmangazi / Kovukçınar - 1+1,27.000 TL
Osmangazi / Çekirge - 3+1,28.000 TL
Osmangazi / Çekirge - 2+1,28.000 TL
Osmangazi / Demirtaş - 3+1,29.000 TL
Nilüfer / Merkez - 2+1,27.000 TL
Nilüfer / Görükle - 3+1,29.500 TL
Osmangazi / Demirtaş - 4+1,27.000 TL
Nilüfer / Beşevler - 1+1,29.000 TL
Osmangazi - 3+1,27.500 TL
Osmangazi - 3+1,28.500 TL
Osmangazi / Kovukçınar - 3+1,29.500 TL
Nilüfer / Görükle - 3+1,27.000 TL
Osmangazi / Ovaakça - 4+1,29.000 TL
Osmangazi / Çekirge - 3+1,27.000 TL
Osmangazi / Çekirge - 3+1,28.000 TL
Mudanya / Güzelyalı - 2+1,27.000 TL
Nilüfer / Merkez - 3+1,29.000 TL
Nilüfer / Merkez - 4+1,27.000 TL
Nilüfer / Görükle - 3+1,28.000 TL
Mudanya / Güzelyalı - 3+1,28.500 TL
Osmangazi / Demirtaş - 2+1,27.500 TL
Nilüfer / Ataevler - 3+1,27.000 TL
Osmangazi / Demirtaş - 3+1,29.500 TL
Osmangazi / Kovukçınar - 3+1,28.000 TL
Nilüfer / Merkez - 3+1,28.000 TL
Osmangazi / Demirtaş - 2+1,27.000 TL
Nilüfer / Merkez - 3+1,27.500 TL
Nilüfer / Beşevler - 3+1,29.000 TL
Osmangazi / Demirtaş - 3+1,27.000 TL
Nilüfer / Merkez - 3+1,27.000 TL
Nilüfer / Merkez - 3+1,28.000 TL
Osmangazi / Demirtaş - 3+1,27.000 TL
Osmangazi - 4+1,29.500 TL
Osmangazi / Çekirge - 3+1,29.000 TL
Nilüfer / Ataevler - 2+1,28.000 TL
Nilüfer / Görükle - 3+1,29.000 TL
Mudanya - 2+1,27.000 TL
Osmangazi / Çekirge - 3+1,29.000 TL
Mudanya - 2+1,29.000 TL
İnegöl / Alanyurt - 3+1,28.500 TL
Gemlik - 3+1,28.000 TL
Nilüfer / Ataevler - 2+1,29.000 TL
Nilüfer / Merkez - 3+1,27.000 TL
Nilüfer / Görükle - 1+1,28.500 TL
Nilüfer / Ataevler - 3+1,28.500 TL
Mudanya / Güzelyalı - 3+1,29.500 TL
Nilüfer / Merkez - 3+1,28.000 TL
Nilüfer / Beşevler - 3+1,27.500 TL
Nilüfer / Görükle - 4+1,27.500 TL
Nilüfer / Merkez - 2+1,27.000 TL
İnegöl - 3+1,27.000 TL
Nilüfer / Merkez - 3+1,28.000 TL
Nilüfer / Merkez - 3+1,29.000 TL
Osmangazi / Demirtaş - 3+1,28.000 TL
Kestel - 2+1,28.000 TL
Gemlik / Kurşunlu - 3+1,28.500 TL
Nilüfer / Ertuğrul - 1+1,28.000 TL
Nilüfer / Görükle - 3+1,28.000 TL
Osmangazi / Kovukçınar - 3+1,29.500 TL
Orhangazi - 2+1,27.000 TL
Nilüfer / Ertuğrul - 2+1,27.000 TL
Nilüfer / Görükle - 2+1,27.500 TL
İznik - 3+1,28.000 TL
Nilüfer / Beşevler - 2+1,27.000 TL
Osmangazi / Demirtaş - 3+1,27.000 TL
Nilüfer / Ataevler - 1+1,28.500 TL
Osmangazi / Demirtaş - 3+1,28.500 TL
Nilüfer / Merkez - 3+1,29.500 TL
Nilüfer / Merkez - 2+1,29.500 TL
Nilüfer / Ataevler - 2+1,27.750 TL
Mudanya / Güzelyalı - 3+1,27.000 TL
Nilüfer / Merkez - 3+1,27.000 TL
Nilüfer / İhsaniye - 3+1,29.000 TL
Yıldırım / Duaçınarı - 3+1,29.000 TL
Nilüfer / Merkez - 3+1,28.500 TL
Osmangazi - 2+1,27.500 TL
Yıldırım / Emirsultan - 3+1,29.000 TL
Nilüfer / İhsaniye - 3+1,29.000 TL
Nilüfer / Merkez - 3+1,28.000 TL
Nilüfer / Beşevler - 3+1,29.000 TL
Osmangazi / Bağlarbaşı - 1+1,27.000 TL
Osmangazi - 3+1,29.000 TL
Yıldırım / Esenevler - 2+1,29.000 TL
Osmangazi / Demirtaş - 2+1,27.500 TL
Nilüfer / Ataevler - 3+1,28.000 TL
Osmangazi / Demirtaş - 1+1,27.000 TL
İznik - 3+1,28.000 TL
Mudanya / Güzelyalı - 2+1,27.500 TL
Osmangazi / Çekirge - 3+1,27.500 TL
Nilüfer / Ertuğrul - 1+1,28.000 TL
Osmangazi / Bağlarbaşı - 3+1,28.000 TL
Nilüfer / Merkez - 3+1,27.000 TL
Yıldırım / Esenevler - 3+1,29.500 TL
Mustafakemalpaşa - 3+1,28.000 TL
Osmangazi / Tayakadın - 2+1,27.000 TL
Nilüfer / Beşevler - 3+1,27.250 TL
Nilüfer / Ataevler - 1+1,27.500 TL
Osmangazi / Demirtaş - 3+1,29.500 TL
Nilüfer / Ertuğrul - 1+1,28.000 TL
Osmangazi - 4+1,29.500 TL
Osmangazi - 3+1,27.000 TL
Osmangazi / Demirtaş - 3+1,27.000 TL
Nilüfer / Merkez - 3+1,29.500 TL
Gemlik - 3+1,28.000 TL
Nilüfer / İhsaniye - 3+1,28.000 TL
Nilüfer / Merkez - 3+1,28.500 TL
Osmangazi / Çekirge - 3+1,28.000 TL
Nilüfer / Görükle - 3+1,27.000 TL
Nilüfer / Merkez - 1+1,29.000 TL
Gemlik - 5+1,28.000 TL
Yıldırım / Duaçınarı - 3+1,29.800 TL
Yıldırım / Hacıvat - 3+1,29.000 TL
Nilüfer / Ertuğrul - 2+1,27.000 TL
Nilüfer / Ataevler - 3+1,27.500 TL
Nilüfer / Merkez - 2.5+1,27.500 TL
Nilüfer / İhsaniye - 3+1,28.000 TL
Osmangazi / Soğanlı - 3+1,28.000 TL
Nilüfer / Beşevler - 3+1,27.000 TL
Nilüfer / Ataevler - 1+1,29.000 TL
Nilüfer / Görükle - 3+1,29.000 TL
Osmangazi / Bağlarbaşı - 3+1,28.500 TL
Nilüfer / Ataevler - 2+1,27.000 TL
Nilüfer / Merkez - 3+1,29.500 TL
Nilüfer / Görükle - 3+1,28.500 TL
Nilüfer / Köyler - 3+1,28.000 TL
Kestel - 3+1,27.000 TL
Osmangazi / Demirtaş - 3+1,29.000 TL
Nilüfer / Görükle - 3+1,29.000 TL
Nilüfer / Merkez - 1+1,27.000 TL
Nilüfer / Merkez - 1+1,29.000 TL
Osmangazi - 1+1,28.000 TL
Nilüfer / Beşevler - 3+1,27.500 TL
Osmangazi / Demirtaş - 3+1,28.000 TL
Nilüfer / Ataevler - 1+1,27.500 TL
Yıldırım - 2+1,27.000 TL
Nilüfer / Merkez - 3+1,28.000 TL
Yenişehir - 2+1,27.500 TL
Nilüfer / Görükle - 3+1,28.000 TL
Osmangazi - 5+1,28.000 TL
Nilüfer / Ataevler - 1+1,27.500 TL
Yıldırım - 3+1,29.500 TL
Nilüfer / Merkez - 2+1,27.000 TL
Osmangazi / Demirtaş - 3+1,28.250 TL
Osmangazi - 2+1,27.500 TL
Nilüfer / Ataevler - 3+1,29.000 TL
Osmangazi / Çekirge - 3+1,27.000 TL
İnegöl - 4+1,28.000 TL
Osmangazi / Demirtaş - 3+1,27.500 TL
Nilüfer / Merkez - 3+1,28.000 TL
İnegöl / Alanyurt - 3+1,27.000 TL
Nilüfer / Ataevler - 3+1,27.500 TL
Osmangazi - 3+1,27.000 TL
Nilüfer / Merkez - 3+1,29.000 TL
Osmangazi / Demirtaş - 3+1,27.500 TL
Nilüfer / Ertuğrul - 2+1,28.000 TL
Osmangazi / Demirtaş - 3+1,27.000 TL
Osmangazi / Çekirge - 3+1,27.000 TL
Osmangazi / Demirtaş - 3+1,28.000 TL
Osmangazi - 3+1,27.000 TL
Osmangazi / Çekirge - 3+1,29.000 TL
Gemlik / Köyler - 3+1,27.000 TL
Osmangazi - 2+1,28.500 TL
Gemlik - 3+1,27.000 TL
Osmangazi / Çekirge - 3+1,29.000 TL
Nilüfer / Merkez - 3+1,28.000 TL
Yıldırım / Esenevler - 3+1,28.500 TL
Nilüfer / Görükle - 3+1,28.000 TL
Nilüfer / Görükle - 5+1,27.000 TL
Nilüfer / Ertuğrul - 3+1,27.500 TL
Osmangazi / Çekirge - 3+1,28.000 TL
Osmangazi / Demirtaş - 3+1,29.000 TL
Nilüfer / Merkez - 3+1,29.000 TL
Osmangazi / Çekirge - 2+1,27.000 TL
Nilüfer / Ataevler - 1+1,27.000 TL
Osmangazi / Çekirge - 3.5+1,29.000 TL
Osmangazi / Demirtaş - 3+1,27.000 TL
Nilüfer / İhsaniye - 3+1,29.000 TL
Gemlik / Kurşunlu - 3+1,27.500 TL
Yıldırım / Arabayatağı - 3+1,28.000 TL
Nilüfer / Merkez - 2+1,27.000 TL
Osmangazi / Çekirge - 3+1,27.000 TL
Nilüfer / Beşevler - 3+1,29.500 TL
Nilüfer / İhsaniye - 3+1,28.000 TL
Nilüfer / Görükle - 3+1,28.500 TL
Osmangazi / Çekirge - 3+1,29.000 TL
Nilüfer / Beşevler - 3+1,27.000 TL
Nilüfer / Beşevler - 3+1,27.000 TL
Nilüfer / Görükle - 3.5+1,28.000 TL
Nilüfer / Merkez - 3+1,29.000 TL
Nilüfer / Görükle - 3+1,29.500 TL
Nilüfer / Beşevler - 3+1,27.000 TL
Nilüfer / Beşevler - 2+1,29.000 TL
Mudanya - 3+1,28.000 TL
Nilüfer / Görükle - 2+1,27.500 TL
Nilüfer / Merkez - 3+1,27.000 TL
Nilüfer / Merkez - 2+1,27.000 TL
Yıldırım / Arabayatağı - 3+1,28.000 TL
Nilüfer / Beşevler - 3+1,28.000 TL
Nilüfer / İhsaniye - 3+1,28.000 TL
Gemlik - 3+1,29.000 TL
Osmangazi / Demirtaş - 3+1,28.000 TL
Mudanya - 2+1,27.500 TL
Nilüfer / Merkez - 2+1,29.500 TL
Mudanya - 3+1,28.000 TL
Osmangazi / Demirtaş - 3+1,29.000 TL
Nilüfer / Merkez - 3.5+1,28.000 TL
Nilüfer / Merkez - 3+1,28.000 TL
Nilüfer / Ataevler - 3+1,27.500 TL
Nilüfer / Merkez - 1+1,29.000 TL
Nilüfer / Ataevler - 3+1,27.500 TL
Osmangazi / Demirtaş - 3+1,27.500 TL
Nilüfer / Merkez - 3+1,28.000 TL
Nilüfer / Beşevler - 3+1,27.000 TL
Karacabey - 3+1,27.000 TL
Gemlik - 2+1,27.500 TL
Osmangazi / Demirtaş - 2+1,28.000 TL
Nilüfer / Ertuğrul - 3+1,29.000 TL
Nilüfer / Ataevler - 1+1,29.000 TL
Nilüfer / Ertuğrul - 1+1,27.500 TL
İnegöl - 3+1,28.000 TL
Nilüfer / Görükle - 3+1,27.000 TL
Nilüfer / Merkez - 2+1,29.000 TL
Nilüfer / Görükle - 3+1,27.500 TL
Gemlik - 1+1,27.000 TL
Gemlik - 2+1,27.000 TL
Nilüfer / Merkez - 4+1,28.000 TL
Nilüfer / Görükle - 3+1,28.250 TL
Nilüfer / Merkez - 3+1,29.000 TL
Nilüfer / Merkez - 2+1,27.500 TL
Nilüfer / Merkez - 3+1,29.500 TL
Yıldırım / Duaçınarı - 3+1,29.000 TL
Osmangazi / Çekirge - 3+1,28.000 TL
Osmangazi - 3+1,29.000 TL
Osmangazi / Demirtaş - 3+1,27.000 TL
İnegöl - 3+1,28.500 TL
Osmangazi / Tayakadın - 2+1,28.500 TL
Nilüfer / Görükle - 2+1,29.000 TL
Mudanya - 3+1,28.000 TL
Mudanya - 2+1,27.000 TL
Nilüfer / Ataevler - 2+1,27.500 TL
Nilüfer / Merkez - 3+1,29.000 TL
Osmangazi / Demirtaş - 3+1,27.000 TL
Nilüfer / Ataevler - 3+1,27.000 TL
Osmangazi - 2+1,27.500 TL
Osmangazi / Çekirge - 3+1,27.500 TL
Osmangazi - 3+1,28.000 TL
Gemlik - 2+1,27.000 TL
Nilüfer / Merkez - 3+1,29.000 TL
Osmangazi / Demirtaş - 3+1,28.000 TL
Nilüfer / Görükle - 3+1,28.500 TL
Osmangazi / Demirtaş - 2+1,28.000 TL
Osmangazi - 3+1,27.000 TL
Nilüfer / Merkez - 2+1,29.000 TL
Yıldırım / Duaçınarı - 3+1,28.000 TL
Osmangazi / Çekirge - 3+1,29.000 TL
Osmangazi - 3+1,28.000 TL
Nilüfer / Görükle - 3+1,29.000 TL
Osmangazi / Bağlarbaşı - 3+1,28.000 TL
Osmangazi / Demirtaş - 3+1,27.000 TL
İznik - 2+1,29.000 TL
Nilüfer / Merkez - 3+1,27.000 TL
Osmangazi / Çekirge - 3+1,29.000 TL
Yenişehir - 3+1,27.500 TL
Yıldırım / Duaçınarı - 2+1,28.000 TL
Osmangazi / Emek - 1+1,27.500 TL
Mudanya - 3+1,28.000 TL
Nilüfer / Merkez - 2+1,28.000 TL
Mudanya - 3+1,28.500 TL
Nilüfer / İhsaniye - 3+1,29.000 TL
İnegöl - 3+1,28.000 TL
İnegöl - 3+1,27.500 TL
Osmangazi / Demirtaş - 3+1,27.000 TL
Nilüfer / Beşevler - 3+1,27.000 TL
Gemlik - 3+1,29.000 TL
Osmangazi / Maksem - 2+1,27.500 TL
Yıldırım / Eğitim - 3+1,29.000 TL
Osmangazi / Demirtaş - 3+1,27.000 TL
Gemlik - 1+1,27.000 TL
Osmangazi / Demirtaş - 2+1,28.500 TL
Nilüfer / İhsaniye - 3+1,29.500 TL
Gürsu - 4+1,27.500 TL
Nilüfer / Beşevler - 3+1,27.000 TL
Nilüfer / Merkez - 3+1,27.000 TL
Osmangazi / Çekirge - 4+1,28.000 TL
Nilüfer / Beşevler - 5+1,27.000 TL
Osmangazi / Demirtaş - 2.5+1,27.000 TL
Mudanya / Güzelyalı - 1+1,27.500 TL
Osmangazi / Emek - 1+1,28.000 TL
Nilüfer / Merkez - 3+1,27.200 TL
Nilüfer / Merkez - 2+1,27.500 TL
Osmangazi - 3+1,27.500 TL
Nilüfer / Merkez - 3+1,27.000 TL
Nilüfer / Ataevler - 3+1,28.000 TL
Nilüfer / Merkez - 3+1,28.500 TL
Nilüfer / Görükle - 2+1,29.000 TL
Nilüfer / Görükle - 3+1,29.999 TL
Nilüfer / İhsaniye - 3+1,28.000 TL
Nilüfer / Ertuğrul - 3+1,29.000 TL
Gemlik / Küçükkumla - 1.5+1,28.000 TL
Nilüfer / Merkez - 1+1,27.000 TL
Nilüfer / Merkez - 3+1,29.500 TL
Yıldırım / Duaçınarı - 3+1,28.000 TL
Nilüfer / Merkez - 4+1,29.000 TL
Nilüfer / Beşevler - 3+1,27.250 TL
Yıldırım / Duaçınarı - 3+1,27.500 TL
Nilüfer / Merkez - 3+1,27.000 TL
Osmangazi / Çekirge - 2+1,27.500 TL
Yıldırım / Arabayatağı - 3+1,28.000 TL
Osmangazi / Demirtaş - 3+1,28.000 TL
Nilüfer / Merkez - 3+1,27.000 TL
Osmangazi / Demirtaş - 3+1,28.498 TL
Nilüfer / Akçalar - 4+1,28.000 TL
Nilüfer / Beşevler - 3+1,29.000 TL
Nilüfer / İhsaniye - 2+1,28.000 TL
Gemlik / Umurbey - 2+1,27.500 TL
Osmangazi / Kovukçınar - 2+1,27.000 TL
Nilüfer / Ataevler - 3+1,29.500 TL
Nilüfer / Ertuğrul - 2+1,27.500 TL
Nilüfer / Merkez - 2+1,27.000 TL
Yıldırım / Esenevler - 2+1,28.000 TL
Nilüfer / Ertuğrul - 3+1,29.000 TL
Nilüfer / Ertuğrul - 1+1,28.000 TL
Gemlik - 2+1,27.500 TL
Nilüfer / Merkez - 3+1,29.900 TL
Yıldırım / Emirsultan - 5+1,29.000 TL
Osmangazi - 2+1,28.000 TL
Nilüfer / İhsaniye - 3+1,28.500 TL
Mudanya - 3+1,28.000 TL
Nilüfer / Merkez - 1+1,29.500 TL
Nilüfer / Merkez - 3+1,27.000 TL
Nilüfer / Beşevler - 3+1,27.000 TL
Osmangazi / Çekirge - 2+1,28.750 TL
Gemlik - 3+1,27.500 TL
Osmangazi / Çekirge - 5+1,27.500 TL
Nilüfer / Görükle - 3+1,28.500 TL
Nilüfer / İhsaniye - 3+1,28.000 TL
Nilüfer / Görükle - 2+1,27.500 TL
Nilüfer / Merkez - 3+1,28.000 TL
Osmangazi / Demirtaş - 1+1,28.000 TL
Nilüfer / Ataevler - 1+1,28.000 TL
Nilüfer / Ataevler - 2+1,29.000 TL
Osmangazi / Demirtaş - 3+1,29.500 TL
Nilüfer / Merkez - 2+1,28.000 TL
Mudanya - 3+1,28.000 TL
Nilüfer / Görükle - 3+1,28.000 TL
Yıldırım / Duaçınarı - 3+1,29.500 TL
Yıldırım / Ertuğrulgazi - 3+1,27.500 TL
Nilüfer / Görükle - 3+1,28.000 TL
Nilüfer / Merkez - 3+1,28.000 TL
Nilüfer / Merkez - 3+1,27.000 TL
Osmangazi / Demirtaş - 2.5+1,27.000 TL
Osmangazi / Demirtaş - 2+1,28.000 TL
İnegöl - 3+1,28.000 TL
Nilüfer / Görükle - 1+1,28.000 TL
Osmangazi / Demirtaş - 1+1,28.000 TL
Nilüfer / Merkez - 2+1,27.500 TL
Osmangazi / Demirtaş - 3+1,29.000 TL
Nilüfer / Beşevler - 3+1,27.000 TL
Gemlik / Kurşunlu - 2+1,27.000 TL
Nilüfer / İhsaniye - 4+1,28.000 TL
Nilüfer / Görükle - 3+1,28.000 TL
Nilüfer / İhsaniye - 3+1,29.000 TL
Osmangazi / Demirtaş - 3+1,29.000 TL
Osmangazi / Demirtaş - 3+1,28.750 TL
Osmangazi / Bağlarbaşı - 3+1,27.000 TL
Nilüfer / Ataevler - 1+1,27.500 TL
Osmangazi - 3+1,28.500 TL
Nilüfer / Beşevler - 2+1,29.000 TL
Nilüfer / Ataevler - 1+1,27.500 TL
Nilüfer / İhsaniye - 2+1,29.000 TL
Nilüfer / Görükle - 3+1,29.000 TL
Yıldırım / Esenevler - 3+1,27.500 TL
Nilüfer / Merkez - 3+1,29.000 TL
Osmangazi / Kovukçınar - 3+1,29.000 TL
Nilüfer / Ataevler - 2+1,29.500 TL
Mudanya - 3+1,29.000 TL
Gemlik - 3+1,29.500 TL
Nilüfer / Merkez - 3+1,27.750 TL
Mustafakemalpaşa - 2+1,29.000 TL
Osmangazi / Tayakadın - 2+1,27.000 TL
Nilüfer / Kayapa - 3+1,29.000 TL
Nilüfer / Beşevler - 3+1,27.000 TL
Osmangazi / Bağlarbaşı - 3+1,27.000 TL
Osmangazi / Bağlarbaşı - 1+1,29.500 TL
Osmangazi / Demirtaş - 3+1,28.900 TL
Nilüfer / Ataevler - 1+1,29.000 TL
Yıldırım / Ertuğrulgazi - 4+1,27.000 TL
Nilüfer / Merkez - 2+1,28.500 TL
Nilüfer / Merkez - 2+1,27.500 TL
Osmangazi - 3+1,29.000 TL
Nilüfer / Akçalar - 4+1,27.000 TL
Nilüfer / Ertuğrul - 3+1,29.000 TL
Nilüfer / İhsaniye - 1+1,28.000 TL
Osmangazi / Demirtaş - 3+1,27.500 TL
Nilüfer / Ataevler - 1+1,29.000 TL
Nilüfer / Görükle - 1+1,29.500 TL
Nilüfer / Ataevler - 3+1,27.000 TL
Nilüfer / Merkez - 2+1,28.000 TL
Nilüfer / Görükle - 2+1,28.000 TL
Nilüfer / İhsaniye - 3+1,29.000 TL
İnegöl / Alanyurt - 3+1,29.000 TL
Osmangazi - 2+1,29.000 TL
Nilüfer / Ertuğrul - 1+1,29.000 TL
Nilüfer / Merkez - 3+1,27.500 TL
Mudanya - 3+1,29.000 TL
Nilüfer / Merkez - 3+1,28.000 TL
Nilüfer / Merkez - 1+1,28.000 TL
Nilüfer / İhsaniye - 3+1,28.000 TL
Nilüfer / İhsaniye - 4+1,29.000 TL
Nilüfer / Beşevler - 3+1,28.000 TL
Mudanya - 3+1,28.000 TL
Nilüfer / Ataevler - 1+1,27.000 TL
Yıldırım / Duaçınarı - 3+1,27.000 TL
Nilüfer / Ertuğrul - 1+1,28.000 TL
İnegöl / Köyler - 3+1,27.500 TL
Nilüfer / Ataevler - 3+1,28.000 TL
Osmangazi / Çekirge - 3+1,28.000 TL
Nilüfer / Merkez - 1+1,27.500 TL
Mudanya - 2+1,27.000 TL
Nilüfer / Merkez - 3+1,29.500 TL
Yıldırım / Duaçınarı - 3+1,28.000 TL
Nilüfer / Merkez - 3+1,27.000 TL
Mudanya / Güzelyalı - 3+1,27.750 TL
Osmangazi / Çekirge - 3+1,28.000 TL
Osmangazi - 2+1,28.500 TL
Nilüfer / Beşevler - 2+1,28.000 TL
Nilüfer / Beşevler - 3+1,28.000 TL
Osmangazi / Bağlarbaşı - 1+1,29.000 TL
Nilüfer / Ertuğrul - 3+1,29.000 TL
Osmangazi / Soğanlı - 3+1,28.000 TL
Nilüfer / İhsaniye - 1+1,27.500 TL
Gemlik / Umurbey - 3+1,28.000 TL
Nilüfer / Beşevler - 3+1,28.000 TL
Nilüfer / Ertuğrul - 3+1,27.000 TL
Nilüfer / Ataevler - 2+1,29.000 TL
Osmangazi - 4+1,29.000 TL
Nilüfer / Görükle - 3+1,29.500 TL
Osmangazi / Demirtaş - 2+1,27.500 TL
Osmangazi / Demirtaş - 3+1,28.000 TL
Osmangazi - 4+1,27.000 TL
Osmangazi / Çekirge - 2+1,28.000 TL
İnegöl - 3+1,27.500 TL
Osmangazi - 3+1,27.000 TL
Yıldırım / Duaçınarı - 3+1,29.000 TL
Osmangazi / Demirtaş - 3+1,27.500 TL
Nilüfer / Beşevler - 3+1,29.000 TL
Nilüfer / Kayapa - 4+1,27.500 TL
Yıldırım / Esenevler - 2+1,28.750 TL
Nilüfer / Ataevler - 3+1,28.000 TL
Osmangazi / Demirtaş - 2+1,27.000 TL
Nilüfer / Ataevler - 3+1,28.000 TL
Nilüfer / Ertuğrul - 1+1,27.500 TL
İnegöl / Alanyurt - 3+1,27.000 TL
Kestel - 3+1,28.000 TL
Nilüfer / Ataevler - 2+1,29.000 TL
Nilüfer / Görükle - 3+1,27.500 TL
Nilüfer / Ataevler - 1+1,28.000 TL
Osmangazi / Emek - 3+1,27.000 TL
Yıldırım / Duaçınarı - 3+1,27.000 TL
Osmangazi / Demirtaş - 3+1,29.750 TL
Osmangazi / Tayakadın - 2+1,28.000 TL
Osmangazi - 2+1,27.000 TL
Nilüfer / Ataevler - 5+1,28.000 TL
Nilüfer / Kayapa - 2+1,27.500 TL
Nilüfer / Kayapa - 2+1,27.500 TL
Nilüfer / Kayapa - 2+1,27.500 TL
Nilüfer / Görükle - 2+1,31.000 TL
Nilüfer / İhsaniye - 3+1,32.000 TL
Nilüfer / Merkez - 2+1,30.000 TL
Nilüfer / İhsaniye - 3+1,30.000 TL
Mudanya - 3+1,30.000 TL
Osmangazi / Bağlarbaşı - 4+1,30.000 TL
Nilüfer / Merkez - 2+1,31.500 TL
Osmangazi / Çekirge - 3+1,30.000 TL
Mudanya / Güzelyalı - 2+1,30.000 TL
Nilüfer / Ertuğrul - 2+1,32.500 TL
Nilüfer / Ertuğrul - 3+1,31.500 TL
Nilüfer / Ertuğrul - 3+1,30.000 TL
Yıldırım / Ertuğrulgazi - 5+1,30.000 TL
Nilüfer / Merkez - 3+1,32.000 TL
Nilüfer / Merkez - 3+1,30.000 TL
Nilüfer / Beşevler - 4+1,31.000 TL
Nilüfer / Görükle - 2+1,32.000 TL
Gemlik / Umurbey - 4+1,32.000 TL
Yıldırım / Esenevler - 3+1,32.000 TL
Nilüfer / Merkez - 2+1,30.000 TL
Nilüfer / Beşevler - 3+1,31.000 TL
Nilüfer / Merkez - 3+1,30.000 TL
Osmangazi / Çekirge - 3+1,30.000 TL
Nilüfer / Ertuğrul - 1+1,31.000 TL
Nilüfer / Ataevler - 2+1,30.000 TL
Osmangazi / Demirtaş - 3+1,33.000 TL
Nilüfer / Merkez - 3+1,32.000 TL
Nilüfer / Görükle - 3+1,30.499 TL
Osmangazi / Demirtaş - 3+1,33.000 TL
Nilüfer / Görükle - 3+1,31.500 TL
Nilüfer / İhsaniye - 3+1,30.000 TL
Osmangazi - 3+1,31.500 TL
Osmangazi - 3+1,33.000 TL
Nilüfer / Merkez - 3+1,30.000 TL
Osmangazi / Çekirge - 5+1,31.000 TL
Osmangazi / Çekirge - 2+1,30.000 TL
Nilüfer / Merkez - 3+1,30.000 TL
Nilüfer / Merkez - 3.5+1,33.000 TL
Nilüfer / Ataevler - 1+1,30.000 TL
Nilüfer / Merkez - 3+1,31.500 TL
Nilüfer / Ertuğrul - 3+1,30.000 TL
Osmangazi / Soğanlı - 2+1,30.500 TL
Nilüfer / Beşevler - 3+1,33.500 TL
Nilüfer / Ataevler - 3+1,30.000 TL
Nilüfer / Beşevler - 1+1,32.500 TL
Osmangazi - 3+1,31.000 TL
Nilüfer / Ertuğrul - 4+1,33.000 TL
Nilüfer / Ataevler - 3+1,30.000 TL
Nilüfer / Beşevler - 2+1,30.000 TL
Osmangazi / Kovukçınar - 2.5+1,34.000 TL
Gemlik - 3+1,30.000 TL
Nilüfer / Görükle - 3+1,30.000 TL
Osmangazi / Demirtaş - 3+1,33.000 TL
Gemlik - 2+1,30.500 TL
Osmangazi - 3+1,30.000 TL
Gemlik - 3+1,32.000 TL
Osmangazi / Çekirge - 2+1,34.000 TL
Nilüfer / Beşevler - 3+1,30.000 TL
Nilüfer / Merkez - 2+1,32.500 TL
Nilüfer / Merkez - 4.5+1,34.000 TL
Nilüfer / Merkez - 3+1,30.000 TL
Nilüfer / İhsaniye - 4+1,30.000 TL
Nilüfer / Görükle - 2+1,30.000 TL
Osmangazi - 3+1,33.000 TL
Nilüfer / Ertuğrul - 3+1,30.000 TL
Osmangazi / Demirtaş - 3+1,30.000 TL
Yıldırım / Esenevler - 3+1,30.000 TL
Nilüfer / Ertuğrul - 3+1,34.000 TL
Osmangazi / Çekirge - 3+1,30.000 TL
Nilüfer / Ataevler - 2+1,30.000 TL
Nilüfer / Merkez - 2+1,32.500 TL
Osmangazi / Çekirge - 3+1,30.000 TL
Nilüfer / Merkez - 3+1,31.000 TL
Nilüfer / Görükle - 3+1,32.000 TL
Osmangazi / Demirtaş - 3+1,30.000 TL
Nilüfer / Görükle - 3+1,30.000 TL
Osmangazi / Demirtaş - 3+1,30.000 TL
Nilüfer / Ataevler - 3+1,31.500 TL
Nilüfer / Merkez - 3+1,30.000 TL
Nilüfer / Görükle - 3+1,32.000 TL
Osmangazi / Emek - 1+1,32.000 TL
Nilüfer / Merkez - 3+1,34.000 TL
Osmangazi / Emek - 1+1,32.000 TL
Nilüfer / Ertuğrul - 4+1,30.000 TL
Nilüfer / İhsaniye - 3+1,32.000 TL
Gemlik - 3+1,32.000 TL
Nilüfer / Merkez - 3+1,30.000 TL
Yıldırım / Ertuğrulgazi - 3+1,30.000 TL
Gemlik - 3+1,30.000 TL
Nilüfer / Ataevler - 3+1,32.000 TL
Nilüfer / Merkez - 3+1,31.000 TL
Nilüfer / İhsaniye - 3+1,32.000 TL
Mudanya - 3+1,30.000 TL
Osmangazi / Demirtaş - 2+1,31.000 TL
İnegöl / Alanyurt - 2+1,30.000 TL
Nilüfer / Merkez - 3+1,32.000 TL
Mudanya / Güzelyalı - 2+1,31.500 TL
Nilüfer / Merkez - 1+1,32.500 TL
Gemlik - 3+1,30.000 TL
Nilüfer / Görükle - 2+1,30.500 TL
Nilüfer / Merkez - 3+1,31.500 TL
Osmangazi - 2+1,30.000 TL
Gemlik - 3+1,30.000 TL
Mudanya / Güzelyalı - 3+1,30.000 TL
Nilüfer / Merkez - 2+1,31.000 TL
Osmangazi / Demirtaş - 3+1,31.000 TL
Nilüfer / Merkez - 3+1,30.000 TL
Osmangazi / Soğanlı - 3+1,33.000 TL
Nilüfer / Merkez - 3+1,30.000 TL
Nilüfer / Beşevler - 2+1,32.000 TL
Osmangazi / Emek - 4+1,30.000 TL
Osmangazi / Çekirge - 3+1,34.750 TL
İznik - 2+1,30.000 TL
Osmangazi / Demirtaş - 3+1,30.000 TL
İnegöl / Alanyurt - 3+1,30.000 TL
Yıldırım / Esenevler - 3+1,31.000 TL
Nilüfer / İhsaniye - 3+1,31.000 TL
Nilüfer / Ertuğrul - 2+1,33.000 TL
Nilüfer / Ataevler - 3+1,30.000 TL
Nilüfer / Merkez - 2+1,32.000 TL
Nilüfer / Ataevler - 3+1,33.000 TL
Nilüfer / Merkez - 2+1,31.000 TL
Nilüfer / İhsaniye - 3+1,31.000 TL
Nilüfer / Ataevler - 3+1,30.000 TL
Mudanya - 3+1,30.000 TL
Nilüfer / İhsaniye - 2+1,30.000 TL
Nilüfer / Ataevler - 3+1,30.000 TL
Gemlik / Umurbey - 3+1,30.000 TL
Nilüfer / Ertuğrul - 2+1,34.000 TL
Nilüfer / Görükle - 3+1,32.000 TL
Osmangazi / Demirtaş - 3+1,30.000 TL
Nilüfer / Ataevler - 2+1,32.500 TL
Nilüfer / Görükle - 3+1,30.000 TL
Yıldırım / Eğitim - 2+1,30.000 TL
Nilüfer / Görükle - 3+1,33.000 TL
Nilüfer / Merkez - 3+1,30.000 TL
Nilüfer / Merkez - 3+1,30.000 TL
Osmangazi / Kovukçınar - 1+1,31.000 TL
Nilüfer / İhsaniye - 3+1,31.000 TL
Nilüfer / Ertuğrul - 3+1,30.750 TL
Nilüfer / Beşevler - 3+1,30.000 TL
Orhangazi - 3+1,30.000 TL
Nilüfer / Görükle - 3+1,30.000 TL
Orhangazi - 3+1,30.000 TL
Osmangazi / Çekirge - 3+1,30.000 TL
Osmangazi / Çekirge - 3+1,30.000 TL
Nilüfer / Merkez - 3+1,32.000 TL
Osmangazi / Soğanlı - 2+1,30.500 TL
Nilüfer / Merkez - 1+1,31.000 TL
Nilüfer / Merkez - 3+1,30.000 TL
Osmangazi / Çekirge - 3+1,30.000 TL
Nilüfer / İhsaniye - 3+1,30.000 TL
Osmangazi - 3+1,31.500 TL
Nilüfer / Merkez - 2+1,31.000 TL
Nilüfer / Ertuğrul - 3+1,32.000 TL
Nilüfer / Ataevler - 2+1,30.500 TL
Osmangazi / Çekirge - 2+1,30.000 TL
Nilüfer / Ataevler - 3+1,33.000 TL
Nilüfer / İhsaniye - 3+1,30.000 TL
Mustafakemalpaşa - 3+1,33.000 TL
Nilüfer / Ataevler - 4+1,32.000 TL
İnegöl / Alanyurt - 3+1,30.000 TL
Mudanya / Güzelyalı - 4+2,30.000 TL
İnegöl / Alanyurt - 3+1,30.000 TL
Nilüfer / Köyler - 2+1,32.000 TL
Nilüfer / Köyler - 2+1,30.000 TL
Nilüfer / Beşevler - 4+1,32.000 TL
Osmangazi - 3+1,30.500 TL
Nilüfer / İhsaniye - 3+1,30.000 TL
Nilüfer / Ertuğrul - 5+1,33.000 TL
Nilüfer / Beşevler - 1+1,30.000 TL
Nilüfer / Merkez - 4+1,33.000 TL
Nilüfer / Ertuğrul - 3+1,30.000 TL
Nilüfer / Ertuğrul - 3+1,34.000 TL
Nilüfer / Merkez - 2+1,30.000 TL
Gemlik / Umurbey - 4+1,33.000 TL
Mudanya / Güzelyalı - 3+1,30.000 TL
Osmangazi / Demirtaş - 3+1,30.000 TL
Nilüfer / Beşevler - 1+1,34.000 TL
Nilüfer / Ertuğrul - 4+1,32.750 TL
İnegöl / Alanyurt - 2+1,30.000 TL
Osmangazi - 3+1,33.000 TL
Nilüfer / Ertuğrul - 1+1,30.000 TL
Nilüfer / Merkez - 3+1,30.000 TL
Nilüfer / Görükle - 4+1,32.000 TL
Nilüfer / Ataevler - 1+1,32.000 TL
Mudanya - 3+1,33.500 TL
Nilüfer / Merkez - 3+1,30.000 TL
Mudanya - 2+1,30.000 TL
Mustafakemalpaşa - 2+1,30.000 TL
Nilüfer / İhsaniye - 3+1,32.000 TL
Nilüfer / Merkez - 1+1,32.500 TL
Nilüfer / Köyler - 2+1,32.000 TL
Nilüfer / Görükle - 3+1,30.500 TL
Nilüfer / Merkez - 3+1,30.500 TL
Nilüfer / İhsaniye - 3+1,33.000 TL
Nilüfer / Merkez - 3+1,30.000 TL
Nilüfer / Ataevler - 1+1,30.000 TL
Nilüfer / Beşevler - 3+1,32.500 TL
Nilüfer / Ataevler - 2+1,30.000 TL
Nilüfer / İhsaniye - 3+1,31.500 TL
Osmangazi - 3+1,33.500 TL
Yıldırım / Duaçınarı - 3+1,31.000 TL
Nilüfer / Beşevler - 3+1,30.000 TL
Nilüfer / Görükle - 4+1,30.000 TL
Nilüfer / Merkez - 2+1,34.000 TL
Osmangazi / Emek - 1+1,34.000 TL
Nilüfer / Görükle - 3+1,30.000 TL
Nilüfer / Merkez - 3+1,32.000 TL
Osmangazi / Demirtaş - 3+1,30.000 TL
İnegöl - 3+1,30.000 TL
Osmangazi - 3+1,30.000 TL
Nilüfer / Görükle - 4+1,34.500 TL
Nilüfer / Merkez - 3+1,33.000 TL
Nilüfer / Merkez - 2+1,33.000 TL
Yıldırım / Ertuğrulgazi - 3+1,30.000 TL
Osmangazi / Demirtaş - 2+1,32.500 TL
İnegöl - 3+1,31.000 TL
Yıldırım / Esenevler - 6+1,30.000 TL
Nilüfer / Merkez - 3+1,30.000 TL
Nilüfer / Görükle - 3+1,32.500 TL
Osmangazi - 3+1,34.500 TL
Nilüfer / Ertuğrul - 1+1,32.000 TL
Osmangazi / Demirtaş - 3+1,30.000 TL
Gemlik - 4+1,31.500 TL
Nilüfer / Kayapa - 3+1,30.000 TL
Nilüfer / Görükle - 3+1,31.000 TL
Yıldırım / Emirsultan - 1+1,30.000 TL
Nilüfer / Merkez - 3+1,30.000 TL
Nilüfer / Köyler - 2+1,30.000 TL
Mudanya - 5+1,32.000 TL
Nilüfer / Merkez - 3+1,30.000 TL
Nilüfer / Ataevler - 1+1,31.000 TL
Nilüfer / Görükle - 4+1,31.000 TL
Nilüfer / Görükle - 3+1,31.000 TL
Nilüfer / Ataevler - 1+1,30.000 TL
Nilüfer / Merkez - 3+1,33.000 TL
Nilüfer / Beşevler - 3+1,34.000 TL
Osmangazi / Demirtaş - 3+1,30.000 TL
Osmangazi / Kovukçınar - 2.5+1,30.000 TL
Osmangazi / Çekirge - 3+1,31.000 TL
Osmangazi / Emek - 1+1,34.000 TL
Mudanya / Güzelyalı - 4+1,32.750 TL
Nilüfer / Görükle - 3+1,30.500 TL
Nilüfer / Ataevler - 3+1,30.000 TL
Osmangazi - 3+1,34.000 TL
Osmangazi - 3+1,30.000 TL
Nilüfer / Görükle - 3+1,30.000 TL
Nilüfer / İhsaniye - 3+1,32.000 TL
Nilüfer / Merkez - 2+1,31.500 TL
Nilüfer / Merkez - 3+1,34.000 TL
Nilüfer / Merkez - 3+1,33.000 TL
Osmangazi / Demirtaş - 4+1,30.000 TL
Gemlik - 3+1,32.000 TL
Yıldırım / Arabayatağı - 3+1,33.500 TL
Nilüfer / İhsaniye - 3+1,30.000 TL
Nilüfer / Ataevler - 3+1,33.000 TL
Osmangazi / Demirtaş - 3+1,31.000 TL
Osmangazi - 4+1,30.000 TL
Osmangazi / Kovukçınar - 1+1,30.500 TL
İnegöl - 3+1,30.000 TL
Nilüfer / Merkez - 4+1,33.000 TL
Nilüfer / Merkez - 3+1,30.000 TL
Yıldırım / Duaçınarı - 3+1,33.000 TL
Nilüfer / Ertuğrul - 3+1,34.500 TL
Osmangazi / Kovukçınar - 3+1,33.900 TL
Yıldırım / Duaçınarı - 3+1,34.000 TL
Yıldırım / Ertuğrulgazi - 2+1,30.000 TL
Nilüfer / Merkez - 2+1,32.000 TL
Osmangazi - 3+1,30.500 TL
Nilüfer / Beşevler - 3+1,32.000 TL
İnegöl / Alanyurt - 3+1,30.000 TL
Osmangazi / Ovaakça - 3+1,30.000 TL
Osmangazi / Demirtaş - 3+1,33.000 TL
Nilüfer / Görükle - 3+1,30.000 TL
Nilüfer / Ertuğrul - 1+1,34.000 TL
Nilüfer / Ataevler - 3+1,30.000 TL
Osmangazi / Demirtaş - 3+1,32.000 TL
Nilüfer / Merkez - 3+1,30.000 TL
Gemlik - 3+1,31.000 TL
Osmangazi / Bağlarbaşı - 3+1,30.000 TL
Nilüfer / Ataevler - 2+1,31.000 TL
Nilüfer / Beşevler - 1+1,30.000 TL
Nilüfer / Ataevler - 3+1,32.000 TL
Nilüfer / Beşevler - 2+1,30.000 TL
Nilüfer / Görükle - 3+1,30.000 TL
Yıldırım / Duaçınarı - 3+1,34.000 TL
Nilüfer / Görükle - 3.5+1,30.000 TL
Osmangazi / Çekirge - 2+1,32.000 TL
Nilüfer / Ataevler - 1+1,30.000 TL
Nilüfer / Görükle - 1+1,30.000 TL
Yıldırım / Duaçınarı - 3+1,30.000 TL
Nilüfer / Merkez - 2+0,30.000 TL
Nilüfer / Ataevler - 3+1,30.000 TL
Nilüfer / Merkez - 3+1,30.000 TL
Nilüfer / Beşevler - 3+1,32.000 TL
Nilüfer / Kayapa - 4+1,30.000 TL
Nilüfer / Merkez - 1+1,31.000 TL
İznik - 3+1,30.000 TL
Nilüfer / Ataevler - 1+1,30.000 TL
Gemlik - 3+1,33.000 TL
Nilüfer / Beşevler - 3+1,32.000 TL
Mudanya / Güzelyalı - 3+1,31.000 TL
Nilüfer / Merkez - 1+1,30.000 TL
Osmangazi / Çekirge - 3+1,33.000 TL
Nilüfer / Ertuğrul - 1+1,30.000 TL
Nilüfer / Merkez - 3+1,34.500 TL
Nilüfer / Hasanağa - 3+1,30.000 TL
Nilüfer / Merkez - 3+1,30.000 TL
Nilüfer / Ataevler - 3+1,30.000 TL
Osmangazi / Tayakadın - 2+1,30.000 TL
Nilüfer / Ataevler - 3+1,30.000 TL
Nilüfer / Merkez - 3+1,30.000 TL
Osmangazi / Bağlarbaşı - 2+1,30.000 TL
Nilüfer / Ataevler - 2+1,33.000 TL
Osmangazi - 3+1,30.000 TL
Nilüfer / Ataevler - 4+1,30.000 TL
Nilüfer / Merkez - 1+1,30.000 TL
Osmangazi / Demirtaş - 2+1,32.000 TL
Nilüfer / Merkez - 4+1,31.000 TL
Nilüfer / Ertuğrul - 1+1,30.750 TL
Nilüfer / Merkez - 3+1,34.000 TL
Nilüfer / Ataevler - 1+1,32.500 TL
Osmangazi / Kovukçınar - 2+1,31.000 TL
Osmangazi / Çekirge - 3+1,32.000 TL
Gemlik - 3+1,30.000 TL
Nilüfer / Kayapa - 3+1,30.000 TL
Nilüfer / Merkez - 1+1,32.000 TL
Nilüfer / Ataevler - 3+1,33.000 TL
Yıldırım / Esenevler - 3+1,34.000 TL
Mustafakemalpaşa - 3+1,30.000 TL
Orhangazi - 4+1,30.000 TL
Nilüfer / Merkez - 2+1,30.000 TL
Nilüfer / Merkez - 3+1,31.000 TL
Nilüfer / Görükle - 4+1,30.000 TL
Mudanya - 2+1,30.000 TL
İnegöl - 5+1,32.000 TL
Mudanya / Güzelyalı - 3+1,32.000 TL
Osmangazi / Emek - 1+1,30.000 TL
Mudanya - 2+1,30.000 TL
Nilüfer / Görükle - 2+1,32.000 TL
Osmangazi - 3+1,33.000 TL
Osmangazi / Çekirge - 3+1,33.000 TL
Nilüfer / Beşevler - 2+1,34.000 TL
Nilüfer / Görükle - 3+1,30.500 TL
Gemlik - 6+1,34.250 TL
Osmangazi / Demirtaş - 3+1,30.000 TL
Nilüfer / Ertuğrul - 4+1,32.500 TL
Nilüfer / Beşevler - 3+1,32.000 TL
Osmangazi / Emek - 1+1,30.000 TL
Gemlik / Umurbey - 3+1,33.000 TL
Nilüfer / Ertuğrul - 4+1,34.500 TL
Nilüfer / İhsaniye - 3+1,33.000 TL
Yıldırım / Esenevler - 3+1,32.250 TL
Osmangazi / Bağlarbaşı - 4+1,30.000 TL
Yıldırım / Ertuğrulgazi - 5+1,31.000 TL
Karacabey - 3+1,33.000 TL
Gemlik - 3+1,32.000 TL
Nilüfer / Ataevler - 3+1,33.000 TL
Nilüfer / Görükle - 3+1,31.000 TL
Nilüfer / Merkez - 3+1,30.000 TL
Nilüfer / Merkez - 3+1,30.000 TL
Osmangazi / Emek - 1+1,33.500 TL
Osmangazi / Tayakadın - 4+1,30.000 TL
Nilüfer / Ertuğrul - 2+1,30.000 TL
Osmangazi / Tayakadın - 3+1,34.000 TL
Nilüfer / Ataevler - 1+1,30.000 TL
Osmangazi / Çekirge - 4+1,32.000 TL
Nilüfer / Beşevler - 1+1,34.000 TL
Nilüfer / Ataevler - 3+1,33.000 TL
Nilüfer / İhsaniye - 3+1,32.000 TL
Nilüfer / Merkez - 3.5+1,32.000 TL
İznik - 1+1,30.000 TL
Osmangazi / Çekirge - 4+1,31.000 TL
Nilüfer / Ertuğrul - 2+1,32.000 TL
Nilüfer / Görükle - 3+1,30.000 TL
Nilüfer / Ertuğrul - 2+1,30.000 TL
Nilüfer / Ertuğrul - 3+1,30.000 TL
Gemlik - 3+1,30.000 TL
Osmangazi - 3+1,30.000 TL
Nilüfer / İhsaniye - 3+1,30.000 TL
Osmangazi / Tayakadın - 3+1,30.000 TL
Yıldırım / Duaçınarı - 3+1,30.000 TL
Nilüfer / Merkez - 3+1,33.000 TL
Nilüfer / Merkez - 3+1,30.000 TL
İnegöl / Alanyurt - 3+1,31.000 TL
Yıldırım / Ertuğrulgazi - 2+1,30.000 TL
Nilüfer / Beşevler - 1+1,33.000 TL
Nilüfer / Merkez - 3+1,31.000 TL
Nilüfer / Ataevler - 3+1,30.000 TL
Osmangazi / Kovukçınar - 1+1,32.000 TL
Mudanya - 3+1,32.000 TL
Nilüfer / Ataevler - 3+1,32.000 TL
Osmangazi / Çekirge - 3+1,30.500 TL
Nilüfer / Ertuğrul - 3+1,30.000 TL
Nilüfer / Görükle - 2+1,31.000 TL
Nilüfer / Görükle - 3+1,30.000 TL
Nilüfer / Ertuğrul - 1+1,30.000 TL
Osmangazi / Bağlarbaşı - 3+1,33.000 TL
İnegöl / Alanyurt - 5+1,33.000 TL
Gürsu - 2+1,33.500 TL
Nilüfer / Görükle - 3+1,30.000 TL
Osmangazi / Demirtaş - 3+1,32.000 TL
Osmangazi / Emek - 2+1,34.000 TL
Nilüfer / Merkez - 2+1,30.000 TL
Osmangazi / Emek - 1+1,32.500 TL
Osmangazi / Kovukçınar - 3+1,34.000 TL
Nilüfer / Merkez - 3+1,30.000 TL
Nilüfer / Görükle - 3+1,30.000 TL
Gemlik - 4+1,34.000 TL
Yıldırım / Esenevler - 3+1,33.000 TL
Nilüfer / Ataevler - 3+1,33.000 TL
Nilüfer / Ataevler - 3+1,30.000 TL
Yıldırım / Esenevler - 3+1,31.000 TL
Mudanya / Güzelyalı - 2+1,30.000 TL
Osmangazi - 3+1,31.000 TL
Osmangazi - 1+1,30.000 TL
Mudanya - 3+1,30.000 TL
Osmangazi / Demirtaş - 3+1,32.000 TL
Osmangazi / Kovukçınar - 2+1,33.500 TL
Nilüfer / Ertuğrul - 2+1,31.000 TL
Mustafakemalpaşa - 3+1,32.500 TL
Nilüfer / İhsaniye - 3+1,32.000 TL
Nilüfer / İhsaniye - 2+1,32.000 TL
Yıldırım / Duaçınarı - 3+1,33.000 TL
Mudanya / Güzelyalı - 3+1,33.500 TL
Gemlik - 3+1,30.000 TL
Osmangazi - 3+1,33.500 TL
Nilüfer / Görükle - 4+1,33.000 TL
Nilüfer / Ertuğrul - 3+1,30.000 TL
Nilüfer / Ataevler - 1+1,30.000 TL
Nilüfer / Merkez - 2+1,30.750 TL
Osmangazi / Demirtaş - 3+1,32.000 TL
Yıldırım / Esenevler - 3+1,34.000 TL
Nilüfer / Merkez - 2+1,33.000 TL
Osmangazi / Tayakadın - 2+1,30.000 TL
Nilüfer / Beşevler - 3+1,33.000 TL
Osmangazi / Demirtaş - 3+1,32.000 TL
Nilüfer / Merkez - 3+1,30.000 TL
Nilüfer / Merkez - 3+1,30.000 TL
Nilüfer / Merkez - 1+1,32.000 TL
Osmangazi / Demirtaş - 3+1,32.000 TL
Nilüfer / Merkez - 3+1,34.000 TL
Nilüfer / Beşevler - 1+1,34.000 TL
Nilüfer / Ataevler - 1+1,32.000 TL
Osmangazi - 3+1,33.500 TL
Osmangazi - 3+1,30.000 TL
İnegöl / Alanyurt - 4+1,30.000 TL
Nilüfer / Görükle - 2+1,32.000 TL
Nilüfer / Ataevler - 2+1,33.000 TL
Nilüfer / Merkez - 1+1,32.000 TL
Nilüfer / Görükle - 3+1,30.000 TL
Nilüfer / Beşevler - 1+1,34.000 TL
Osmangazi / Demirtaş - 2+1,30.000 TL
Nilüfer / Merkez - 4+1,30.000 TL
Nilüfer / Merkez - 3+1,30.000 TL
Nilüfer / Merkez - 3+1,30.000 TL
Nilüfer / Merkez - 3.5+1,34.000 TL
Nilüfer / Ataevler - 3+1,30.000 TL
Nilüfer / Görükle - 3+1,30.000 TL
Osmangazi - 3+1,31.500 TL
Nilüfer / Köyler - 2+1,30.000 TL
Mudanya - 2+1,30.000 TL
Nilüfer / Merkez - 3+1,30.000 TL
Yıldırım / Duaçınarı - 3+1,30.000 TL
Nilüfer / Merkez - 3+1,30.000 TL
Yıldırım / Esenevler - 3+1,33.000 TL
Nilüfer / Merkez - 2+1,33.000 TL
Nilüfer / Görükle - 1+1,30.000 TL
Nilüfer / Beşevler - 3+1,30.000 TL
Nilüfer / Beşevler - 3+1,34.000 TL
Osmangazi / Demirtaş - 3+1,30.000 TL
Yıldırım / Yeşilyayla - 3+1,32.000 TL
Nilüfer / Merkez - 2+1,31.000 TL
Nilüfer / Ertuğrul - 1+1,30.000 TL
Yıldırım / Ertuğrulgazi - 2+2,32.500 TL
Osmangazi / Demirtaş - 3+1,32.000 TL
Nilüfer / Ertuğrul - 3+1,34.000 TL
Nilüfer / Beşevler - 2+1,31.000 TL
Gemlik / Umurbey - 4+1,33.000 TL
Gürsu - 3+1,30.000 TL
Gemlik - 1+1,30.000 TL
Osmangazi - 2+1,30.000 TL
Nilüfer / İhsaniye - 3+1,32.000 TL
Osmangazi / Demirtaş - 4+1,34.000 TL
Nilüfer / İhsaniye - 3+1,34.500 TL
Nilüfer / Ataevler - 1+1,30.000 TL
Nilüfer / İhsaniye - 3+1,31.000 TL
Yıldırım / Duaçınarı - 3+1,30.000 TL
Nilüfer / Merkez - 2+1,34.000 TL
Yıldırım / Duaçınarı - 3+1,30.000 TL
Nilüfer / Ertuğrul - 2+1,30.000 TL
Osmangazi / Tayakadın - 3.5+1,30.000 TL
Nilüfer / Ataevler - 2+1,30.000 TL
Osmangazi / Çekirge - 2+1,30.000 TL
Yıldırım / Yeşilyayla - 3+1,31.000 TL
Osmangazi - 3+1,33.000 TL
Nilüfer / İhsaniye - 6+1,33.000 TL
Nilüfer / İhsaniye - 4+1,31.000 TL
Nilüfer / Beşevler - 4+1,30.000 TL
Nilüfer / Merkez - 3+1,30.000 TL
Yıldırım / Esenevler - 3+1,31.000 TL
Nilüfer / Beşevler - 3+1,30.000 TL
Nilüfer / Ataevler - 3+1,30.500 TL
Nilüfer / İhsaniye - 3+1,34.000 TL
Mudanya - 2+1,30.000 TL
Nilüfer / Merkez - 3+1,32.000 TL
Nilüfer / Ataevler - 1+1,31.500 TL
Nilüfer / Ataevler - 3+1,33.000 TL
Osmangazi - 3+1,32.000 TL
Nilüfer / Merkez - 2+1,30.000 TL
İnegöl - 6+1,32.000 TL
Osmangazi / Demirtaş - 3+1,34.000 TL
Osmangazi - 3+1,33.000 TL
Osmangazi / Tayakadın - 3+1,31.000 TL
Gemlik - 2+1,30.000 TL
Nilüfer / Merkez - 2+1,34.990 TL
Gemlik - 3+1,30.000 TL
Yıldırım / Duaçınarı - 3+1,32.000 TL
Nilüfer / Ataevler - 2+1,34.000 TL
Yıldırım / Duaçınarı - 2+1,32.000 TL
Osmangazi / Bağlarbaşı - 3+1,30.000 TL
Nilüfer / Merkez - 3+1,32.000 TL
Mudanya / Güzelyalı - 3+1,32.000 TL
Nilüfer / Merkez - 3+1,31.500 TL
Osmangazi - 3+1,30.000 TL
Mudanya / Güzelyalı - 3+1,30.000 TL
Nilüfer / İhsaniye - 2+1,32.000 TL
Nilüfer / Beşevler - 3+1,30.000 TL
Nilüfer / Beşevler - 3+1,32.000 TL
Gemlik / Küçükkumla - 2+1,30.000 TL
Nilüfer / Görükle - 3+1,30.000 TL
Nilüfer / Görükle - 4+1,30.500 TL
Mudanya / Güzelyalı - 2+1,31.000 TL
Nilüfer / Ertuğrul - 3.5+1,33.000 TL
Nilüfer / Ertuğrul - 3+1,30.000 TL
Nilüfer / Ataevler - 3+1,30.000 TL
Nilüfer / Ataevler - 3+1,32.500 TL
Osmangazi / Çekirge - 2+1,30.000 TL
Nilüfer / Görükle - 3+1,32.000 TL
Osmangazi / Demirtaş - 3+1,30.000 TL
Nilüfer / Ertuğrul - 3+1,33.000 TL
Nilüfer / İhsaniye - 4+1,30.000 TL
Osmangazi - 3+1,30.000 TL
Nilüfer / İhsaniye - 3+1,30.000 TL
Nilüfer / Merkez - 3+1,30.000 TL
Nilüfer / İhsaniye - 4+1,32.000 TL
Nilüfer / Beşevler - 1+1,33.000 TL
Yıldırım / Esenevler - 3+1,31.500 TL
Nilüfer / Merkez - 2+1,32.000 TL
Gemlik - 2+1,30.000 TL
Osmangazi - 3+1,32.000 TL
Nilüfer / Ataevler - 1+1,30.000 TL
Yıldırım / Esenevler - 3+1,30.000 TL
Osmangazi / Kovukçınar - 3+1,34.000 TL
Nilüfer / Beşevler - 3+1,31.500 TL
Nilüfer / Ertuğrul - 3+1,33.000 TL
Osmangazi / Ulucami - 2+1,30.000 TL
Nilüfer / Ertuğrul - 3+1,30.000 TL
Osmangazi / Demirtaş - 3+1,30.000 TL
Nilüfer / İhsaniye - 3+1,30.000 TL
Nilüfer / Beşevler - 3+1,30.000 TL
Nilüfer / Ataevler - 3+1,33.000 TL
Osmangazi - 3+1,34.500 TL
Nilüfer / Görükle - 2+1,31.500 TL
Nilüfer / Beşevler - 1+1,30.000 TL
Nilüfer / Ertuğrul - 3+1,30.000 TL
Gemlik - 4+1,30.000 TL
Nilüfer / Ertuğrul - 2+1,32.000 TL
Nilüfer / Merkez - 3+1,32.000 TL
Nilüfer / Ataevler - 2+1,32.500 TL
Nilüfer / Ertuğrul - 3+1,32.000 TL
Nilüfer / İhsaniye - 3+1,31.000 TL
Nilüfer / Merkez - 3.5+1,34.500 TL
İnegöl - 4+1,30.000 TL
Nilüfer / Merkez - 3+1,34.000 TL
Nilüfer / Görükle - 3+1,32.000 TL
İnegöl / Alanyurt - 3+1,33.000 TL
Nilüfer / Ataevler - 3+1,30.000 TL
Nilüfer / Merkez - 1+1,34.000 TL
İnegöl - 4+1,30.000 TL
Nilüfer / Beşevler - 3+1,32.000 TL
Nilüfer / Ertuğrul - 3+1,32.000 TL
Nilüfer / Merkez - 2+1,31.500 TL
Osmangazi / Demirtaş - 2+1,34.000 TL
Nilüfer / Merkez - 3+1,32.000 TL
Nilüfer / Görükle - 4+1,30.000 TL
Nilüfer / İhsaniye - 2+1,32.000 TL
Nilüfer / Görükle - 2+1,34.000 TL
Nilüfer / Beşevler - 1+1,30.000 TL
Nilüfer / Ertuğrul - 3+1,34.000 TL
Nilüfer / Beşevler - 2+1,30.000 TL
Nilüfer / Merkez - 2+1,31.500 TL
Nilüfer / Merkez - 3+1,30.000 TL
Nilüfer / Görükle - 4+1,30.000 TL
Osmangazi - 4+1,33.000 TL
Nilüfer / Beşevler - 1+1,33.000 TL
Osmangazi - 3+1,31.500 TL
Osmangazi / Çekirge - 3+1,32.000 TL
Nilüfer / Merkez - 3+1,32.000 TL
Gemlik / Umurbey - 3.5+1,30.000 TL
Nilüfer / Merkez - 3+1,30.000 TL
İznik - 3+1,32.000 TL
Nilüfer / Ataevler - 3+1,30.000 TL
Osmangazi / Çekirge - 3.5+1,30.500 TL
Osmangazi / Bağlarbaşı - 3+1,30.500 TL
Osmangazi / Bağlarbaşı - 2+1,30.000 TL
Osmangazi / Demirtaş - 3+1,31.000 TL
Osmangazi / Çekirge - 3+1,30.000 TL
Nilüfer / Ataevler - 1+1,30.000 TL
Nilüfer / Beşevler - 3+1,30.000 TL
Nilüfer / Merkez - 2+1,30.000 TL
Nilüfer / Ertuğrul - 3+1,30.000 TL
Gürsu - 6+1,32.000 TL
Nilüfer / Merkez - 3+1,33.000 TL
Nilüfer / Merkez - 3+1,31.000 TL
Nilüfer / Ertuğrul - 3+1,30.000 TL
Yıldırım - 3+1,32.000 TL
Nilüfer / Beşevler - 3+1,33.000 TL
İnegöl / Alanyurt - 3+1,32.500 TL
Nilüfer / Ataevler - 1+1,31.000 TL
Osmangazi / Demirtaş - 3+1,30.000 TL
Nilüfer / İhsaniye - 3+1,32.000 TL
Gemlik - 4+1,30.000 TL
Osmangazi / Demirtaş - 1+1,30.000 TL
Gemlik - 3+1,32.000 TL
Osmangazi / Demirtaş - 3.5+1,33.000 TL
Osmangazi / Kovukçınar - 3.5+1,34.000 TL
Nilüfer / Görükle - 3+1,31.000 TL
Osmangazi / Emek - 1+1,34.000 TL
Osmangazi / Tayakadın - 3+1,31.000 TL
Nilüfer / Beşevler - 3+1,30.000 TL
Nilüfer / Beşevler - 3+1,32.000 TL
Gemlik - 3+1,32.000 TL
Nilüfer / İhsaniye - 3+1,32.500 TL
Osmangazi / Kovukçınar - 1+1,31.000 TL
Nilüfer / İhsaniye - 3+1,35.000 TL
Nilüfer / Görükle - 3+1,35.000 TL
Nilüfer / Merkez - 3+1,39.500 TL
Nilüfer / Ertuğrul - 2+1,37.000 TL
Mudanya - 2+1,35.000 TL
Nilüfer / Ertuğrul - 1+1,38.000 TL
Nilüfer / Ertuğrul - 2+1,35.000 TL
Nilüfer / Merkez - 2+1,39.000 TL
Nilüfer / Ataevler - 3+1,38.500 TL
Nilüfer / Merkez - 3+1,35.000 TL
Osmangazi - 4+1,37.000 TL
Osmangazi / Kovukçınar - 3.5+1,38.500 TL
Nilüfer / İhsaniye - 3+1,37.500 TL
Osmangazi / Çekirge - 4+1,35.000 TL
Osmangazi / Çekirge - 2+1,37.000 TL
Yıldırım / Emirsultan - 3+1,35.000 TL
Nilüfer / Beşevler - 3+1,35.000 TL
Nilüfer / Beşevler - 3+1,35.000 TL
Nilüfer / Görükle - 5+1,36.000 TL
Nilüfer / Ataevler - 3+1,39.000 TL
Nilüfer / Merkez - 1+1,38.000 TL
Mudanya - 3+1,35.000 TL
Nilüfer / Ataevler - 3+1,35.000 TL
Mudanya - 4+1,35.000 TL
Nilüfer / Merkez - 1+1,36.000 TL
Osmangazi / Demirtaş - 3+1,36.000 TL
Nilüfer / Görükle - 4+1,35.000 TL
Orhangazi - 2+1,35.000 TL
Nilüfer / Ertuğrul - 1+1,35.000 TL
Nilüfer / Beşevler - 3+1,35.000 TL
Mudanya - 3+1,35.000 TL
Nilüfer / Merkez - 4+1,38.000 TL
Nilüfer / Görükle - 3+1,35.000 TL
Mudanya - 2+1,37.500 TL
Nilüfer / Görükle - 3+1,35.000 TL
Osmangazi / Demirtaş - 4.5+1,37.000 TL
Nilüfer / Merkez - 3+1,35.000 TL
Osmangazi / Bağlarbaşı - 3+1,35.000 TL
Nilüfer / Ataevler - 2+1,35.000 TL
Yıldırım / Duaçınarı - 3+1,35.000 TL
Nilüfer / Ertuğrul - 3+1,36.500 TL
Gemlik / Köyler - 4+1,35.000 TL
Nilüfer / Merkez - 3+1,35.000 TL
Nilüfer / Ertuğrul - 2+1,38.000 TL
Nilüfer / Ertuğrul - 4+1,37.000 TL
Osmangazi / Demirtaş - 4+1,37.500 TL
Nilüfer / Ertuğrul - 3+1,35.250 TL
Nilüfer / Ertuğrul - 4+1,35.000 TL
Gemlik - 4+1,35.000 TL
Nilüfer / Ataevler - 3+1,35.000 TL
Osmangazi / Çekirge - 3+1,35.000 TL
Nilüfer / Merkez - 1+1,39.500 TL
Nilüfer / Görükle - 2+1,36.000 TL
Nilüfer / Beşevler - 3+1,35.500 TL
Osmangazi / Bağlarbaşı - 3+1,36.000 TL
Nilüfer / İhsaniye - 3+1,39.500 TL
Nilüfer / Ataevler - 3+1,39.250 TL
Nilüfer / Merkez - 2+1,35.000 TL
Nilüfer / Ataevler - 2+1,37.000 TL
Osmangazi / Kovukçınar - 3+1,36.000 TL
Nilüfer / Ertuğrul - 1+1,37.500 TL
Nilüfer / Görükle - 3+1,35.000 TL
Osmangazi / Bağlarbaşı - 2+1,37.000 TL
İnegöl / Alanyurt - 3+1,38.000 TL
Osmangazi / Maksem - 3+1,35.000 TL
Nilüfer / Ataevler - 3+1,35.000 TL
İnegöl - 3+2,36.000 TL
Nilüfer / İhsaniye - 3+1,35.500 TL
Nilüfer / Ertuğrul - 3+1,39.500 TL
Mudanya - 3+1,35.000 TL
Osmangazi / Çekirge - 4+1,35.000 TL
Nilüfer / Beşevler - 2+1,36.000 TL
Mudanya / Güzelyalı - 4+1,39.000 TL
Nilüfer / Ataevler - 1+1,35.000 TL
Osmangazi / Çekirge - 3+1,37.000 TL
Nilüfer / Beşevler - 3+1,37.000 TL
Mudanya - 3.5+1,37.500 TL
Nilüfer / Görükle - 3+1,37.500 TL
Mudanya - 3+1,35.000 TL
Osmangazi - 4+1,37.000 TL
Nilüfer / Merkez - 3+1,36.000 TL
Nilüfer / Beşevler - 2+1,37.000 TL
Osmangazi - 3+1,37.000 TL
Nilüfer / Görükle - 3+1,35.000 TL
Nilüfer / Ataevler - 4+1,37.500 TL
Nilüfer / Beşevler - 1+1,37.000 TL
Nilüfer / İhsaniye - 4+1,35.000 TL
Nilüfer / Merkez - 2+1,37.500 TL
Gemlik / Umurbey - 3+1,35.000 TL
Nilüfer / Ertuğrul - 3+1,39.000 TL
Nilüfer / Ertuğrul - 3+1,38.000 TL
Nilüfer / Merkez - 3+1,35.000 TL
Nilüfer / Görükle - 5+1,35.000 TL
Nilüfer / Görükle - 4+1,36.000 TL
Nilüfer / Görükle - 3+1,35.000 TL
Nilüfer / Ertuğrul - 3+1,35.000 TL
Nilüfer / Merkez - 3+1,37.000 TL
Mudanya / Güzelyalı - 6+1,36.000 TL
Nilüfer / Ertuğrul - 1.5+1,35.000 TL
Orhangazi - 3+1,35.000 TL
Nilüfer / Ertuğrul - 2+1,35.000 TL
Nilüfer / Beşevler - 1+1,38.000 TL
Osmangazi / Bağlarbaşı - 2+1,35.500 TL
Nilüfer / Merkez - 2+1,39.000 TL
Nilüfer / İhsaniye - 3+1,35.000 TL
Osmangazi / Demirtaş - 3+1,39.000 TL
Gemlik / Umurbey - 3+1,35.000 TL
Mudanya - 3+1,35.000 TL
Osmangazi / Emek - 2+1,39.000 TL
Osmangazi - 2+1,35.000 TL
Yıldırım / Hacıvat - 3+1,38.000 TL
Nilüfer / Ataevler - 3+1,36.000 TL
Osmangazi / Bağlarbaşı - 3+1,38.500 TL
Nilüfer / İhsaniye - 3+1,35.000 TL
Nilüfer / Merkez - 4+1,36.000 TL
Nilüfer / Ertuğrul - 3+1,35.000 TL
Nilüfer / Merkez - 3+1,39.750 TL
Mudanya / Güzelyalı - 6+1,35.000 TL
Nilüfer / Beşevler - 1+1,37.500 TL
Nilüfer / Ertuğrul - 3+1,37.500 TL
Nilüfer / Merkez - 3+1,36.000 TL
Mudanya / Güzelyalı - 3+1,35.000 TL
Osmangazi / Çekirge - 5+1,35.000 TL
Nilüfer / Beşevler - 3+1,37.000 TL
Nilüfer / Merkez - 3+1,39.500 TL
Nilüfer / Görükle - 3+1,35.000 TL
Nilüfer / Beşevler - 3+1,37.000 TL
Nilüfer / Görükle - 3+1,35.000 TL
Nilüfer / Ataevler - 4+1,37.500 TL
Osmangazi / Soğanlı - 4+2,36.500 TL
Osmangazi - 2+1,36.000 TL
Osmangazi - 3+1,35.000 TL
Nilüfer / Görükle - 3+1,35.000 TL
Nilüfer / Görükle - 5+1,38.000 TL
Yıldırım / Duaçınarı - 2+1,35.000 TL
Nilüfer / Ertuğrul - 3+1,36.000 TL
Osmangazi / Demirtaş - 3+1,39.000 TL
Osmangazi / Kovukçınar - 3+1,36.000 TL
Nilüfer / Merkez - 2+1,35.000 TL
Osmangazi / Çekirge - 3+1,35.000 TL
Nilüfer / Ertuğrul - 3+1,35.000 TL
Nilüfer / Merkez - 3+1,37.000 TL
Mudanya - 2+1,35.000 TL
Nilüfer / Ataevler - 3+1,35.000 TL
Nilüfer / Hasanağa - 6+1,37.000 TL
Nilüfer / İhsaniye - 3+1,38.000 TL
Nilüfer / Ertuğrul - 3+1,35.000 TL
Nilüfer / Merkez - 3+1,36.000 TL
Nilüfer / Merkez - 3+1,37.000 TL
Nilüfer / Ertuğrul - 3+1,35.000 TL
Nilüfer / İhsaniye - 3+1,35.000 TL
Nilüfer / Görükle - 2+1,35.000 TL
Osmangazi / Demirtaş - 3+1,37.000 TL
Nilüfer / Ertuğrul - 3+1,38.000 TL
Osmangazi / Tayakadın - 3.5+1,37.000 TL
Osmangazi / Çekirge - 3+1,38.500 TL
Nilüfer / Ataevler - 3+1,35.000 TL
Nilüfer / Merkez - 3+1,37.000 TL
Yıldırım / Duaçınarı - 3+1,35.000 TL
Nilüfer / Beşevler - 3+1,35.000 TL
Yıldırım / Esenevler - 4+1,37.000 TL
Osmangazi / Kovukçınar - 3+1,38.000 TL
Nilüfer / Görükle - 3+1,36.000 TL
Nilüfer / Ataevler - 1+1,35.000 TL
Nilüfer / Merkez - 2+1,35.000 TL
Nilüfer / Ertuğrul - 3+1,37.250 TL
Yıldırım / Duaçınarı - 3+1,35.000 TL
Osmangazi / Çekirge - 3+1,35.000 TL
Nilüfer / Görükle - 3+1,35.000 TL
Nilüfer / Ertuğrul - 4+1,37.000 TL
Nilüfer / Görükle - 3+1,38.500 TL
Gürsu - 5+1,35.000 TL
Nilüfer / Merkez - 3+1,36.500 TL
Osmangazi - 3+1,36.000 TL
Gemlik - 3+1,35.000 TL
Nilüfer / Ataevler - 3+1,35.000 TL
Nilüfer / Merkez - 3+1,36.500 TL
Nilüfer / Ertuğrul - 3+1,38.000 TL
Nilüfer / Ertuğrul - 3+1,35.000 TL
Osmangazi / Demirtaş - 2+1,37.000 TL
Mudanya / Güzelyalı - 3+1,35.000 TL
Osmangazi / Çekirge - 2+1,36.000 TL
Osmangazi - 3+1,35.000 TL
Osmangazi - 2+1,37.800 TL
Gemlik - 4+1,36.000 TL
Nilüfer / Beşevler - 3+1,35.000 TL
Nilüfer / Ataevler - 3+1,35.500 TL
Nilüfer / Ataevler - 2+1,37.500 TL
Nilüfer / Ertuğrul - 4+1,35.000 TL
Gemlik / Umurbey - 3+1,35.000 TL
Yıldırım / Duaçınarı - 3+1,35.000 TL
Osmangazi - 2+1,35.000 TL
Nilüfer / Merkez - 2+1,35.000 TL
Nilüfer / Ataevler - 3+1,35.000 TL
Nilüfer / Ertuğrul - 4+1,38.750 TL
Nilüfer / İhsaniye - 1+1,35.500 TL
Osmangazi / Çekirge - 3+1,35.000 TL
Nilüfer / Beşevler - 3.5+1,35.000 TL
Yıldırım / Duaçınarı - 3+1,35.000 TL
İnegöl - 5+1,35.000 TL
Nilüfer / Görükle - 3+1,38.000 TL
Nilüfer / Ataevler - 3+1,35.000 TL
Nilüfer / Merkez - 6+1,35.000 TL
Nilüfer / Görükle - 3+1,35.000 TL
Gemlik - 3+1,35.000 TL
Nilüfer / Merkez - 2+1,36.500 TL
Osmangazi - 3+1,35.000 TL
Nilüfer / Merkez - 3+1,35.000 TL
Nilüfer / Merkez - 1+1,35.500 TL
Nilüfer / Beşevler - 3+1,35.000 TL
Nilüfer / Ertuğrul - 2+1,35.000 TL
Nilüfer / Ataevler - 3+1,36.000 TL
Nilüfer / Merkez - 2+1,37.500 TL
Osmangazi / Bağlarbaşı - 2+1,37.000 TL
Gemlik - 3+1,35.000 TL
Osmangazi / Demirtaş - 3+1,35.500 TL
Nilüfer / Ataevler - 4+1,37.500 TL
Mudanya / Güzelyalı - 3+1,35.000 TL
Nilüfer / Beşevler - 1+1,36.500 TL
Yenişehir - 3+1,35.000 TL
Nilüfer / Ataevler - 2+1,35.000 TL
Nilüfer / Görükle - 2+1,35.000 TL
Yıldırım / Duaçınarı - 2+1,35.000 TL
Nilüfer / Ataevler - 3+1,35.000 TL
Nilüfer / Merkez - 3.5+1,38.000 TL
Nilüfer / Ertuğrul - 3+1,35.000 TL
Nilüfer / Ertuğrul - 3+1,35.000 TL
Osmangazi / Çekirge - 3+1,38.000 TL
Nilüfer / Ataevler - 2+1,36.000 TL
Osmangazi - 3+1,35.000 TL
Mudanya / Güzelyalı - 2+1,37.000 TL
Osmangazi / Bağlarbaşı - 2+1,35.000 TL
Mudanya / Güzelyalı - 2+1,37.500 TL
Nilüfer / Ertuğrul - 3+1,38.500 TL
Nilüfer / Ataevler - 2+1,38.000 TL
Nilüfer / Ertuğrul - 3+1,39.000 TL
Yıldırım / Hacıvat - 3+1,35.000 TL
Nilüfer / Ertuğrul - 3.5+1,37.000 TL
Nilüfer / Ertuğrul - 1+1,35.000 TL
Osmangazi - 3+1,35.000 TL
Nilüfer / Ertuğrul - 3+1,38.000 TL
Nilüfer / Ertuğrul - 3+1,35.000 TL
Nilüfer / Ertuğrul - 3+1,35.000 TL
Nilüfer / Görükle - 3+1,37.500 TL
Mudanya - 3+1,38.000 TL
Osmangazi - 2+1,35.000 TL
Nilüfer / Görükle - 3+1,35.000 TL
Nilüfer / Merkez - 3+1,35.000 TL
Nilüfer / Ertuğrul - 3+1,35.000 TL
Nilüfer / Ertuğrul - 2+1,38.000 TL
Nilüfer / Ataevler - 2+1,36.000 TL
Nilüfer / Görükle - 3+1,36.000 TL
Nilüfer / İhsaniye - 3+1,38.000 TL
Nilüfer / Görükle - 3+1,35.000 TL
Nilüfer / Merkez - 1+1,35.000 TL
Nilüfer / Ertuğrul - 3+1,36.000 TL
Yıldırım / Ertuğrulgazi - 4+1,35.000 TL
Nilüfer / Merkez - 3+1,36.000 TL
Nilüfer / Ataevler - 2+1,39.000 TL
Nilüfer / Beşevler - 1+1,35.000 TL
Mudanya - 3+1,38.000 TL
İznik - 2+1,35.000 TL
Nilüfer / Ataevler - 3+1,35.000 TL
Mudanya / Güzelyalı - 3+1,35.000 TL
Nilüfer / Merkez - 3+1,36.000 TL
Nilüfer / Ertuğrul - 3+1,36.000 TL
Nilüfer / Ertuğrul - 3+1,35.000 TL
Nilüfer / Ataevler - 3+1,39.000 TL
Nilüfer / Merkez - 3+1,39.500 TL
Gemlik - 2+1,37.500 TL
Nilüfer / Görükle - 3+1,35.000 TL
Nilüfer / Ertuğrul - 3+1,38.000 TL
Osmangazi - 3+1,36.000 TL
Gemlik / Umurbey - 3+1,35.000 TL
Nilüfer / Merkez - 3+1,35.000 TL
Gemlik / Umurbey - 4+1,36.000 TL
Nilüfer / Ataevler - 2+1,39.000 TL
Nilüfer / Merkez - 3+1,39.500 TL
Nilüfer / Merkez - 3+1,38.000 TL
Mudanya - 3+1,35.000 TL
Nilüfer / Merkez - 2+1,38.000 TL
Osmangazi / Demirtaş - 4+1,35.000 TL
Nilüfer / Beşevler - 3+1,35.000 TL
Nilüfer / Ertuğrul - 3+1,35.000 TL
Nilüfer / Merkez - 3+1,39.500 TL
Nilüfer / Ertuğrul - 3+1,35.000 TL
Osmangazi / Emek - 1+1,36.500 TL
Nilüfer / Merkez - 3+1,35.000 TL
Nilüfer / Beşevler - 1+1,35.000 TL
Nilüfer / İhsaniye - 4+1,38.000 TL
Nilüfer / Ataevler - 3+1,38.000 TL
Yıldırım / Duaçınarı - 4+1,37.000 TL
Osmangazi / Demirtaş - 2+1,37.000 TL
Nilüfer / Merkez - 3.5+1,38.000 TL
Nilüfer / Ertuğrul - 2+1,38.000 TL
Nilüfer / Merkez - 3+1,35.000 TL
Nilüfer / Ertuğrul - 2+1,35.000 TL
Nilüfer / Beşevler - 3+1,36.000 TL
Nilüfer / Görükle - 3+1,35.000 TL
Yıldırım / Duaçınarı - 3+1,36.000 TL
Nilüfer / Ertuğrul - 3+1,35.000 TL
Nilüfer / Merkez - 3+1,37.000 TL
Nilüfer / Merkez - 3+1,35.000 TL
Nilüfer / Ataevler - 3+1,36.000 TL
Yıldırım / Duaçınarı - 3+1,35.000 TL
Nilüfer / Ertuğrul - 4+1,38.000 TL
Gemlik - 3+1,36.000 TL
Osmangazi / Çekirge - 4+1,36.000 TL
Nilüfer / Merkez - 5+1,35.000 TL
Nilüfer / İhsaniye - 2+1,36.000 TL
Yıldırım / Duaçınarı - 2+1,39.500 TL
Nilüfer / Merkez - 3+1,39.750 TL
Osmangazi / Kovukçınar - 3.5+1,38.000 TL
Nilüfer / Beşevler - 3+1,39.000 TL
Osmangazi / Emek - 2+1,39.000 TL
Osmangazi - 3+1,35.000 TL
Osmangazi - 4+1,39.000 TL
Osmangazi / Çekirge - 3+1,38.000 TL
Nilüfer / Merkez - 3+1,35.000 TL
Nilüfer / Ertuğrul - 4+1,37.500 TL
Nilüfer / Ertuğrul - 3+1,35.000 TL
Mudanya - 3+1,35.000 TL
Nilüfer / Ertuğrul - 3+1,35.000 TL
Nilüfer / İhsaniye - 3+1,35.000 TL
Yıldırım / Esenevler - 3+1,35.000 TL
Nilüfer / Ataevler - 3+1,37.000 TL
Osmangazi - 4+2,36.000 TL
Nilüfer / Merkez - 3+1,37.000 TL
Nilüfer / Merkez - 1+1,39.000 TL
Osmangazi - 4+1,35.000 TL
Nilüfer / Ataevler - 2+1,38.000 TL
Mudanya / Güzelyalı - 3+1,35.999 TL
Osmangazi - 3+1,39.000 TL
Osmangazi / Çekirge - 2+1,39.000 TL
Osmangazi - 3+1,35.000 TL
Gemlik - 4+1,38.000 TL
Osmangazi / Çekirge - 2+1,35.000 TL
Osmangazi / Altıparmak - 6+3,35.000 TL
Nilüfer / Merkez - 1+1,36.000 TL
Nilüfer / Ataevler - 5+1,35.000 TL
Yıldırım / Emirsultan - 4+1,35.000 TL
Nilüfer / Ertuğrul - 5+1,35.000 TL
Osmangazi / Demirtaş - 3+1,35.000 TL
Osmangazi - 3+1,35.000 TL
Yıldırım / Duaçınarı - 3+1,39.000 TL
Nilüfer / Ertuğrul - 3+1,39.000 TL
Osmangazi / Bağlarbaşı - 3+1,35.000 TL
Osmangazi / Demirtaş - 3+1,37.000 TL
Nilüfer / Ataevler - 4+1,35.000 TL
Nilüfer / Merkez - 3.5+1,38.000 TL
İnegöl - 3+1,35.000 TL
Nilüfer / Ataevler - 3+1,35.000 TL
Nilüfer / Ertuğrul - 3+1,38.000 TL
Gemlik - 2+1,38.000 TL
Nilüfer / Beşevler - 3+1,35.000 TL
Nilüfer / Ertuğrul - 2+1,36.500 TL
Nilüfer / Ataevler - 1+1,35.000 TL
Yıldırım / Emirsultan - 4+1,35.000 TL
Nilüfer / Görükle - 4+1,35.750 TL
Nilüfer / Beşevler - 3+1,35.000 TL
Nilüfer / Beşevler - 5+1,36.000 TL
Yıldırım / Duaçınarı - 3+1,35.000 TL
Mudanya / Güzelyalı - 2+1,37.500 TL
Osmangazi / Kovukçınar - 2.5+1,36.000 TL
Nilüfer / Ertuğrul - 3+1,35.000 TL
Nilüfer / Merkez - 3+1,35.000 TL
Osmangazi / Çekirge - 3+1,35.000 TL
Nilüfer / Merkez - 2+1,37.000 TL
Nilüfer / Merkez - 3+1,37.500 TL
Osmangazi / Demirtaş - 2+1,36.000 TL
Osmangazi / Çekirge - 4+1,35.000 TL
Nilüfer / Ataevler - 5+1,37.500 TL
Kestel - 5+1,36.000 TL
Nilüfer / İhsaniye - 3+1,36.000 TL
Yıldırım / Emirsultan - 4+1,38.000 TL
Gemlik - 3+1,38.000 TL
Nilüfer / Merkez - 4+1,35.000 TL
Nilüfer / Ertuğrul - 3+1,36.000 TL
Nilüfer / Merkez - 4+1,38.000 TL
Nilüfer / Ataevler - 3+1,39.500 TL
Nilüfer / Merkez - 1+1,35.000 TL
Yıldırım / Duaçınarı - 4+1,35.800 TL
Osmangazi / Kovukçınar - 2.5+1,35.500 TL
Nilüfer / Ertuğrul - 5+1,37.000 TL
Nilüfer / Köyler - 3+1,38.500 TL
İznik - 2+1,39.900 TL
Nilüfer / Merkez - 5+2,35.000 TL
Nilüfer / İhsaniye - 3+1,35.000 TL
Nilüfer / Ertuğrul - 3+1,36.000 TL
Nilüfer / Merkez - 3+1,39.000 TL
Nilüfer / Ertuğrul - 3+1,35.000 TL
Nilüfer / Beşevler - 3+1,36.000 TL
Osmangazi - 3+1,35.000 TL
Nilüfer / İhsaniye - 1+1,37.000 TL
Nilüfer / Beşevler - 4+1,36.000 TL
Nilüfer / İhsaniye - 3+1,38.000 TL
Nilüfer / Ataevler - 1+1,35.000 TL
Osmangazi / Demirtaş - 2+1,35.500 TL
Nilüfer / Beşevler - 3+1,39.000 TL
Mudanya - 3+1,35.000 TL
Nilüfer / Beşevler - 4+1,35.000 TL
Nilüfer / Merkez - 3+1,39.000 TL
Osmangazi / Kovukçınar - 5+1,37.500 TL
Mudanya / Güzelyalı - 4+1,35.000 TL
Mudanya - 3+1,36.000 TL
Nilüfer / Ataevler - 2+1,35.000 TL
Osmangazi - 3+1,35.000 TL
Osmangazi - 3+1,36.000 TL
Osmangazi / Demirtaş - 3+1,35.000 TL
Nilüfer / Beşevler - 1+1,36.000 TL
Nilüfer / Ataevler - 1+1,35.000 TL
Nilüfer / Ataevler - 3.5+1,39.500 TL
Nilüfer / Beşevler - 3+1,37.000 TL
Nilüfer / Beşevler - 3+1,37.000 TL
Mudanya - 3+1,35.000 TL
Orhangazi - 3+1,38.000 TL
Nilüfer / Beşevler - 3+1,39.750 TL
Nilüfer / İhsaniye - 3+1,35.000 TL
Osmangazi / Çekirge - 4+1,38.000 TL
Nilüfer / İhsaniye - 3+1,36.000 TL
Osmangazi / Kovukçınar - 3+1,35.250 TL
Mudanya - 2+1,37.000 TL
Nilüfer / Ataevler - 3+1,35.000 TL
Osmangazi / Çekirge - 2+1,35.000 TL
Yıldırım / Duaçınarı - 2+1,35.500 TL
Yıldırım / Duaçınarı - 3+1,35.000 TL
Osmangazi / Kovukçınar - 3.5+1,38.000 TL
Nilüfer / Merkez - 3+1,36.500 TL
Nilüfer / Ataevler - 3+1,46.000 TL
Yıldırım / Duaçınarı - 5+1,40.000 TL
Nilüfer / Ataevler - 3+1,45.000 TL
Nilüfer / Ataevler - 3+1,45.000 TL
Nilüfer / Beşevler - 3+1,40.000 TL
Nilüfer / Ertuğrul - 4+1,49.000 TL
Nilüfer / Ataevler - 2+1,46.000 TL
Nilüfer / Merkez - 3+1,45.000 TL
Nilüfer / Ataevler - 2+1,42.000 TL
Nilüfer / Beşevler - 2+1,45.000 TL
Nilüfer / Merkez - 3+1,40.000 TL
Osmangazi - 2+1,43.000 TL
Osmangazi / Soğanlı - 3+1,42.000 TL
Gemlik / Umurbey - 3.5+1,45.000 TL
Nilüfer / Merkez - 3+1,41.000 TL
Nilüfer / Merkez - 3+1,42.500 TL
Mudanya - 4+1,40.000 TL
Nilüfer / Ataevler - 3+1,41.000 TL
Nilüfer / Ertuğrul - 1+1,42.000 TL
Osmangazi - 2+1,40.500 TL
Nilüfer / Ataevler - 3+1,46.000 TL
Nilüfer / Ertuğrul - 3+1,46.000 TL
Nilüfer / Beşevler - 4+1,46.000 TL
Osmangazi - 2+1,42.000 TL
Nilüfer / Hasanağa - 3.5+1,41.000 TL
Nilüfer / Beşevler - 3+1,40.000 TL
Nilüfer / Merkez - 5+1,45.000 TL
Nilüfer / Ataevler - 2+1,41.000 TL
Nilüfer / Ataevler - 5+1,42.000 TL
Nilüfer / Ertuğrul - 3.5+1,42.000 TL
Nilüfer / Ertuğrul - 3+1,40.000 TL
Nilüfer / Ertuğrul - 3+1,40.000 TL
Osmangazi / Çekirge - 3+1,45.000 TL
Mudanya - 3+1,40.000 TL
Osmangazi / Emek - 3+1,47.000 TL
Nilüfer / Merkez - 2+1,42.500 TL
Nilüfer / Beşevler - 1+1,45.000 TL
Osmangazi / Emek - 3+1,45.000 TL
Nilüfer / Merkez - 3+1,45.000 TL
Nilüfer / Merkez - 3+1,41.750 TL
Mudanya - 5+1,40.000 TL
Nilüfer / Ertuğrul - 3+1,42.000 TL
Osmangazi / Çekirge - 3+1,45.000 TL
Nilüfer / Ataevler - 3+1,45.000 TL
Nilüfer / Ataevler - 3+1,45.000 TL
Nilüfer / Merkez - 3+1,40.000 TL
Nilüfer / Görükle - 3+1,45.000 TL
Nilüfer / Görükle - 5+1,49.000 TL
Mudanya - 3+1,43.000 TL
Nilüfer / Görükle - 6+1,40.000 TL
Gemlik - 3+1,40.000 TL
Nilüfer / Ertuğrul - 2+1,40.000 TL
Gemlik - 3+1,45.000 TL
Nilüfer / Merkez - 4+1,45.000 TL
Nilüfer / Merkez - 3+1,40.000 TL
Nilüfer / Ertuğrul - 3+1,40.000 TL
İznik - 4+1,40.000 TL
Nilüfer / İhsaniye - 3+1,45.000 TL
Nilüfer / Ertuğrul - 1+1,40.000 TL
Mudanya - 3+1,40.000 TL
Nilüfer / Ertuğrul - 3+1,40.000 TL
Nilüfer / Hasanağa - 3.5+1,40.000 TL
Nilüfer / Beşevler - 1+1,42.000 TL
Nilüfer / Merkez - 4.5+1,47.000 TL
Osmangazi - 2+1,41.000 TL
Nilüfer / Ertuğrul - 2+1,42.000 TL
Nilüfer / Merkez - 1+1,40.000 TL
Nilüfer / Ataevler - 3+1,48.000 TL
Mudanya / Güzelyalı - 3+1,45.000 TL
Nilüfer / Beşevler - 1+1,45.000 TL
Nilüfer / Merkez - 3+1,45.000 TL
Nilüfer / Beşevler - 3+1,48.000 TL
Nilüfer / Merkez - 3+1,42.000 TL
Nilüfer / İhsaniye - 2+1,45.000 TL
Nilüfer / Beşevler - 3+1,44.000 TL
Nilüfer / Beşevler - 3+1,41.500 TL
Nilüfer / Merkez - 3+1,46.000 TL
Mudanya - 3+1,44.000 TL
Nilüfer / Ataevler - 5+1,42.000 TL
Nilüfer / Beşevler - 3+1,45.000 TL
Nilüfer / Ertuğrul - 4+1,40.000 TL
Nilüfer / Ertuğrul - 3+1,49.500 TL
Osmangazi / Bağlarbaşı - 3+1,40.000 TL
Nilüfer / Ataevler - 3+1,45.000 TL
Yıldırım / Duaçınarı - 5+1,42.000 TL
Nilüfer / Merkez - 3+1,40.000 TL
Nilüfer / Ataevler - 3+1,46.500 TL
Nilüfer / Beşevler - 2+1,45.000 TL
Nilüfer / Merkez - 3+1,40.000 TL
Nilüfer / Merkez - 2+1,42.000 TL
Nilüfer / İhsaniye - 3+1,40.000 TL
Osmangazi / Çekirge - 4+1,45.000 TL
Nilüfer / Ataevler - 1+1,40.000 TL
Nilüfer / Merkez - 1+1,40.000 TL
Nilüfer / Merkez - 4+1,42.500 TL
Osmangazi / Çekirge - 2+1,40.000 TL
Osmangazi - 2+1,40.000 TL
Nilüfer / Merkez - 3+1,40.500 TL
Nilüfer / Beşevler - 3+1,40.000 TL
Nilüfer / Beşevler - 1+1,40.000 TL
Nilüfer / Ertuğrul - 4+1,45.000 TL
Nilüfer / Merkez - 3+1,48.500 TL
Nilüfer / Merkez - 3+1,44.000 TL
Nilüfer / Ataevler - 4+1,49.750 TL
Nilüfer / Merkez - 3+1,45.000 TL
Osmangazi - 3+1,47.500 TL
Osmangazi / Çekirge - 3+1,45.000 TL
Nilüfer / Görükle - 6+1,41.500 TL
Yıldırım / Duaçınarı - 4+1,40.000 TL
Nilüfer / Ataevler - 5.5+1,45.000 TL
Osmangazi / Çekirge - 3+1,40.000 TL
Nilüfer / Merkez - 3+1,40.000 TL
Nilüfer / Ertuğrul - 2+1,43.000 TL
Nilüfer / Ataevler - 3+1,45.000 TL
Nilüfer / Ertuğrul - 1+1,42.500 TL
Nilüfer / Merkez - 3+1,42.000 TL
Gemlik / Umurbey - 3+1,45.000 TL
Nilüfer / Ertuğrul - 3+1,43.000 TL
Nilüfer / Ertuğrul - 5+1,49.000 TL
Osmangazi / Bağlarbaşı - 2+1,42.500 TL
Osmangazi / Bağlarbaşı - 2+1,45.500 TL
Nilüfer / Ertuğrul - 2+1,45.000 TL
Nilüfer / Merkez - 3+1,40.000 TL
Nilüfer / İhsaniye - 3+1,40.000 TL
Nilüfer / Görükle - 3+1,45.000 TL
Nilüfer / Ertuğrul - 4+1,47.000 TL
Mudanya / Güzelyalı - 3+1,45.000 TL
Nilüfer / Ertuğrul - 3+1,42.000 TL
Nilüfer / Merkez - 3+1,42.000 TL
Osmangazi / Çekirge - 3+1,40.000 TL
Nilüfer / Beşevler - 3+1,46.000 TL
Mudanya / Güzelyalı - 5+1,40.000 TL
Nilüfer / Ataevler - 3+1,45.000 TL
Osmangazi - 3+1,45.000 TL
Nilüfer / Ertuğrul - 1+1,45.000 TL
Nilüfer / Ataevler - 2+1,41.000 TL
Osmangazi / Emek - 2+1,40.000 TL
Nilüfer / Merkez - 3+1,42.000 TL
Nilüfer / Ataevler - 3+1,48.000 TL
Nilüfer / Merkez - 3+1,40.000 TL
Nilüfer / Merkez - 3+1,45.000 TL
Nilüfer / Ataevler - 3+1,43.000 TL
Mudanya - 5+2,45.000 TL
Nilüfer / Merkez - 2+1,40.000 TL
Nilüfer / Ataevler - 2+1,40.000 TL
Nilüfer / Beşevler - 3+1,46.000 TL
Nilüfer / Merkez - 2+1,48.500 TL
Nilüfer / Ertuğrul - 4+1,42.000 TL
Osmangazi / Çekirge - 3+1,42.000 TL
Nilüfer / Ertuğrul - 3+1,40.000 TL
Nilüfer / Merkez - 3+1,48.500 TL
Nilüfer / Ataevler - 3+1,45.000 TL
Nilüfer / Ataevler - 2+1,41.000 TL
Nilüfer / Ataevler - 3+1,40.000 TL
Nilüfer / Ertuğrul - 2+1,41.000 TL
Nilüfer / İhsaniye - 3+1,40.000 TL
Mudanya / Güzelyalı - 3+1,45.000 TL
Nilüfer / Ataevler - 3+1,45.000 TL
Nilüfer / Ataevler - 2+1,40.000 TL
Nilüfer / Ataevler - 4+1,40.000 TL
İnegöl - 6+2,45.000 TL
Nilüfer / İhsaniye - 3+1,48.000 TL
Mudanya - 3+1,43.000 TL
Nilüfer / Ataevler - 2+1,40.000 TL
Nilüfer / Merkez - 3+1,47.500 TL
Nilüfer / Beşevler - 5+1,43.000 TL
Mudanya - 3+2,45.000 TL
Mudanya - 3+1,45.000 TL
Nilüfer / Ertuğrul - 6+2,42.000 TL
Nilüfer / Ataevler - 2+1,47.500 TL
Mudanya / Güzelyalı - 4+1,40.000 TL
Nilüfer / Merkez - 3+1,48.000 TL
Nilüfer / Ertuğrul - 4+1,45.000 TL
Nilüfer / Merkez - 5+1,44.000 TL
Osmangazi / Emek - 2+1,47.500 TL
Nilüfer / Ataevler - 2+1,41.000 TL
Mudanya - 3+1,47.500 TL
Osmangazi - 2+1,40.000 TL
Nilüfer / Beşevler - 2+1,40.000 TL
Nilüfer / Ertuğrul - 3+1,45.000 TL
Nilüfer / Merkez - 3+1,45.000 TL
Yıldırım - 3+1,40.000 TL
Mudanya - 3+1,40.000 TL
Nilüfer / Ataevler - 3+1,43.000 TL
Nilüfer / Beşevler - 3+1,45.000 TL
Nilüfer / Ataevler - 3.5+1,48.000 TL
Nilüfer / İhsaniye - 3+1,49.000 TL
Nilüfer / Ataevler - 4+1,40.000 TL
Nilüfer / Merkez - 3+1,45.000 TL
Nilüfer / Merkez - 3+1,40.500 TL
Nilüfer / Merkez - 3+1,45.000 TL
Osmangazi / Bağlarbaşı - 3+1,40.000 TL
Nilüfer / Ertuğrul - 2+1,43.500 TL
Nilüfer / Ertuğrul - 5+1,42.500 TL
Nilüfer / Merkez - 3+1,47.000 TL
Mudanya - 3+1,45.000 TL
Nilüfer / Merkez - 3+1,45.000 TL
Nilüfer / Ertuğrul - 3+1,40.000 TL
Nilüfer / İhsaniye - 3+1,47.000 TL
Nilüfer / Beşevler - 5+1,47.000 TL
Nilüfer / Beşevler - 4+1,40.000 TL
Nilüfer / Beşevler - 3+1,47.000 TL
Nilüfer / Ataevler - 3+1,47.000 TL
Mudanya - 3+1,40.000 TL
Nilüfer / Merkez - 3+1,41.000 TL
Nilüfer / Merkez - 3+1,42.000 TL
Nilüfer / Görükle - 3+1,43.500 TL
Nilüfer / Beşevler - 3+1,47.000 TL
Nilüfer / Merkez - 3+1,40.000 TL
Yıldırım / Ertuğrulgazi - 4+2,40.000 TL
Nilüfer / Beşevler - 3+1,40.000 TL
Nilüfer / Ertuğrul - 4+1,42.500 TL
Yıldırım / Duaçınarı - 3+1,41.000 TL
Nilüfer / Ertuğrul - 1+1,42.500 TL
Nilüfer / Ertuğrul - 1+1,42.000 TL
Nilüfer / Merkez - 3+1,41.000 TL
Nilüfer / Merkez - 3+1,41.500 TL
Nilüfer / Ataevler - 2+1,47.000 TL
Nilüfer / Ertuğrul - 3+1,40.000 TL
Nilüfer / Beşevler - 3+1,40.000 TL
Mudanya - 3+1,41.000 TL
Osmangazi / Kovukçınar - 3.5+1,43.500 TL
Nilüfer / Ataevler - 3+1,40.000 TL
Nilüfer / Ertuğrul - 1+1,45.000 TL
Nilüfer / Beşevler - 1+1,41.000 TL
Osmangazi / Çekirge - 2+1,40.000 TL
İnegöl / Alanyurt - 3+1,40.000 TL
Osmangazi - 2.5+1,45.000 TL
Nilüfer / Kayapa - 2+1,40.000 TL
Osmangazi / Çekirge - 4+1,42.000 TL
Gemlik / Umurbey - 6+1,47.500 TL
Yıldırım / Duaçınarı - 4+1,43.000 TL
Nilüfer / Merkez - 4+1,41.000 TL
Mudanya - 5+1,47.500 TL
Nilüfer / Görükle - 3+1,44.250 TL
Nilüfer / Beşevler - 1+1,42.000 TL
Nilüfer / Beşevler - 4+1,42.500 TL
Gemlik - 5+1,44.000 TL
Nilüfer / Ataevler - 3+1,45.000 TL
Nilüfer / Ataevler - 4+1,47.000 TL
Nilüfer / İhsaniye - 2+1,40.000 TL
Nilüfer / Beşevler - 4+1,45.000 TL
Nilüfer / İhsaniye - 3+1,49.500 TL
Nilüfer / İhsaniye - 3+1,43.000 TL
Mudanya - 2+1,40.000 TL
Nilüfer / Ataevler - 3+1,47.500 TL
Nilüfer / Ataevler - 3+1,40.000 TL
Nilüfer / Ataevler - 1+1,46.000 TL
Mudanya / Köyler - 1+1,40.000 TL
Nilüfer / Beşevler - 3+1,43.000 TL
Nilüfer / Beşevler - 1+1,40.000 TL
Nilüfer / Ertuğrul - 2+1,40.000 TL
Mudanya / Köyler - 2+1,45.000 TL
Nilüfer / Ertuğrul - 2+1,43.000 TL
Osmangazi / Çekirge - 3+2,40.000 TL
Nilüfer / Ataevler - 3+1,42.000 TL
Mudanya - 3+1,46.000 TL
Nilüfer / Beşevler - 3+1,45.000 TL
Nilüfer / İhsaniye - 3+1,47.500 TL
Nilüfer / Beşevler - 1+1,42.000 TL
Nilüfer / Ataevler - 3+1,40.000 TL
Nilüfer / Görükle - 3+1,45.000 TL
Nilüfer / Ertuğrul - 3+1,49.000 TL
Nilüfer / Ertuğrul - 2+1,45.000 TL
Nilüfer / Ataevler - 3+1,40.000 TL
Mudanya / Güzelyalı - 2+1,40.000 TL
Nilüfer / Ataevler - 3+1,48.500 TL
Nilüfer / Merkez - 6+1,41.500 TL
Nilüfer / Ertuğrul - 3+1,40.000 TL
Nilüfer / Merkez - 1+1,47.500 TL
Nilüfer / Görükle - 3+1,40.000 TL
Nilüfer / Ataevler - 1+1,46.000 TL
Nilüfer / Beşevler - 1+1,42.000 TL
Osmangazi / Çekirge - 4+1,47.500 TL
Nilüfer / Ataevler - 2+1,48.000 TL
Nilüfer / Merkez - 6+1,42.990 TL
Gemlik - 3+1,45.000 TL
Nilüfer / Beşevler - 1+1,40.000 TL
Nilüfer / Ertuğrul - 4+1,43.000 TL
Nilüfer / Ataevler - 3+1,48.000 TL
Nilüfer / Ataevler - 3+1,46.500 TL
Nilüfer / Ertuğrul - 5+1,45.000 TL
Nilüfer / Ertuğrul - 4+1,45.000 TL
Nilüfer / Merkez - 3+1,42.000 TL
Osmangazi - 3+1,49.000 TL
Nilüfer / Beşevler - 2+1,40.000 TL
Nilüfer / Merkez - 4+1,41.000 TL
Nilüfer / Ertuğrul - 1+1,45.000 TL
Nilüfer / Görükle - 3+1,40.000 TL
Osmangazi - 3+1,45.000 TL
Osmangazi / Bağlarbaşı - 3+1,45.000 TL
Osmangazi - 3+1,40.500 TL
Gemlik / Umurbey - 5+1,44.500 TL
Nilüfer / Ertuğrul - 1+1,47.500 TL
Osmangazi / Çekirge - 4+1,41.000 TL
Nilüfer / Ataevler - 3+1,40.750 TL
Osmangazi - 2+1,41.000 TL
Nilüfer / Ertuğrul - 1+1,40.000 TL
Nilüfer / Ataevler - 2+1,47.500 TL
Nilüfer / Ertuğrul - 4+1,44.000 TL
Nilüfer / Merkez - 3+1,41.000 TL
Nilüfer / Beşevler - 2+1,46.000 TL
Osmangazi - 3+1,40.000 TL
Gemlik / Kurşunlu - 3+1,40.000 TL
Nilüfer / İhsaniye - 3+1,40.000 TL
Nilüfer / Merkez - 3+1,40.000 TL
Nilüfer / Ertuğrul - 3+1,41.500 TL
Nilüfer / Ataevler - 3+1,45.000 TL
Nilüfer / Ertuğrul - 3+1,45.000 TL
Nilüfer / Merkez - 3+1,40.000 TL
Nilüfer / Merkez - 3+1,43.000 TL
Nilüfer / Beşevler - 2+1,45.000 TL
Gemlik - 4+1,40.000 TL
Mudanya - 3+2,42.000 TL
Nilüfer / Merkez - 4+1,50.000 TL
Nilüfer / Ertuğrul - 4+1,52.000 TL
Nilüfer / İhsaniye - 3+1,65.000 TL
Mudanya / Köyler - 5+1,85.000 TL
Nilüfer / Ertuğrul - 2+1,52.500 TL
Nilüfer / Ertuğrul - 3+1,55.000 TL
Mudanya - 3+1,60.000 TL
Nilüfer / Ataevler - 2+1,75.000 TL
Nilüfer / Beşevler - 2+1,50.000 TL
Nilüfer / Ertuğrul - 2+1,51.000 TL
Nilüfer / Ataevler - 5+1,160.000 TL
Nilüfer / İhsaniye - 3+1,50.000 TL
Osmangazi - 3.5+1,60.000 TL
Nilüfer / Ertuğrul - 3+1,52.500 TL
Nilüfer / Ataevler - 4+1,65.000 TL
Nilüfer / Ertuğrul - 4.5+1,65.000 TL
Mudanya / Köyler - 4.5+1,110.000 TL
Nilüfer / Merkez - 3+1,53.000 TL
Gemlik / Umurbey - 3+1,60.000 TL
Nilüfer / Merkez - 3+1,53.000 TL
Nilüfer / Ataevler - 3+1,66.000 TL
Nilüfer / Beşevler - 3+1,65.000 TL
Osmangazi / Köyler - 8+2,140.000 TL
Nilüfer / Merkez - 5+2,90.000 TL
Karacabey / Köyler - 2+1,170.000 TL
Nilüfer / Ataevler - 4+1,61.000 TL
Mudanya - 3.5+1,50.000 TL
Nilüfer / Merkez - 3+1,63.500 TL
Mudanya / Köyler - 5+1,128.000 TL
Mudanya - 2.5+1,55.000 TL
Nilüfer / Merkez - 3.5+1,52.000 TL
Nilüfer / Ertuğrul - 2+1,55.000 TL
Nilüfer / Ataevler - 5+1,65.000 TL
Nilüfer / İhsaniye - 3+1,51.000 TL
Mudanya / Köyler - 3+1,125.000 TL
Nilüfer / Ertuğrul - 5+1,55.000 TL
İnegöl - 4+1,60.000 TL
Nilüfer / İhsaniye - 4+1,75.000 TL
Nilüfer / Ataevler - 3+1,60.000 TL
Mustafakemalpaşa - 6+1,70.000 TL
Nilüfer / Ertuğrul - 4+1,55.000 TL
Nilüfer / Ertuğrul - 3.5+1,52.000 TL
Nilüfer / Beşevler - 2+1,65.000 TL
Nilüfer / Ertuğrul - 4+1,88.500 TL
Nilüfer / Beşevler - 4+1,60.000 TL
Nilüfer / İhsaniye - 4+1,65.000 TL
Nilüfer / Ataevler - 3+1,50.000 TL
Nilüfer / Ataevler - 4+1,110.000 TL
Gemlik / Umurbey - 6+1,70.000 TL
Osmangazi / Ovaakça - 4+1,70.000 TL
Nilüfer / Ertuğrul - 2+1,65.000 TL
Mudanya / Güzelyalı - 4+1,55.000 TL
Nilüfer / Ataevler - 3+1,60.000 TL
Nilüfer / Beşevler - 5+1,50.000 TL
Nilüfer / Ataevler - 3+1,57.500 TL
Nilüfer / Ataevler - 4+1,110.000 TL
Gemlik / Kurşunlu - 3+1,55.000 TL
Nilüfer / Ataevler - 3+1,98.000 TL
Mudanya / Güzelyalı - 3+1,50.000 TL
Nilüfer / Ataevler - 4+1,95.000 TL
Osmangazi - 4+1,63.000 TL
Nilüfer / Ataevler - 4+1,120.000 TL
Osmangazi / Çekirge - 4+0,185.000 TL
Nilüfer / Beşevler - 4+1,155.000 TL
Osmangazi / Emek - 4+1,55.000 TL
Nilüfer / Beşevler - 3+2,85.000 TL
Nilüfer / Merkez - 3+1,50.000 TL
Nilüfer / Ertuğrul - 4+1,90.000 TL
Nilüfer / Ataevler - 5+1,68.000 TL
Nilüfer / Beşevler - 3.5+1,55.500 TL
Nilüfer / Köyler - 3+1,62.000 TL
Osmangazi / Bağlarbaşı - 3+1,50.000 TL
Nilüfer / Ataevler - 3+1,55.000 TL
Gemlik / Kurşunlu - 2+1,55.000 TL
Nilüfer / Merkez - 3+1,60.000 TL
Nilüfer / Beşevler - 3.5+1,53.000 TL
Nilüfer / Beşevler - 3+1,55.000 TL
Nilüfer / Merkez - 3+1,70.000 TL
Nilüfer / Ataevler - 3+1,60.000 TL
Osmangazi - 4+1,90.000 TL
Nilüfer / Ertuğrul - 3+1,50.000 TL
Nilüfer / Beşevler - 3.5+1,65.000 TL
Nilüfer / Ertuğrul - 4+1,60.000 TL
Nilüfer / İhsaniye - 3+1,55.000 TL
Nilüfer / Kayapa - 4+1,65.000 TL
Osmangazi - 4+1,60.000 TL
Nilüfer / Merkez - 4.5+1,78.000 TL
Nilüfer / İhsaniye - 4+1,65.000 TL
Gemlik / Köyler - 3+1,55.000 TL
Nilüfer / Beşevler - 4+1,67.500 TL
Nilüfer / Beşevler - 6+1,72.000 TL
Nilüfer / Ertuğrul - 3+1,75.000 TL
Nilüfer / Ataevler - 4+1,65.000 TL
Nilüfer / Ataevler - 3+1,51.000 TL
Nilüfer / Ataevler - 3+1,60.000 TL
Nilüfer / Ataevler - 4+1,125.000 TL
Nilüfer / Ataevler - 3.5+1,60.000 TL
Nilüfer / Ataevler - 4+1,50.000 TL
Nilüfer / Beşevler - 4+1,55.000 TL
Nilüfer / Beşevler - 2+1,75.000 TL
Nilüfer / Ataevler - 3.5+1,72.000 TL
Mudanya - 3+1,55.000 TL
Nilüfer / Beşevler - 3+1,56.000 TL
Nilüfer / Ataevler - 4+1,61.000 TL
Nilüfer / Görükle - 5+2,52.000 TL
Nilüfer / Ataevler - 4+1,79.000 TL
Gemlik - 3+1,60.000 TL
Nilüfer / Merkez - 1+1,53.000 TL
Nilüfer / Merkez - 4+1,50.000 TL
Nilüfer / Beşevler - 4+1,105.000 TL
Nilüfer / Merkez - 3+1,51.500 TL
Nilüfer / Ertuğrul - 2+1,50.000 TL
Nilüfer / Ataevler - 4+1,97.000 TL
Nilüfer / Beşevler - 3+1,52.000 TL
Nilüfer / Ertuğrul - 1+1,65.000 TL
Nilüfer / Ataevler - 3+1,65.000 TL
Mudanya - 4+1,55.000 TL
Nilüfer / Ataevler - 5+2,85.000 TL
Nilüfer / Ataevler - 2.5+1,65.000 TL
Nilüfer / Beşevler - 5+1,105.000 TL
Mudanya / Köyler - 4+1,125.000 TL
Nilüfer / Beşevler - 2+1,50.000 TL
Nilüfer / Ataevler - 4+1,85.000 TL
Nilüfer / Ataevler - 3+1,55.000 TL
Nilüfer / Kayapa - 3+1,65.000 TL
Nilüfer / İhsaniye - 3+1,65.000 TL
Nilüfer / Beşevler - 5+1,165.000 TL
Nilüfer / Beşevler - 4+1,80.000 TL
Nilüfer / Ataevler - 4+1,68.000 TL
Osmangazi / Emek - 3+1,65.000 TL
Orhangazi / Köyler - 4+1,220.000 TL
Nilüfer / Beşevler - 4+1,51.500 TL
Nilüfer / Ertuğrul - 4+1,75.000 TL
Nilüfer / Ataevler - 3+1,85.000 TL
Nilüfer / Ataevler - 3+1,75.000 TL
Nilüfer / Ataevler - 4+1,51.500 TL
Nilüfer / Beşevler - 2+1,60.000 TL
Nilüfer / Ertuğrul - 5+1,100.000 TL
Nilüfer / Ertuğrul - 5+1,50.000 TL
Mudanya / Köyler - 5+2,97.500 TL
Nilüfer / İhsaniye - 4+1,75.000 TL
Nilüfer / Merkez - 3+1,62.000 TL
Nilüfer / Ataevler - 6+1,85.000 TL
Nilüfer / Ataevler - 4+1,165.000 TL
Nilüfer / Beşevler - 4+1,60.000 TL
Nilüfer / Merkez - 6+1,55.000 TL
Gemlik / Umurbey - 4+1,95.000 TL
Nilüfer / Beşevler - 3+1,52.000 TL
Mudanya / Köyler - 6+2,90.000 TL
Nilüfer / Ataevler - 2+1,60.000 TL
Nilüfer / Merkez - 3+1,125.000 TL
Nilüfer / Beşevler - 4+1,97.000 TL
Nilüfer / Ertuğrul - 4+1,85.000 TL
Osmangazi / Çekirge - 4+2,125.000 TL
İnegöl / Alanyurt - 2+1,60.000 TL
Osmangazi - 5+1,100.000 TL
Nilüfer / Merkez - 4+1,50.000 TL
Nilüfer / Beşevler - 3+1,55.500 TL
Nilüfer / Beşevler - 2+1,53.000 TL
Nilüfer / Beşevler - 4+1,50.000 TL
Mudanya - 3+1,55.000 TL
Gemlik - 10 Üzeri,180.000 TL
Nilüfer / Beşevler - 4+1,60.000 TL
Nilüfer / Beşevler - 3+1,65.000 TL
Osmangazi / Çekirge - 5+2,67.000 TL
Mudanya - 3+1,55.000 TL
Mudanya / Güzelyalı - 3+2,57.000 TL
Nilüfer / Beşevler - 4+2,75.000 TL
Mudanya - 4+1,50.000 TL
Mudanya / Köyler - 4+2,75.000 TL
Nilüfer / Ataevler - 4+1,65.000 TL
Osmangazi / Emek - 4+1,61.500 TL
Nilüfer / İhsaniye - 4+1,100.000 TL
Nilüfer / Ataevler - 3+1,85.000 TL
Nilüfer / Ertuğrul - 3+1,52.000 TL
Nilüfer / Beşevler - 2+1,53.000 TL
Nilüfer / Ataevler - 3+1,85.000 TL
Nilüfer / İhsaniye - 6+1,56.000 TL
Mudanya - 4+2,55.000 TL
Nilüfer / Ataevler - 4+1,80.000 TL
Nilüfer / Ataevler - 4+1,50.000 TL
Nilüfer / Beşevler - 4+1,55.500 TL
Nilüfer / Ataevler - 3+1,50.000 TL
Nilüfer / İhsaniye - 5+1,75.000 TL
Mudanya / Köyler - 3+1,125.000 TL
Nilüfer / Ataevler - 4+1,135.000 TL
Nilüfer / Beşevler - 4+1,110.000 TL
Nilüfer / Merkez - 3+1,50.000 TL
Nilüfer / Ertuğrul - 3+1,50.000 TL
Nilüfer / Ertuğrul - 4+1,50.000 TL
Nilüfer / Ataevler - 3+1,60.000 TL
Osmangazi - 4+1,75.000 TL
Nilüfer / Ataevler - 3+1,52.000 TL
Nilüfer / Merkez - 3+1,50.000 TL
Nilüfer / Ataevler - 4+1,160.000 TL
Nilüfer / Ataevler - 3+1,58.000 TL
Mudanya / Köyler - 5+1,100.000 TL
Osmangazi / Köyler - 6+1,88.000 TL
Nilüfer / Ataevler - 3+1,70.000 TL
Nilüfer / Ataevler - 3+1,50.000 TL
Nilüfer / Akçalar - 6+1,110.000 TL
Osmangazi / Demirtaş - 4+1,62.000 TL
Nilüfer / Merkez - 6+1,70.000 TL
Nilüfer / Beşevler - 4+1,50.000 TL
Nilüfer / Merkez - 1+1,52.500 TL
Nilüfer / Ertuğrul - 4+1,55.000 TL
Nilüfer / Ataevler - 4+1,50.000 TL
Nilüfer / Merkez - 3+1,65.000 TL
Nilüfer / Beşevler - 2+1,52.000 TL
Nilüfer / Beşevler - 2+1,60.000 TL
Yıldırım / Ertuğrulgazi - 4+1,50.000 TL
Nilüfer / Ataevler - 4+1,155.000 TL
İnegöl - 3+1,50.000 TL
Nilüfer / Beşevler - 4+1,60.000 TL
Nilüfer / Beşevler - 5+1,70.500 TL
Nilüfer / Ataevler - 5+1,62.000 TL
Mudanya - 2+1,55.000 TL
Mudanya / Köyler - 3+1,110.000 TL
Nilüfer / Merkez - 3+1,52.000 TL
Mudanya - 5+1,55.000 TL
Nilüfer / Ataevler - 3+1,55.000 TL
Nilüfer / Ataevler - 3.5+1,50.000 TL
Mudanya / Köyler - 4+1,70.000 TL
Nilüfer / Ataevler - 4+1,84.000 TL
Mudanya / Köyler - 4+3,51.000 TL
Mudanya / Köyler - 2+1,85.000 TL
Nilüfer / Ataevler - 4+1,65.000 TL
Nilüfer / Ertuğrul - 5+1,50.000 TL
Mudanya / Köyler - 5+2,175.000 TL
İnegöl - 6+1,70.000 TL
Mudanya - 4.5+2,78.000 TL
Nilüfer / Beşevler - 5+2,112.000 TL
Nilüfer / Ataevler - 4+1,70.000 TL
Mudanya / Köyler - 5+1,85.000 TL
Mudanya - 4+2,50.000 TL
Nilüfer / Ertuğrul - 4+1,95.000 TL
Nilüfer / Beşevler - 4+1,75.000 TL
Nilüfer / Beşevler - 3+1,57.000 TL
Nilüfer / Ataevler - 4+1,55.000 TL
Osmangazi / Bağlarbaşı - 3+2,50.000 TL
Mudanya / Köyler - 2+1,52.500 TL
Nilüfer / Ertuğrul - 5+2,165.000 TL
Nilüfer / Beşevler - 3+1,50.000 TL
Mudanya / Köyler - 4.5+1,70.000 TL
Osmangazi / Köyler - 4+1,80.000 TL
Osmangazi / Köyler - 4.5+1,160.000 TL
Nilüfer / Ataevler - 4+1,55.000 TL
Nilüfer / Beşevler - 3+1,195.000 TL
Nilüfer / Ertuğrul - 2+1,55.000 TL
Nilüfer / Ertuğrul - 2+1,65.000 TL
Nilüfer / İhsaniye - 3+1,65.000 TL
Nilüfer / Ataevler - 3+1,65.000 TL
Nilüfer / Ertuğrul - 3+1,50.000 TL
Nilüfer / Ertuğrul - 2+1,55.000 TL
Nilüfer / Beşevler - 2+1,50.000 TL
Nilüfer / Ertuğrul - 2+1,55.000 TL
Nilüfer / Merkez - 3+1,70.000 TL
Mudanya - 4+1,50.000 TL
Mudanya / Güzelyalı - 3+1,50.000 TL
Nilüfer / Ataevler - 3+1,60.000 TL
Mudanya / Köyler - 5+1,90.000 TL
Mudanya / Köyler - 6+2,125.000 TL
Nilüfer / Beşevler - 6+1,75.000 TL
Nilüfer / Merkez - 4+1,67.500 TL
Nilüfer / Ataevler - 3+1,80.000 TL
Nilüfer / Ataevler - 3+1,57.500 TL
Nilüfer / Beşevler - 3+1,60.000 TL
Nilüfer / Ataevler - 4+1,50.000 TL
Nilüfer / Ertuğrul - 4.5+1,62.000 TL
Gemlik / Kurşunlu - 3+1,660.000 TL
Nilüfer / Ertuğrul - 3+1,55.000 TL
Nilüfer / Beşevler - 2+1,55.000 TL
Nilüfer / Ataevler - 3+1,80.000 TL
Nilüfer / Beşevler - 5+1,97.500 TL
Nilüfer / Ertuğrul - 2+1,70.000 TL
Nilüfer / Ertuğrul - 4.5+1,72.000 TL
Nilüfer / Ertuğrul - 2+1,51.000 TL
Nilüfer / Beşevler - 3+1,53.750 TL
Osmangazi / Emek - 3+1,52.000 TL
Nilüfer / Merkez - 3+1,51.000 TL
Nilüfer / Merkez - 4+1,74.500 TL
Nilüfer / Ataevler - 5+1,50.000 TL
Nilüfer / Ataevler - 2+1,52.500 TL
Nilüfer / Merkez - 5+2,70.000 TL
Mudanya / Köyler - 3+1,90.000 TL
Nilüfer / Ataevler - 4+1,65.000 TL
Mudanya / Köyler - 4+1,130.000 TL
Nilüfer / Ertuğrul - 5+1,50.000 TL
Nilüfer / Ataevler - 4+1,50.000 TL
Nilüfer / İhsaniye - 3+1,55.000 TL
Nilüfer / Ataevler - 3+1,57.000 TL
Nilüfer / Ataevler - 3+1,55.000 TL
Nilüfer / Ertuğrul - 4.5+1,70.000 TL
Mudanya - 3+2,50.000 TL
Osmangazi / Çekirge - 4+2,95.000 TL
Nilüfer / Ataevler - 3.5+1,85.000 TL
Gemlik / Umurbey - 5+1,80.000 TL
Mudanya - 2+2,55.000 TL
Nilüfer / Ertuğrul - 3+1,68.000 TL
Mudanya - 5+1,70.000 TL
Mudanya / Köyler - 4+1,175.000 TL
Nilüfer / Beşevler - 3+1,55.000 TL
Gemlik / Umurbey - 4.5+1,72.000 TL
Nilüfer / Beşevler - 4+1,68.000 TL
Osmangazi / Köyler - 3+1,85.000 TL
Nilüfer / Ertuğrul - 3+1,50.000 TL
Orhaneli / Köyler - 3+0,2.275.000 TL
Nilüfer / Ataevler - 2+1,50.000 TL
Mudanya / Köyler - 6+2,80.000 TL
Nilüfer / Beşevler - 3+1,50.000 TL
Nilüfer / Ataevler - 3+1,50.000 TL
Mudanya / Köyler - 6+2,80.000 TL
Nilüfer / Beşevler - 4+1,70.000 TL
Nilüfer / Beşevler - 4+1,65.950 TL
Nilüfer / Ertuğrul - 3+1,60.000 TL
Nilüfer / Ataevler - 4+1,140.000 TL
Osmangazi / Emek - 4+1,57.500 TL
Nilüfer / Ertuğrul - 5+1,55.500 TL
Mudanya - 3+1,85.000 TL
Nilüfer / Merkez - 3+1,59.000 TL
Nilüfer / Beşevler - 6+2,70.000 TL
Nilüfer / Ataevler - 2+1,56.000 TL
Nilüfer / Ertuğrul - 3+1,68.500 TL
Mudanya - 4+1,65.000 TL
Nilüfer / Beşevler - 4+1,150.000 TL
Nilüfer / Ataevler - 4+1,100.000 TL
Mudanya / Köyler - 4+1,150.000 TL
Nilüfer / Merkez - 6+1,56.000 TL
Gemlik - 6+1,50.000 TL
Mudanya / Köyler - 5.5+1,110.000 TL
Nilüfer / Beşevler - 4+2,125.000 TL
Mudanya / Köyler - 5+2,100.000 TL
Nilüfer / Beşevler - 4+1,70.000 TL
Nilüfer / Ataevler - 4+1,66.000 TL
Nilüfer / Merkez - 4+1,50.900 TL
Nilüfer / Ataevler - 3.5+1,75.000 TL
Mudanya - 3+1,60.000 TL
Mudanya - 3+1,52.500 TL
Nilüfer / Ataevler - 3.5+1,75.000 TL
Nilüfer / Ertuğrul - 3.5+1,55.500 TL
Gemlik / Kurşunlu - 5+2,75.000 TL
Nilüfer / Görükle - 4+1,50.000 TL
Nilüfer / Beşevler - 5+1,60.000 TL
Nilüfer / Beşevler - 1+1,80.000 TL
Nilüfer / Merkez - 4+1,78.000 TL
Mudanya - 3+1,57.000 TL
Nilüfer / Ataevler - 3+1,68.000 TL
Nilüfer / Ertuğrul - 3+1,55.000 TL
Nilüfer / Ataevler - 2+1,51.500 TL
Nilüfer / Ertuğrul - 4+1,55.000 TL
Nilüfer / Ertuğrul - 5+1,62.500 TL
Mudanya / Köyler - 7+2,110.000 TL
Nilüfer / Ataevler - 4+1,165.000 TL
Mudanya - 3+1,60.000 TL
Nilüfer / Ataevler - 3+1,55.000 TL
Nilüfer / Görükle - 8+1,85.000 TL
Nilüfer / Merkez - 3+1,61.500 TL
Nilüfer / Beşevler - 4+1,115.000 TL
Nilüfer / Ataevler - 7+2,150.000 TL
Gemlik - 4+1,55.000 TL
Nilüfer / Ataevler - 3+1,75.000 TL
Mudanya / Köyler - 6+1,80.000 TL
Nilüfer / Beşevler - 3+1,55.000 TL
Nilüfer / İhsaniye - 3+1,52.000 TL
Nilüfer / Ataevler - 3.5+1,95.000 TL
Nilüfer / Ataevler - 3+1,70.000 TL
Mudanya / Güzelyalı - 4+3,75.000 TL
Nilüfer / Ataevler - 3.5+1,75.000 TL
Nilüfer / Ertuğrul - 2+1,60.000 TL
Nilüfer / Ataevler - 5+1,65.000 TL
Mudanya / Köyler - 7+2,170.000 TL
Nilüfer / Ertuğrul - 2+1,50.000 TL
Nilüfer / Ataevler - 4+1,50.000 TL
Mudanya / Köyler - 8+2,120.000 TL
Nilüfer / Beşevler - 4+1,50.000 TL
Nilüfer / Köyler - 1+1,50.000 TL
Nilüfer / Beşevler - 2+1,59.000 TL
Nilüfer / Ataevler - 4+1,60.000 TL
Nilüfer / Beşevler - 5+1,70.000 TL
Nilüfer / Beşevler - 6+1,175.000 TL
Nilüfer / Beşevler - 2+1,52.000 TL
Mudanya / Köyler - 6+2,160.000 TL
Osmangazi / Emek - 3+1,57.000 TL
Gemlik / Kurşunlu - 2+1,160.000 TL
Nilüfer / İhsaniye - 6+1,61.000 TL
Nilüfer / İhsaniye - 2+1,54.000 TL
